--------------------------------------------------------------------------------------------------------------------------------------------
                      (1)             (2)             (3)             (4)             (5)             (6)             (7)             (8)   
             avwage_bac~d    avwage_pre~t    pop_backward     pop_predict    wagebill_b~d    wagebill_p~t    wageemp_ba~d    wageemp_pr~t   
--------------------------------------------------------------------------------------------------------------------------------------------
lnbh01diff~e       0.0922          0.0162        -0.00210         -0.0861         -0.0726          -0.122          -0.105          -0.114   
                   (1.29)          (0.26)         (-0.03)         (-1.42)         (-0.48)         (-0.82)         (-0.86)         (-0.93)   

stpr_fac1          0.0178         -0.0528         -0.0641          -0.108**        -0.141          -0.286***       -0.153*         -0.248***
                   (0.44)         (-1.51)         (-1.87)         (-3.19)         (-1.67)         (-3.45)         (-2.23)         (-3.63)   

stpr_fac2          0.0291         -0.0127         -0.0245         -0.0600*        -0.0507          -0.143*        -0.0559          -0.127*  
                   (0.83)         (-0.42)         (-0.82)         (-2.02)         (-0.69)         (-1.98)         (-0.93)         (-2.13)   

stpr_fac3         -0.0212         -0.0327         -0.0546         -0.0368          -0.200*        -0.0325          -0.156         -0.0450   
                  (-0.45)         (-0.79)         (-1.34)         (-0.91)         (-2.00)         (-0.33)         (-1.91)         (-0.56)   

stpr_fac4          0.0104         -0.0165         -0.0155         -0.0246          -0.107         -0.0171         -0.0863         0.00923   
                   (0.26)         (-0.47)         (-0.45)         (-0.72)         (-1.26)         (-0.21)         (-1.25)          (0.13)   

stpr_fac5          0.0185        -0.00711          0.0299          -0.108**        -0.190          -0.334**        -0.188*         -0.300***
                   (0.38)         (-0.17)          (0.71)         (-2.61)         (-1.84)         (-3.29)         (-2.24)         (-3.58)   

stpr_fac6           0.197**       -0.0464         -0.0256         0.00777         -0.0787          -0.185         -0.0817          -0.200   
                   (2.98)         (-0.81)         (-0.45)          (0.14)         (-0.57)         (-1.35)         (-0.72)         (-1.77)   

stpr_fac7          0.0378         -0.0408         -0.0827*        -0.0215         -0.0429         -0.0628        -0.00901         0.00728   
                   (0.86)         (-1.07)         (-2.20)         (-0.58)         (-0.47)         (-0.69)         (-0.12)          (0.10)   

stpr_fac8          0.0349         0.00819          0.0418         -0.0478          -0.105          -0.268**        -0.117          -0.281***
                   (0.75)          (0.20)          (1.04)         (-1.20)         (-1.07)         (-2.77)         (-1.46)         (-3.53)   

stpr_fac9          0.0370         -0.0436         -0.0529         -0.0761*        -0.0205         -0.0131         -0.0327          0.0164   
                   (0.94)         (-1.27)         (-1.56)         (-2.27)         (-0.25)         (-0.16)         (-0.48)          (0.24)   

stpr_fac10         0.0693         -0.0136         -0.0890*        -0.0911*        -0.0406         0.00263         -0.0642         -0.0443   
                   (1.49)         (-0.34)         (-2.24)         (-2.32)         (-0.42)          (0.03)         (-0.81)         (-0.56)   

stpr_fac11         0.0686          0.0286        -0.00203         -0.0820*        -0.0607          -0.145         -0.0947          -0.153*  
                   (1.70)          (0.81)         (-0.06)         (-2.40)         (-0.72)         (-1.74)         (-1.37)         (-2.22)   

stpr_fac12         0.0979*        -0.0150          0.0195        -0.00179          -0.127         -0.0968          -0.133*        -0.0706   
                   (2.52)         (-0.45)          (0.59)         (-0.05)         (-1.56)         (-1.21)         (-2.01)         (-1.07)   

stpr_fac13         0.0999*         0.0536         -0.0908*         -0.167***      -0.0801         -0.0988         -0.0934          -0.170*  
                   (2.05)          (1.26)         (-2.17)         (-4.04)         (-0.78)         (-0.98)         (-1.12)         (-2.05)   

stpr_fac14          0.104         -0.0155         -0.0185         -0.0476          0.0900          -0.133          0.0197         -0.0908   
                   (1.85)         (-0.32)         (-0.38)         (-1.00)          (0.76)         (-1.15)          (0.20)         (-0.95)   

stpr_fac15         0.0515          0.0508         -0.0544         -0.0438           0.161          0.0814           0.126          0.0242   
                   (0.91)          (1.03)         (-1.12)         (-0.91)          (1.35)          (0.69)          (1.29)          (0.25)   

stpr_fac16         0.0567          0.0212         -0.0853*        -0.0668         -0.0435         -0.0837         -0.0747          -0.149   
                   (1.27)          (0.55)         (-2.24)         (-1.77)         (-0.46)         (-0.91)         (-0.98)         (-1.96)   

stpr_fac17         0.0478         -0.0253          0.0165          0.0159           0.100         -0.0335          0.0611         -0.0120   
                   (1.03)         (-0.63)          (0.42)          (0.41)          (1.03)         (-0.35)          (0.77)         (-0.15)   

stpr_fac18         0.0184         -0.0268          0.0527        -0.00173          0.0182          -0.159          0.0137          -0.148   
                   (0.41)         (-0.69)          (1.37)         (-0.05)          (0.19)         (-1.71)          (0.18)         (-1.94)   

stpr_fac19        -0.0164        -0.00311          0.0136        -0.00375          0.0840          0.0591          0.0828          0.0450   
                  (-0.28)         (-0.06)          (0.27)         (-0.08)          (0.68)          (0.48)          (0.82)          (0.45)   

stpr_fac20         0.0106         -0.0109          0.0704        -0.00266          0.0463         -0.0360          0.0529         -0.0451   
                   (0.25)         (-0.30)          (1.94)         (-0.07)          (0.52)         (-0.41)          (0.73)         (-0.63)   

stpr_fac21         0.0454         -0.0620           0.100**       -0.0422          0.0571          -0.180*         0.0365          -0.108   
                   (1.07)         (-1.68)          (2.76)         (-1.17)          (0.64)         (-2.06)          (0.50)         (-1.49)   

stpr_fac22         0.0472         -0.0482         0.00109         -0.0143         -0.0308         -0.0986         -0.0717         -0.0733   
                   (1.05)         (-1.23)          (0.03)         (-0.38)         (-0.33)         (-1.06)         (-0.93)         (-0.96)   

stpr_fac23         0.0633       -0.000818         -0.0326         -0.0239         0.00488         -0.0265          0.0556         -0.0228   
                   (1.07)         (-0.02)         (-0.65)         (-0.48)          (0.04)         (-0.22)          (0.55)         (-0.23)   

stpr_fac24       -0.00510         -0.0721         -0.0344          0.0226         -0.0365          -0.116         -0.0280         -0.0675   
                  (-0.09)         (-1.46)         (-0.71)          (0.47)         (-0.31)         (-0.99)         (-0.29)         (-0.70)   

stpr_fac25         0.0313         -0.0399          0.0284          0.0356         -0.0212          0.0123         -0.0227         0.00561   
                   (0.60)         (-0.87)          (0.63)          (0.80)         (-0.19)          (0.11)         (-0.25)          (0.06)   

stpr_fac26          0.120          0.0548          0.0207         -0.0167           0.128         0.00595          0.0758        -0.00737   
                   (1.62)          (0.85)          (0.33)         (-0.26)          (0.82)          (0.04)          (0.60)         (-0.06)   

o.stpr_fac27            0               0               0               0               0               0               0               0   
                      (.)             (.)             (.)             (.)             (.)             (.)             (.)             (.)   

stpr_fac28         0.0476         0.00515         -0.0196         0.00863         -0.0638          0.0238         -0.0758          0.0242   
                   (1.27)          (0.16)         (-0.61)          (0.27)         (-0.81)          (0.31)         (-1.19)          (0.38)   

stpr_fac29         0.0234          0.0339          0.0105         -0.0553           0.144          0.0206          0.0757        -0.00363   
                   (0.54)          (0.90)          (0.28)         (-1.50)          (1.57)          (0.23)          (1.02)         (-0.05)   

stpr_fac30         0.0327         -0.0164        -0.00535         -0.0151        -0.00285         0.00524         -0.0172         0.00839   
                   (0.84)         (-0.49)         (-0.16)         (-0.46)         (-0.04)          (0.07)         (-0.26)          (0.13)   

stpr_fac31         0.0513         -0.0212          0.0353         0.00672          0.0639         -0.0427          0.0346         -0.0333   
                   (1.24)         (-0.59)          (0.99)          (0.19)          (0.73)         (-0.50)          (0.49)         (-0.47)   

stpr_fac32        0.00825         -0.0210         -0.0408         -0.0525         -0.0394         -0.0557         -0.0988         -0.0422   
                   (0.19)         (-0.54)         (-1.08)         (-1.40)         (-0.42)         (-0.61)         (-1.31)         (-0.56)   

stpr_fac33        -0.0176         0.00348          0.0328          0.0130         -0.0891        -0.00640         -0.0930         -0.0283   
                  (-0.27)          (0.06)          (0.59)          (0.23)         (-0.65)         (-0.05)         (-0.83)         (-0.25)   

stpr_fac34        -0.0118          0.0392          0.0193          0.0414         0.00318          0.0541         -0.0383          0.0317   
                  (-0.28)          (1.07)          (0.54)          (1.16)          (0.04)          (0.62)         (-0.53)          (0.44)   

stpr_fac35         0.0534         0.00112         -0.0347          -0.113**       -0.0121          -0.195*        -0.0826          -0.209** 
                   (1.21)          (0.03)         (-0.92)         (-3.03)         (-0.13)         (-2.14)         (-1.10)         (-2.78)   

stpr_fac36         0.0485          0.0114        -0.00795         -0.0434         -0.0464          -0.116          -0.143*         -0.130   
                   (1.19)          (0.32)         (-0.23)         (-1.25)         (-0.54)         (-1.38)         (-2.05)         (-1.87)   

stpr_fac37        0.00285         -0.0803*        -0.0648         -0.0693          -0.150          -0.283**        -0.183*         -0.188*  
                   (0.06)         (-2.06)         (-1.69)         (-1.83)         (-1.60)         (-3.06)         (-2.39)         (-2.46)   

stpr_fac38         0.0155         0.00900         -0.0235         -0.0458          0.0625          0.0990          0.0125          0.0449   
                   (0.43)          (0.29)         (-0.76)         (-1.50)          (0.83)          (1.33)          (0.20)          (0.73)   

stpr_fac39         0.0555          0.0359         -0.0190         -0.0686*       -0.00927          0.0181         -0.0325         0.00285   
                   (1.44)          (1.07)         (-0.58)         (-2.11)         (-0.11)          (0.23)         (-0.49)          (0.04)   

stpr_fac40         0.0520          0.0184         -0.0561         -0.0790*          0.153          0.0331          0.0163          0.0235   
                   (1.27)          (0.52)         (-1.60)         (-2.28)          (1.77)          (0.39)          (0.23)          (0.34)   

stpr_fac41         0.0349         -0.0190         -0.0511         -0.0802**        0.0827         -0.0420          0.0611         -0.0251   
                   (0.99)         (-0.62)         (-1.70)         (-2.70)          (1.12)         (-0.58)          (1.02)         (-0.42)   

stpr_fac42         0.0355          0.0174          0.0108         -0.0416           0.132        0.000679          0.0623         -0.0118   
                   (0.89)          (0.50)          (0.32)         (-1.23)          (1.58)          (0.01)          (0.92)         (-0.17)   

stpr_fac43          0.105**       -0.0151         -0.0478         -0.0417         -0.0797         -0.0790          -0.110         -0.0978   
                   (2.68)         (-0.45)         (-1.43)         (-1.26)         (-0.97)         (-0.98)         (-1.65)         (-1.47)   

stpr_fac44         0.0470         -0.0204          0.0130         -0.0212           0.109          0.0282          0.0458          0.0408   
                   (1.12)         (-0.56)          (0.36)         (-0.60)          (1.24)          (0.33)          (0.64)          (0.57)   

stpr_fac45         0.0903*        -0.0185          0.0139         -0.0236          0.0682         -0.0318         0.00144         -0.0442   
                   (2.37)         (-0.56)          (0.43)         (-0.73)          (0.85)         (-0.40)          (0.02)         (-0.68)   

stpr_fac46         0.0715        -0.00985         -0.0192         -0.0496         -0.0670          -0.132         -0.0947         -0.0858   
                   (1.96)         (-0.31)         (-0.61)         (-1.61)         (-0.87)         (-1.76)         (-1.52)         (-1.38)   

stpr_fac47        -0.0259        0.000859         -0.0129         -0.0404       -0.000107         -0.0686        0.000619         -0.0403   
                  (-0.66)          (0.03)         (-0.38)         (-1.22)         (-0.00)         (-0.85)          (0.01)         (-0.60)   

stpr_fac48         0.0588        -0.00197         -0.0449         -0.0670*         0.0563          -0.107          0.0717          -0.131*  
                   (1.50)         (-0.06)         (-1.34)         (-2.02)          (0.68)         (-1.32)          (1.07)         (-1.96)   

stpr_fac49        -0.0359          0.0816*         -0.167***       -0.187***       -0.224*         -0.165          -0.154*         -0.188*  
                  (-0.78)          (2.04)         (-4.24)         (-4.80)         (-2.32)         (-1.73)         (-1.97)         (-2.40)   

stpr_fac50         0.0816         -0.0271         -0.0359         -0.0450           0.215*        -0.0667           0.142         -0.0256   
                   (1.69)         (-0.64)         (-0.87)         (-1.10)          (2.12)         (-0.67)          (1.72)         (-0.31)   

stpr_fac51         0.0183          0.0113         -0.0354         -0.0685*         0.0341          -0.111          0.0149         -0.0643   
                   (0.49)          (0.35)         (-1.10)         (-2.15)          (0.43)         (-1.44)          (0.23)         (-1.01)   

stpr_fac52         0.0420         -0.0366         -0.0208         -0.0626*        -0.0413          -0.119         -0.0825          -0.124*  
                   (1.18)         (-1.19)         (-0.69)         (-2.08)         (-0.55)         (-1.63)         (-1.36)         (-2.05)   

stpr_fac53         0.0218         -0.0258         -0.0293         -0.0307         -0.0265         -0.0358         -0.0595         -0.0271   
                   (0.46)         (-0.63)         (-0.72)         (-0.77)         (-0.27)         (-0.37)         (-0.74)         (-0.34)   

stpr_fac54         0.0125         -0.0295        -0.00166          -0.142***       -0.108          -0.379***       -0.115          -0.323***
                   (0.27)         (-0.72)         (-0.04)         (-3.56)         (-1.10)         (-3.90)         (-1.43)         (-4.03)   

stpr_fac55         0.0505         -0.0130        -0.00973         -0.0415         -0.0770         -0.0598          -0.105         -0.0578   
                   (1.32)         (-0.39)         (-0.30)         (-1.28)         (-0.96)         (-0.76)         (-1.62)         (-0.89)   

stpr_fac56         0.0344         0.00388         -0.0635*        -0.0785**       -0.0309          -0.131         -0.0366          -0.148*  
                   (0.98)          (0.13)         (-2.12)         (-2.65)         (-0.42)         (-1.81)         (-0.61)         (-2.49)   

stpr_fac57         0.0535         -0.0396         -0.0250          -0.119**        -0.163         -0.0277          -0.116         -0.0633   
                   (1.05)         (-0.90)         (-0.58)         (-2.76)         (-1.53)         (-0.26)         (-1.33)         (-0.73)   

stpr_fac58         0.0262         -0.0994*        0.00918          0.0181         -0.0613         -0.0674          0.0183          -0.105   
                   (0.45)         (-1.97)          (0.18)          (0.37)         (-0.50)         (-0.56)          (0.18)         (-1.06)   

stpr_fac59         0.0359          0.0107         -0.0437         -0.0163         -0.0686       -0.000635         -0.0557         -0.0863   
                   (0.85)          (0.29)         (-1.22)         (-0.46)         (-0.78)         (-0.01)         (-0.78)         (-1.21)   

stpr_fac60         0.0521          0.0333         -0.0244         -0.0776*        -0.0425         -0.0891         -0.0504          -0.120   
                   (1.30)          (0.95)         (-0.71)         (-2.29)         (-0.50)         (-1.08)         (-0.74)         (-1.76)   

stpr_fac61       -0.00784         0.00966         -0.0173         -0.0683         0.00427         -0.0738         -0.0563         -0.0393   
                  (-0.17)          (0.24)         (-0.43)         (-1.71)          (0.04)         (-0.76)         (-0.70)         (-0.49)   

stpr_fac62         0.0481         0.00393         0.00744         -0.0146          0.0887        -0.00191          0.0275         -0.0324   
                   (1.12)          (0.11)          (0.20)         (-0.40)          (0.98)         (-0.02)          (0.37)         (-0.44)   

stpr_fac63         -0.140**        0.0973*         -0.161***       -0.111**        0.0300         -0.0538         -0.0184         -0.0671   
                  (-3.21)          (2.58)         (-4.32)         (-3.01)          (0.33)         (-0.60)         (-0.25)         (-0.91)   

stpr_fac64        -0.0379         -0.0131         -0.0617         -0.0589           0.202          0.0944           0.155          0.0341   
                  (-0.61)         (-0.24)         (-1.16)         (-1.12)          (1.55)          (0.73)          (1.46)          (0.32)   

stpr_fac65         0.0301         -0.0621         -0.0410         -0.0598           0.153         -0.0306          0.0581          0.0204   
                   (0.64)         (-1.51)         (-1.01)         (-1.50)          (1.55)         (-0.31)          (0.72)          (0.25)   

stpr_fac66        -0.0353         0.00720         -0.0465         -0.0450         -0.0640         -0.0318          0.0360          0.0224   
                  (-0.53)          (0.12)         (-0.82)         (-0.80)         (-0.46)         (-0.23)          (0.32)          (0.20)   

stpr_fac67         0.0234         -0.0465         -0.0109        -0.00225          0.0367         -0.0567          0.0426         -0.0353   
                   (0.41)         (-0.93)         (-0.22)         (-0.05)          (0.30)         (-0.48)          (0.43)         (-0.36)   

stpr_fac68        -0.0121         -0.0204         -0.0283         -0.0446          -0.134          -0.274*         -0.121          -0.200*  
                  (-0.21)         (-0.41)         (-0.58)         (-0.93)         (-1.13)         (-2.35)         (-1.26)         (-2.07)   

stpr_fac69         0.0183         0.00215          0.0101         -0.0100        -0.00429          -0.105         -0.0126          -0.110   
                   (0.38)          (0.05)          (0.24)         (-0.24)         (-0.04)         (-1.04)         (-0.15)         (-1.33)   

stpr_fac70         0.0115          0.0229         -0.0506         -0.0646         0.00157          -0.139         -0.0643          -0.130   
                   (0.27)          (0.63)         (-1.41)         (-1.81)          (0.02)         (-1.60)         (-0.90)         (-1.82)   

stpr_fac71         0.0380         -0.0416         -0.0286         -0.0346         -0.0905         -0.0590          -0.125         -0.0398   
                   (0.88)         (-1.10)         (-0.77)         (-0.94)         (-1.00)         (-0.66)         (-1.69)         (-0.54)   

stpr_fac72        0.00397         -0.0766*        -0.0680         -0.0829*         -0.105          -0.180*        -0.0959          -0.116   
                   (0.10)         (-2.12)         (-1.91)         (-2.35)         (-1.20)         (-2.09)         (-1.35)         (-1.64)   

stpr_fac73         0.0130         -0.0202         0.00745         -0.0225           0.101          -0.108          0.0591         -0.0628   
                   (0.32)         (-0.57)          (0.21)         (-0.66)          (1.19)         (-1.29)          (0.85)         (-0.91)   

stpr_fac74         0.0907         -0.0475         -0.0321         -0.0622         -0.0457          -0.179         -0.0783          -0.139   
                   (1.88)         (-1.13)         (-0.78)         (-1.52)         (-0.45)         (-1.80)         (-0.95)         (-1.70)   

stpr_fac75       -0.00554         -0.0111         -0.0560         -0.0921*       -0.00952          -0.115          0.0314          -0.284***
                  (-0.11)         (-0.25)         (-1.30)         (-2.17)         (-0.09)         (-1.11)          (0.37)         (-3.32)   

stpr_fac76         0.0874         -0.0909         0.00659          0.0249          -0.141          -0.290*         -0.161          -0.261*  
                   (1.39)         (-1.66)          (0.12)          (0.47)         (-1.07)         (-2.24)         (-1.50)         (-2.45)   

stpr_fac77         0.0538          0.0380         -0.0584         -0.0737           0.324**         0.232*          0.248*          0.147   
                   (0.94)          (0.77)         (-1.20)         (-1.53)          (2.71)          (1.97)          (2.54)          (1.52)   

stpr_fac78         0.0226        -0.00760         -0.0228         -0.0723*        -0.0948          0.0947          -0.163*       -0.00638   
                   (0.57)         (-0.22)         (-0.67)         (-2.16)         (-1.14)          (1.16)         (-2.42)         (-0.09)   

stpr_fac79         0.0568           0.126**       -0.0247         -0.0947*        -0.0288         0.00332         -0.0737          -0.104   
                   (1.03)          (2.65)         (-0.53)         (-2.04)         (-0.25)          (0.03)         (-0.79)         (-1.12)   

stpr_fac80         0.0616         -0.0105         -0.0427         -0.0969**        -0.133          -0.162          -0.160*         -0.138   
                   (1.46)         (-0.29)         (-1.18)         (-2.71)         (-1.50)         (-1.86)         (-2.22)         (-1.92)   

stpr_fac81         0.0521          0.0192         -0.0681*        -0.0832**       -0.0886         -0.0335         -0.0846         -0.0620   
                   (1.37)          (0.58)         (-2.10)         (-2.59)         (-1.11)         (-0.43)         (-1.31)         (-0.96)   

stpr_fac82          0.158***      -0.0876*        -0.0627          -0.113**        -0.109          -0.266**        -0.117          -0.166*  
                   (3.52)         (-2.24)         (-1.63)         (-2.98)         (-1.15)         (-2.86)         (-1.52)         (-2.17)   

o.stpr_fac83            0               0               0               0               0               0               0               0   
                      (.)             (.)             (.)             (.)             (.)             (.)             (.)             (.)   

stpr_fac84        -0.0647          0.0387          -0.181***       -0.100*        -0.0395          -0.250*         -0.125          -0.252** 
                  (-1.37)          (0.95)         (-4.48)         (-2.52)         (-0.40)         (-2.57)         (-1.56)         (-3.15)   

stpr_fac85         0.0761          0.0479        -0.00691         0.00595          -0.116         -0.0747          -0.137         -0.0775   
                   (1.78)          (1.29)         (-0.19)          (0.16)         (-1.29)         (-0.84)         (-1.88)         (-1.06)   

stpr_fac86         0.0238         -0.0424         -0.0273         -0.0576         -0.0230        -0.00951         -0.0842         -0.0298   
                   (0.54)         (-1.11)         (-0.73)         (-1.55)         (-0.25)         (-0.11)         (-1.12)         (-0.40)   

stpr_fac87         0.0318         -0.0494         -0.0175         -0.0418        -0.00513          -0.101         -0.0823         -0.0854   
                   (0.76)         (-1.36)         (-0.49)         (-1.18)         (-0.06)         (-1.17)         (-1.15)         (-1.20)   

stpr_fac88          0.118***      -0.0464          0.0197         -0.0371          0.0589         -0.0948         -0.0409        -0.00843   
                   (3.32)         (-1.50)          (0.65)         (-1.23)          (0.79)         (-1.29)         (-0.67)         (-0.14)   

stpr_fac89         0.0179        -0.00637         -0.0479         -0.0633         0.00362         -0.0568         -0.0778         -0.0702   
                   (0.46)         (-0.19)         (-1.45)         (-1.94)          (0.04)         (-0.71)         (-1.18)         (-1.07)   

stpr_fac90         0.0230         -0.0211         -0.0550         -0.0602         -0.0587          -0.169         -0.0661          -0.134   
                   (0.52)         (-0.55)         (-1.45)         (-1.60)         (-0.63)         (-1.84)         (-0.87)         (-1.78)   

stpr_fac91         0.0299         -0.0577        -0.00584         -0.0293          -0.106          0.0831         -0.0691          0.0720   
                   (0.75)         (-1.67)         (-0.17)         (-0.87)         (-1.27)          (1.01)         (-1.02)          (1.06)   

stpr_fac92         0.0353         -0.0476         -0.0209         -0.0512         -0.0757          -0.149         -0.0575          -0.140*  
                   (0.92)         (-1.43)         (-0.64)         (-1.58)         (-0.94)         (-1.89)         (-0.88)         (-2.16)   

stpr_fac93          0.104**       -0.0306          0.0265          0.0120         -0.0577         -0.0462         -0.0566         -0.0313   
                   (2.84)         (-0.96)          (0.84)          (0.39)         (-0.75)         (-0.61)         (-0.91)         (-0.50)   

stpr_fac94         0.0337         -0.0208         -0.0187         -0.0582          0.0195         -0.0792          0.0540         -0.0539   
                   (0.89)         (-0.63)         (-0.58)         (-1.81)          (0.24)         (-1.01)          (0.83)         (-0.83)   

stpr_fac95         0.0263        -0.00584         -0.0167         -0.0415         -0.0650         -0.0970         -0.0868         -0.0964   
                   (0.60)         (-0.15)         (-0.44)         (-1.11)         (-0.70)         (-1.06)         (-1.15)         (-1.28)   

stpr_fac96         0.0206         -0.0522         -0.0103         0.00653         -0.0875          -0.167         -0.0312          -0.105   
                   (0.39)         (-1.13)         (-0.23)          (0.14)         (-0.78)         (-1.51)         (-0.34)         (-1.16)   

stpr_fac97         0.0254          0.0245         -0.0394         -0.0752*        -0.0515          0.0181         -0.0488         -0.0186   
                   (0.73)          (0.81)         (-1.33)         (-2.57)         (-0.71)          (0.25)         (-0.83)         (-0.32)   

stpr_fac98          0.125***      -0.0239         -0.0205         -0.0751*         0.0591         -0.0662         -0.0603         -0.0423   
                   (3.45)         (-0.76)         (-0.66)         (-2.44)          (0.77)         (-0.88)         (-0.97)         (-0.68)   

stpr_fac99         0.0291          0.0215        -0.00555         -0.0202         -0.0693         0.00928          0.0325          0.0269   
                   (0.55)          (0.46)         (-0.12)         (-0.45)         (-0.62)          (0.08)          (0.36)          (0.30)   

stpr_fac100       0.00676         -0.0443          0.0262         -0.0435         -0.0943         -0.0873         -0.0657         -0.0252   
                   (0.16)         (-1.17)          (0.70)         (-1.18)         (-1.03)         (-0.97)         (-0.88)         (-0.34)   

stpr_fac101        0.0374         -0.0133          0.0372         -0.0654          -0.204*        -0.0542          -0.182*        -0.0188   
                   (0.83)         (-0.34)          (0.97)         (-1.72)         (-2.17)         (-0.58)         (-2.37)         (-0.25)   

stpr_fac102        0.0431         -0.0738           0.121**       -0.0358          0.0507          -0.116          0.0259         -0.0244   
                   (0.92)         (-1.80)          (3.00)         (-0.90)          (0.51)         (-1.20)          (0.32)         (-0.30)   

stpr_fac103       0.00258         -0.0441          0.0197          0.0254           0.222           0.100           0.143           0.103   
                   (0.04)         (-0.79)          (0.36)          (0.47)          (1.65)          (0.76)          (1.31)          (0.94)   

_cons             -0.0384          0.0101          0.0166          0.0400          0.0151          0.0630          0.0376          0.0601   
                  (-1.16)          (0.35)          (0.59)          (1.42)          (0.22)          (0.92)          (0.66)          (1.06)   
--------------------------------------------------------------------------------------------------------------------------------------------
N                    1211            1211            1211            1211            1211            1211            1211            1211   
R-sq                0.210           0.193           0.272           0.198           0.231           0.221           0.224           0.232   
--------------------------------------------------------------------------------------------------------------------------------------------
t statistics in parentheses
* p<0.05, ** p<0.01, *** p<0.001
