--------------------------------------------------------------------------------------------------------------------------------------------
                      (1)             (2)             (3)             (4)             (5)             (6)             (7)             (8)   
             aginc_back~d    aginc_pred~t    nfincome_b~d    nfincome_p~t    output_bac~d    output_pre~t    percapinc_~d    percapinc_~t   
--------------------------------------------------------------------------------------------------------------------------------------------
lnbh01diff~e        0.120          -0.157          0.0145          -0.207**         0.116          0.0167          0.0572          -0.125   
                   (0.81)         (-1.34)          (0.19)         (-2.79)          (1.28)          (0.26)          (0.70)         (-1.66)   

stpr_fac1          0.0349          -0.252***      -0.0624          -0.233***       0.0472         -0.0283          0.0397          -0.149***
                   (0.42)         (-3.84)         (-1.44)         (-5.63)          (0.93)         (-0.79)          (0.87)         (-3.53)   

stpr_fac2          0.0283          -0.107         -0.0258          -0.112**        0.0286          0.0152          0.0295         -0.0632   
                   (0.39)         (-1.86)         (-0.68)         (-3.10)          (0.64)          (0.48)          (0.74)         (-1.71)   

stpr_fac3         -0.0791         -0.0177         -0.0713         -0.0421         -0.0614         -0.0203         -0.0125        0.000826   
                  (-0.81)         (-0.23)         (-1.39)         (-0.86)         (-1.02)         (-0.47)         (-0.23)          (0.02)   

stpr_fac4          0.0954         -0.0235        -0.00609         -0.0717        -0.00152         -0.0389          0.0454         -0.0426   
                   (1.15)         (-0.36)         (-0.14)         (-1.72)         (-0.03)         (-1.07)          (0.99)         (-1.00)   

stpr_fac5          0.0766          -0.133          0.0238          -0.124*       -0.00541         -0.0107          0.0285         -0.0433   
                   (0.76)         (-1.66)          (0.45)         (-2.44)         (-0.09)         (-0.24)          (0.51)         (-0.84)   

stpr_fac6           0.170          0.0369           0.104         -0.0200           0.239**       -0.0523           0.121        -0.00594   
                   (1.25)          (0.34)          (1.46)         (-0.29)          (2.85)         (-0.88)          (1.60)         (-0.09)   

stpr_fac7           0.151         -0.0881          0.0515         -0.0361          0.0277         -0.0178           0.158**       -0.0421   
                   (1.68)         (-1.23)          (1.09)         (-0.80)          (0.50)         (-0.45)          (3.17)         (-0.91)   

stpr_fac8           0.177          -0.109          0.0977         -0.0966*         0.0647          0.0235          0.0780         -0.0574   
                   (1.84)         (-1.42)          (1.93)         (-2.00)          (1.09)          (0.56)          (1.47)         (-1.16)   

stpr_fac9          0.0666          -0.170**       0.00431          -0.125**        0.0235        -0.00626          0.0928*        -0.0576   
                   (0.82)         (-2.63)          (0.10)         (-3.07)          (0.47)         (-0.18)          (2.07)         (-1.38)   

stpr_fac10         -0.104         -0.0104         -0.0204          -0.115*         0.0596          0.0234          0.0141          0.0428   
                  (-1.10)         (-0.14)         (-0.41)         (-2.39)          (1.02)          (0.56)          (0.27)          (0.88)   

stpr_fac11         0.0821          -0.153*       -0.00389          -0.137**        0.0386          0.0284          0.0320         -0.0725   
                   (0.99)         (-2.32)         (-0.09)         (-3.28)          (0.76)          (0.78)          (0.70)         (-1.71)   

stpr_fac12         0.0669         -0.0428          0.0143         -0.0668          0.0446         0.00289          0.0108         -0.0775   
                   (0.84)         (-0.67)          (0.34)         (-1.66)          (0.91)          (0.08)          (0.25)         (-1.90)   

stpr_fac13        -0.0675          -0.117         -0.0867          -0.140**        0.0758          0.0942*        0.00946          0.0165   
                  (-0.67)         (-1.47)         (-1.65)         (-2.77)          (1.23)          (2.15)          (0.17)          (0.32)   

stpr_fac14          0.141          -0.148          0.0585          -0.147*         0.0666       0.0000598           0.102          -0.111   
                   (1.21)         (-1.61)          (0.96)         (-2.53)          (0.94)          (0.00)          (1.60)         (-1.87)   

stpr_fac15         0.0279          0.0259          0.0154         -0.0397          0.0392           0.105*         0.0739         0.00887   
                   (0.24)          (0.28)          (0.25)         (-0.67)          (0.55)          (2.06)          (1.14)          (0.15)   

stpr_fac16        -0.0494         -0.0528         -0.0227         -0.0973*        -0.0139          0.0606          0.0607         -0.0221   
                  (-0.54)         (-0.73)         (-0.47)         (-2.11)         (-0.25)          (1.51)          (1.20)         (-0.47)   

stpr_fac17          0.255**         0.112          0.0675         -0.0555          0.0587        -0.00633           0.127*        0.00335   
                   (2.69)          (1.49)          (1.35)         (-1.16)          (1.01)         (-0.15)          (2.43)          (0.07)   

stpr_fac18          0.291**        -0.105          0.0288         -0.0425          0.0169         -0.0139           0.117*        -0.0830   
                   (3.16)         (-1.44)          (0.60)         (-0.92)          (0.30)         (-0.35)          (2.30)         (-1.76)   

stpr_fac19        -0.0738         0.00205          0.0228         -0.0197          -0.104         0.00159         -0.0356         -0.0123   
                  (-0.61)          (0.02)          (0.36)         (-0.32)         (-1.40)          (0.03)         (-0.53)         (-0.20)   

stpr_fac20          0.159         -0.0525           0.110*        -0.0692          0.0692         0.00902          0.0409         -0.0542   
                   (1.82)         (-0.76)          (2.41)         (-1.58)          (1.29)          (0.24)          (0.85)         (-1.21)   

stpr_fac21          0.159         -0.0298          0.0740          -0.205***       0.0159         -0.0904*        -0.0130         -0.0869   
                   (1.82)         (-0.43)          (1.61)         (-4.66)          (0.30)         (-2.37)         (-0.27)         (-1.95)   

stpr_fac22         0.0776         -0.0627          0.0298         -0.0887          0.0501         -0.0424          0.0513         -0.0782   
                   (0.84)         (-0.85)          (0.61)         (-1.91)          (0.88)         (-1.05)          (1.01)         (-1.66)   

stpr_fac23         0.0516         -0.0777          0.0377         -0.0415          0.0995         -0.0525          0.0775         -0.0183   
                   (0.43)         (-0.81)          (0.59)         (-0.68)          (1.33)         (-0.99)          (1.16)         (-0.29)   

stpr_fac24        0.00689         -0.0707         -0.0102         -0.0619         -0.0215         -0.0705          0.0335         -0.0878   
                   (0.06)         (-0.76)         (-0.17)         (-1.06)         (-0.30)         (-1.39)          (0.52)         (-1.48)   

stpr_fac25         0.0441         -0.0186        -0.00238         -0.0105          0.0189         -0.0586         -0.0175         -0.0405   
                   (0.41)         (-0.22)         (-0.04)         (-0.19)          (0.28)         (-1.24)         (-0.29)         (-0.73)   

stpr_fac26         0.0842         -0.0568          0.0273         -0.0117          0.0916          0.0404          0.0139         0.00342   
                   (0.55)         (-0.47)          (0.34)         (-0.15)          (0.97)          (0.60)          (0.16)          (0.04)   

o.stpr_fac27            0               0               0               0               0               0               0               0   
                      (.)             (.)             (.)             (.)             (.)             (.)             (.)             (.)   

stpr_fac28         0.0644         -0.0240          0.0181         0.00680          0.0761          0.0293          0.0517        -0.00962   
                   (0.84)         (-0.39)          (0.45)          (0.18)          (1.61)          (0.87)          (1.22)         (-0.24)   

stpr_fac29         0.0532         -0.0457          0.0320         -0.0643         -0.0263         -0.0246          0.0392         -0.0127   
                   (0.59)         (-0.64)          (0.68)         (-1.43)         (-0.48)         (-0.63)          (0.79)         (-0.28)   

stpr_fac30         0.0557         -0.0657        -0.00117         -0.0863*        0.00381         -0.0160          0.0179         -0.0822*  
                   (0.70)         (-1.04)         (-0.03)         (-2.16)          (0.08)         (-0.46)          (0.41)         (-2.02)   

stpr_fac31         0.0977         -0.0700          0.0579         -0.0862*        -0.0141         -0.0595          0.0434          -0.101*  
                   (1.15)         (-1.03)          (1.29)         (-2.01)         (-0.27)         (-1.60)          (0.92)         (-2.31)   

stpr_fac32         -0.172         -0.0764          -0.111*        -0.0723         -0.0934         -0.0228         -0.0896         -0.0436   
                  (-1.88)         (-1.05)         (-2.32)         (-1.58)         (-1.67)         (-0.57)         (-1.78)         (-0.94)   

stpr_fac33          0.315*        -0.0822           0.223**       -0.0709         -0.0394         -0.0108           0.216**       -0.0814   
                   (2.34)         (-0.77)          (3.16)         (-1.05)         (-0.48)         (-0.18)          (2.91)         (-1.18)   

stpr_fac34          0.227**       -0.0337          0.0877          0.0451         -0.0598          0.0201           0.135**       -0.0392   
                   (2.62)         (-0.49)          (1.93)          (1.04)         (-1.12)          (0.53)          (2.83)         (-0.89)   

stpr_fac35         0.0297          -0.136         -0.0397          -0.141**        0.0401         0.00202          0.0200         -0.0343   
                   (0.33)         (-1.89)         (-0.83)         (-3.10)          (0.72)          (0.05)          (0.40)         (-0.74)   

stpr_fac36         0.0847         -0.0585        -0.00892         -0.0229         -0.0151         -0.0127          0.0587          0.0168   
                   (1.01)         (-0.88)         (-0.20)         (-0.54)         (-0.29)         (-0.34)          (1.26)          (0.39)   

stpr_fac37         -0.125          -0.125          -0.147**        -0.330***      -0.0481         -0.0658         -0.0954          -0.263***
                  (-1.35)         (-1.70)         (-3.04)         (-7.12)         (-0.85)         (-1.63)         (-1.87)         (-5.59)   

stpr_fac38         0.0368         -0.0756         -0.0120          -0.118**       -0.0243         0.00553          0.0328         -0.0742*  
                   (0.50)         (-1.29)         (-0.31)         (-3.17)         (-0.53)          (0.17)          (0.80)         (-1.96)   

stpr_fac39         0.0513          -0.108         -0.0129          -0.178***       0.0288          0.0236          0.0327          -0.102*  
                   (0.65)         (-1.71)         (-0.31)         (-4.46)          (0.59)          (0.68)          (0.75)         (-2.52)   

stpr_fac40        -0.0198         -0.0741         -0.0544          -0.135**       -0.0131          0.0359          0.0303         -0.0650   
                  (-0.23)         (-1.11)         (-1.23)         (-3.18)         (-0.25)          (0.98)          (0.65)         (-1.51)   

stpr_fac41      -0.000422          -0.126*        -0.0376          -0.167***      -0.0178        -0.00599          0.0270         -0.0914*  
                  (-0.01)         (-2.19)         (-0.99)         (-4.61)         (-0.40)         (-0.19)          (0.68)         (-2.48)   

stpr_fac42        0.00500          -0.104         -0.0381          -0.124**       -0.0281          0.0474         -0.0223         -0.0812   
                   (0.06)         (-1.59)         (-0.89)         (-3.03)         (-0.56)          (1.32)         (-0.49)         (-1.94)   

stpr_fac43         0.0453         -0.0675         -0.0220         -0.0758          0.0459        -0.00868          0.0552         -0.0437   
                   (0.56)         (-1.06)         (-0.52)         (-1.88)          (0.93)         (-0.25)          (1.25)         (-1.06)   

stpr_fac44         0.0188        -0.00472         -0.0164         -0.0216          0.0354          0.0402         -0.0140        -0.00703   
                   (0.22)         (-0.07)         (-0.36)         (-0.50)          (0.67)          (1.07)         (-0.29)         (-0.16)   

stpr_fac45         0.0842         -0.0661          0.0357         -0.0757          0.0428         -0.0161          0.0493         -0.0483   
                   (1.07)         (-1.06)          (0.87)         (-1.92)          (0.89)         (-0.47)          (1.14)         (-1.20)   

stpr_fac46        -0.0196          -0.136*        -0.0444         -0.0994**        0.0350          0.0130         -0.0246         -0.0878*  
                  (-0.26)         (-2.29)         (-1.13)         (-2.64)          (0.76)          (0.40)         (-0.59)         (-2.29)   

stpr_fac47        -0.0464         -0.0568         -0.0424         -0.0583         -0.0584         -0.0308         -0.0355         -0.0129   
                  (-0.57)         (-0.89)         (-1.00)         (-1.44)         (-1.18)         (-0.87)         (-0.80)         (-0.31)   

stpr_fac48         0.0453          -0.107         -0.0302          -0.142***       0.0445         0.00172          0.0430         -0.0727   
                   (0.56)         (-1.68)         (-0.71)         (-3.52)          (0.90)          (0.05)          (0.97)         (-1.76)   

stpr_fac49        -0.0893          -0.108          -0.171***       -0.295***       0.0537          0.0301          0.0326         -0.0920   
                  (-0.94)         (-1.43)         (-3.44)         (-6.19)          (0.92)          (0.73)          (0.62)         (-1.90)   

stpr_fac50        -0.0768          -0.101         -0.0457         -0.0991*         0.0131         -0.0146         -0.0407         -0.0584   
                  (-0.77)         (-1.28)         (-0.88)         (-1.99)          (0.21)         (-0.34)         (-0.74)         (-1.15)   

stpr_fac51        -0.0230         -0.0611         -0.0185         -0.0818*        0.00615          0.0164          0.0102         -0.0203   
                  (-0.30)         (-1.00)         (-0.46)         (-2.11)          (0.13)          (0.49)          (0.24)         (-0.51)   

stpr_fac52         0.0940          -0.118*        -0.0154         -0.0983**      -0.00708        0.000405          0.0520         -0.0668   
                   (1.29)         (-2.03)         (-0.40)         (-2.68)         (-0.16)          (0.01)          (1.29)         (-1.79)   

stpr_fac53         -0.141          0.0886         -0.0183         -0.0267         -0.0287         0.00940         -0.0508          0.0556   
                  (-1.45)          (1.15)         (-0.36)         (-0.55)         (-0.48)          (0.22)         (-0.95)          (1.12)   

stpr_fac54        0.00481          -0.171*        -0.0524          -0.248***      -0.0102         -0.0512         -0.0179         -0.0611   
                   (0.05)         (-2.22)         (-1.03)         (-5.10)         (-0.17)         (-1.21)         (-0.34)         (-1.24)   

stpr_fac55        -0.0117         -0.0502         -0.0184         -0.0832*         0.0352         -0.0151         0.00683         -0.0460   
                  (-0.15)         (-0.81)         (-0.45)         (-2.11)          (0.73)         (-0.44)          (0.16)         (-1.15)   

stpr_fac56         0.0419          -0.123*        -0.0101          -0.167***       0.0359        -0.00707          0.0595         -0.0688   
                   (0.58)         (-2.16)         (-0.27)         (-4.61)          (0.81)         (-0.23)          (1.50)         (-1.87)   

stpr_fac57         0.0636          -0.133         -0.0195          -0.165**        0.0347         -0.0200          0.0356         -0.0451   
                   (0.61)         (-1.61)         (-0.36)         (-3.15)          (0.54)         (-0.44)          (0.62)         (-0.84)   

stpr_fac58         0.0578         -0.0357          0.0404         -0.0399         -0.0454         -0.0894          0.0372         -0.0597   
                   (0.48)         (-0.38)          (0.64)         (-0.66)         (-0.62)         (-1.71)          (0.56)         (-0.98)   

stpr_fac59         -0.126          0.0443         -0.0284        -0.00188          0.0284         0.00599         -0.0446          0.0310   
                  (-1.46)          (0.65)         (-0.63)         (-0.04)          (0.53)          (0.16)         (-0.94)          (0.70)   

stpr_fac60         0.0514         -0.0966         0.00474          -0.165***       0.0555          0.0199          0.0400         -0.0693   
                   (0.62)         (-1.47)          (0.11)         (-3.99)          (1.10)          (0.55)          (0.88)         (-1.64)   

stpr_fac61         0.0449          -0.107         0.00484          -0.138**       -0.0140         -0.0137          0.0486         -0.0701   
                   (0.46)         (-1.39)          (0.10)         (-2.83)         (-0.24)         (-0.32)          (0.91)         (-1.42)   

stpr_fac62          0.118        -0.00544          0.0766         -0.0205          0.0660        -0.00863          0.0869        -0.00667   
                   (1.33)         (-0.08)          (1.65)         (-0.46)          (1.22)         (-0.22)          (1.78)         (-0.15)   

stpr_fac63        -0.0916          -0.170*         -0.124**        -0.194***       -0.143**        0.0670          0.0602         -0.0895   
                  (-1.03)         (-2.39)         (-2.65)         (-4.32)         (-2.61)          (1.72)          (1.22)         (-1.96)   

stpr_fac64         -0.118        -0.00105         -0.0660         -0.0137         -0.0882         -0.0629        -0.00269          0.0508   
                  (-0.92)         (-0.01)         (-0.98)         (-0.21)         (-1.12)         (-1.12)         (-0.04)          (0.78)   

stpr_fac65         0.0195          -0.111          0.0159          -0.106*        -0.0200         -0.0526          0.0735         -0.0480   
                   (0.20)         (-1.44)          (0.31)         (-2.18)         (-0.33)         (-1.24)          (1.37)         (-0.97)   

stpr_fac66       -0.00267         -0.0434         0.00460         -0.0403         0.00766         -0.0257          0.0542         0.00795   
                  (-0.02)         (-0.40)          (0.06)         (-0.59)          (0.09)         (-0.43)          (0.72)          (0.11)   

stpr_fac67         0.0726         -0.0549          0.0427         -0.0399         -0.0136         -0.0327          0.0597         -0.0385   
                   (0.62)         (-0.59)          (0.69)         (-0.67)         (-0.19)         (-0.63)          (0.92)         (-0.64)   

stpr_fac68         0.0103         -0.0660         -0.0319         -0.0864         -0.0532         -0.0181          0.0142         -0.0425   
                   (0.09)         (-0.71)         (-0.52)         (-1.48)         (-0.74)         (-0.36)          (0.22)         (-0.72)   

stpr_fac69         0.0903          -0.103          0.0433          -0.115*        -0.0116         -0.0577          0.0582          -0.103*  
                   (0.90)         (-1.29)          (0.82)         (-2.29)         (-0.19)         (-1.32)          (1.05)         (-2.02)   

stpr_fac70       -0.00599          -0.119         -0.0732          -0.157***      -0.0667          0.0208         0.00194         -0.0984*  
                  (-0.07)         (-1.74)         (-1.61)         (-3.62)         (-1.25)          (0.55)          (0.04)         (-2.22)   

stpr_fac71       -0.00986          0.0505        -0.00764         -0.0898*        0.00245         -0.0314          0.0215        -0.00529   
                  (-0.11)          (0.71)         (-0.16)         (-2.01)          (0.04)         (-0.81)          (0.44)         (-0.12)   

stpr_fac72         0.0112          0.0239         -0.0640          -0.154***      0.00301         -0.0803*         0.0659          0.0180   
                   (0.13)          (0.35)         (-1.43)         (-3.59)          (0.06)         (-2.15)          (1.40)          (0.41)   

stpr_fac73         0.0437         -0.0539          0.0110         -0.0555          0.0211        -0.00130          0.0219         -0.0297   
                   (0.53)         (-0.82)          (0.25)         (-1.33)          (0.41)         (-0.04)          (0.48)         (-0.70)   

stpr_fac74         0.0531          -0.226**       -0.0318          -0.214***        0.187**       -0.0662          0.0494          -0.167** 
                   (0.54)         (-2.87)         (-0.61)         (-4.30)          (3.07)         (-1.53)          (0.90)         (-3.28)   

stpr_fac75         -0.104          0.0224         -0.0602          -0.148**        0.0245          0.0202         -0.0239        -0.00117   
                  (-1.00)          (0.27)         (-1.11)         (-2.85)          (0.39)          (0.45)         (-0.42)         (-0.02)   

stpr_fac76         0.0798         -0.0753          0.0331         -0.0852          0.0600         -0.0942          0.0524          -0.125   
                   (0.62)         (-0.73)          (0.49)         (-1.31)          (0.76)         (-1.67)          (0.74)         (-1.89)   

stpr_fac77          0.141         -0.0852          0.0307          -0.107         0.00292          0.0368          0.0950         -0.0427   
                   (1.20)         (-0.92)          (0.50)         (-1.81)          (0.04)          (0.72)          (1.47)         (-0.71)   

stpr_fac78          0.164*         -0.241***       0.0198          -0.132**        0.0722         -0.0137           0.121**        -0.132** 
                   (2.02)         (-3.73)          (0.47)         (-3.23)          (1.45)         (-0.39)          (2.70)         (-3.18)   

stpr_fac79         0.0939          -0.385***      -0.0621         -0.0887          0.0676          0.0388         -0.0230          -0.131*  
                   (0.83)         (-4.30)         (-1.05)         (-1.56)          (0.97)          (0.79)         (-0.37)         (-2.26)   

stpr_fac80          0.177*         -0.278***      -0.0914*         -0.293***      -0.0153         -0.0314          0.0826          -0.272***
                   (2.04)         (-4.03)         (-2.01)         (-6.72)         (-0.29)         (-0.83)          (1.73)         (-6.13)   

stpr_fac81         0.0639          0.0100         -0.0561          -0.178***     -0.00199         -0.0151          0.0574         -0.0314   
                   (0.82)          (0.16)         (-1.37)         (-4.54)         (-0.04)         (-0.44)          (1.33)         (-0.79)   

stpr_fac82         0.0118          0.0652         -0.0188          -0.326***      -0.0378         -0.0586          0.0403         -0.0439   
                   (0.13)          (0.89)         (-0.39)         (-7.03)         (-0.67)         (-1.45)          (0.79)         (-0.93)   

o.stpr_fac83            0               0               0               0               0               0               0               0   
                      (.)             (.)             (.)             (.)             (.)             (.)             (.)             (.)   

stpr_fac84         -0.216*         -0.111          -0.248***       -0.183***      -0.0678          0.0347         -0.0309         -0.0716   
                  (-2.24)         (-1.45)         (-4.88)         (-3.76)         (-1.14)          (0.82)         (-0.58)         (-1.45)   

stpr_fac85         0.0801         0.00725         -0.0296         -0.0307          0.0520          0.0756*        0.00247         -0.0363   
                   (0.91)          (0.10)         (-0.64)         (-0.69)          (0.96)          (1.97)          (0.05)         (-0.81)   

stpr_fac86         0.0396         -0.0966          0.0176          -0.150***       0.0361         -0.0868*         0.0620         -0.0940*  
                   (0.44)         (-1.35)          (0.37)         (-3.31)          (0.65)         (-2.20)          (1.25)         (-2.04)   

stpr_fac87         0.0509         -0.0776          0.0349         -0.0928*         0.0339         -0.0720          0.0676         -0.0525   
                   (0.59)         (-1.14)          (0.78)         (-2.15)          (0.64)         (-1.92)          (1.43)         (-1.20)   

stpr_fac88         0.0456          0.0231         0.00808         -0.0539          0.0245         -0.0153          0.0289         0.00235   
                   (0.62)          (0.40)          (0.21)         (-1.46)          (0.54)         (-0.48)          (0.72)          (0.06)   

stpr_fac89         0.0180         -0.0609         -0.0283         -0.0907*        0.00536          0.0109          0.0388         -0.0285   
                   (0.23)         (-0.97)         (-0.68)         (-2.28)          (0.11)          (0.31)          (0.89)         (-0.70)   

stpr_fac90        -0.0340         -0.0891         -0.0999*         -0.163***       0.0134         -0.0113         -0.0111          -0.106*  
                  (-0.37)         (-1.23)         (-2.09)         (-3.55)          (0.24)         (-0.28)         (-0.22)         (-2.27)   

stpr_fac91         0.0744         -0.0807          0.0267         -0.0698          0.0153         -0.0447          0.0472         -0.0478   
                   (0.91)         (-1.24)          (0.62)         (-1.70)          (0.30)         (-1.25)          (1.05)         (-1.14)   

stpr_fac92         0.0673          -0.149*         0.0245          -0.137***       0.0364         -0.0868*         0.0530         -0.0981*  
                   (0.86)         (-2.39)          (0.60)         (-3.47)          (0.75)         (-2.53)          (1.22)         (-2.44)   

stpr_fac93          0.118         -0.0539          0.0292         -0.0864*         0.0631         -0.0384          0.0274          -0.117** 
                   (1.57)         (-0.90)          (0.74)         (-2.28)          (1.36)         (-1.17)          (0.66)         (-3.03)   

stpr_fac94         -0.164*         0.0682         -0.0432         -0.0653      -0.0000619         -0.0239         -0.0888*         0.0617   
                  (-2.10)          (1.10)         (-1.06)         (-1.67)         (-0.00)         (-0.70)         (-2.06)          (1.55)   

stpr_fac95         0.0419          -0.105        -0.00546          -0.123**        0.0311         -0.0238          0.0297         -0.0840   
                   (0.46)         (-1.45)         (-0.11)         (-2.70)          (0.56)         (-0.60)          (0.59)         (-1.81)   

stpr_fac96         0.0602         -0.0223          0.0395         -0.0283         -0.0179         -0.0706          0.0530         -0.0318   
                   (0.55)         (-0.26)          (0.69)         (-0.51)         (-0.27)         (-1.47)          (0.88)         (-0.57)   

stpr_fac97          0.105         -0.0871         0.00192          -0.133***       0.0228          0.0158          0.0790*        -0.0520   
                   (1.48)         (-1.54)          (0.05)         (-3.73)          (0.52)          (0.51)          (2.01)         (-1.43)   

stpr_fac98         0.0206        -0.00803         -0.0110          -0.125***       0.0964*        -0.0230         0.00382        -0.00496   
                   (0.28)         (-0.14)         (-0.28)         (-3.32)          (2.10)         (-0.70)          (0.09)         (-0.13)   

stpr_fac99         0.0632        -0.00167          0.0260        -0.00482        -0.00768        -0.00391          0.0363          0.0179   
                   (0.58)         (-0.02)          (0.45)         (-0.09)         (-0.11)         (-0.08)          (0.60)          (0.32)   

stpr_fac100       -0.0134          -0.136         -0.0436          -0.190***      -0.0200         -0.0757         -0.0396          -0.133** 
                  (-0.15)         (-1.91)         (-0.93)         (-4.23)         (-0.36)         (-1.93)         (-0.80)         (-2.90)   

stpr_fac101        0.0753         -0.0791        -0.00311          -0.146**       -0.0434         0.00577        -0.00594         -0.0835   
                   (0.82)         (-1.08)         (-0.06)         (-3.15)         (-0.76)          (0.14)         (-0.12)         (-1.77)   

stpr_fac102         0.115          -0.209**        0.0292          -0.249***      -0.0410          -0.161***      -0.0423          -0.236***
                   (1.19)         (-2.73)          (0.57)         (-5.12)         (-0.69)         (-3.82)         (-0.79)         (-4.77)   

stpr_fac103       -0.0281       -0.000534          0.0278          0.0561         -0.0699         -0.0659         0.00309          0.0251   
                  (-0.21)         (-0.01)          (0.40)          (0.85)         (-0.86)         (-1.15)          (0.04)          (0.37)   

_cons             -0.0536          0.0716        -0.00409          0.0926**       -0.0246          0.0117         -0.0400          0.0550   
                  (-0.79)          (1.32)         (-0.11)          (2.70)         (-0.59)          (0.39)         (-1.06)          (1.58)   
--------------------------------------------------------------------------------------------------------------------------------------------
N                    1211            1211            1211            1211            1211            1211            1211            1211   
R-sq                0.241           0.203           0.286           0.314           0.189           0.238           0.239           0.252   
--------------------------------------------------------------------------------------------------------------------------------------------
t statistics in parentheses
* p<0.05, ** p<0.01, *** p<0.001
