--------------------------------------------------------------------------------------------------------------------------------------------
                      (1)             (2)             (3)             (4)             (5)             (6)             (7)             (8)   
             aginc_back~d    aginc_pred~t    nfincome_b~d    nfincome_p~t    output_bac~d    output_pre~t    percapinc_~d    percapinc_~t   
--------------------------------------------------------------------------------------------------------------------------------------------
lnbh02diff~e        0.176          -0.275*          0.126          -0.269***        0.228*        -0.0653          0.0858          -0.185*  
                   (1.23)         (-2.33)          (1.66)         (-3.56)          (2.54)         (-1.00)          (1.15)         (-2.35)   

stpr_fac1         -0.0247          -0.222***      -0.0676          -0.181***       0.0836         -0.0663         -0.0280          -0.115** 
                  (-0.31)         (-3.37)         (-1.59)         (-4.29)          (1.67)         (-1.82)         (-0.67)         (-2.61)   

stpr_fac2          0.0151          -0.103         -0.0142         -0.0540          0.0671         -0.0173        -0.00992         -0.0263   
                   (0.21)         (-1.75)         (-0.37)         (-1.43)          (1.50)         (-0.53)         (-0.27)         (-0.67)   

stpr_fac3         -0.0868        -0.00755         -0.0879        0.000353         -0.0495         -0.0324         -0.0471          0.0315   
                  (-0.86)         (-0.09)         (-1.64)          (0.01)         (-0.78)         (-0.70)         (-0.90)          (0.57)   

stpr_fac4           0.114         -0.0514          0.0447         -0.0666           0.100*        -0.0968**        0.0279         -0.0523   
                   (1.44)         (-0.79)          (1.06)         (-1.59)          (2.02)         (-2.68)          (0.68)         (-1.20)   

stpr_fac5          0.0284          -0.137          0.0265          -0.109*         0.0300         -0.0272        -0.00131         -0.0147   
                   (0.30)         (-1.76)          (0.53)         (-2.19)          (0.51)         (-0.63)         (-0.03)         (-0.28)   

stpr_fac6           0.147        0.000581          0.0885         0.00668           0.182*        -0.0310          0.0686          0.0246   
                   (1.11)          (0.01)          (1.26)          (0.10)          (2.19)         (-0.51)          (0.99)          (0.34)   

stpr_fac7           0.139         -0.0573          0.0493         -0.0242          0.0464         -0.0166           0.126**       -0.0444   
                   (1.61)         (-0.81)          (1.08)         (-0.53)          (0.86)         (-0.42)          (2.81)         (-0.94)   

stpr_fac8           0.236**        -0.219**         0.166***       -0.178***        0.157**       -0.0703          0.0980*         -0.125*  
                   (2.60)         (-2.92)          (3.44)         (-3.70)          (2.76)         (-1.70)          (2.07)         (-2.50)   

stpr_fac9          0.0368          -0.193**        0.0232          -0.125**         0.101*        -0.0617          0.0406         -0.0343   
                   (0.49)         (-3.09)          (0.58)         (-3.12)          (2.13)         (-1.79)          (1.03)         (-0.82)   

stpr_fac10       -0.00858          -0.178*        -0.0281          -0.127**        0.0906         -0.0145          0.0527         -0.0531   
                  (-0.10)         (-2.44)         (-0.60)         (-2.71)          (1.63)         (-0.36)          (1.14)         (-1.09)   

stpr_fac11         0.0979          -0.194**        0.0699          -0.151***        0.143**       -0.0351          0.0253         -0.0674   
                   (1.22)         (-2.92)          (1.63)         (-3.55)          (2.83)         (-0.96)          (0.60)         (-1.52)   

stpr_fac12         0.0717         -0.0622          0.0490         -0.0758           0.114*        -0.0433         -0.0371         -0.0524   
                   (0.94)         (-0.98)          (1.20)         (-1.87)          (2.39)         (-1.24)         (-0.93)         (-1.24)   

stpr_fac13       0.000983          -0.192*       -0.00232          -0.194***        0.194**        0.0215          0.0377         -0.0186   
                   (0.01)         (-2.33)         (-0.04)         (-3.68)          (3.12)          (0.47)          (0.73)         (-0.34)   

stpr_fac14          0.189          -0.210*          0.127*         -0.189**         0.227**        -0.103*         0.0844          -0.115   
                   (1.69)         (-2.27)          (2.13)         (-3.20)          (3.24)         (-2.02)          (1.45)         (-1.87)   

stpr_fac15         0.0569        -0.00826         -0.0147         -0.0124          0.0756          0.0491          0.0305          0.0307   
                   (0.50)         (-0.09)         (-0.24)         (-0.21)          (1.06)          (0.94)          (0.51)          (0.49)   

stpr_fac16        -0.0210         -0.0975         -0.0294         -0.0607         -0.0198          0.0786*         0.0462         -0.0129   
                  (-0.24)         (-1.36)         (-0.64)         (-1.32)         (-0.36)          (1.98)          (1.02)         (-0.27)   

stpr_fac17          0.267**        -0.330***       0.0465         -0.0641          0.0870         -0.0952*         0.0923          -0.188***
                   (2.96)         (-4.44)          (0.97)         (-1.34)          (1.54)         (-2.31)          (1.96)         (-3.79)   

stpr_fac18          0.216*         -0.135        -0.00668          0.0454          0.0410         -0.0187          0.0328         -0.0426   
                   (2.30)         (-1.74)         (-0.13)          (0.92)          (0.70)         (-0.44)          (0.67)         (-0.82)   

stpr_fac19        -0.0464           0.118         -0.0373          0.0241         -0.0844         -0.0366         -0.0479          0.0785   
                  (-0.39)          (1.19)         (-0.58)          (0.38)         (-1.12)         (-0.67)         (-0.76)          (1.19)   

stpr_fac20          0.179*        -0.0892           0.105*        -0.0712           0.128*        -0.0668          0.0232         -0.0668   
                   (1.99)         (-1.20)          (2.20)         (-1.50)          (2.27)         (-1.63)          (0.49)         (-1.35)   

stpr_fac21          0.177*         -0.110          0.0532          -0.145**        0.0880          -0.156***      -0.0250         -0.0498   
                   (1.99)         (-1.49)          (1.12)         (-3.09)          (1.58)         (-3.83)         (-0.54)         (-1.02)   

stpr_fac22         0.0571         -0.0746          0.0392         -0.0597          0.0650         -0.0414        -0.00130         -0.0416   
                   (0.65)         (-1.02)          (0.83)         (-1.27)          (1.17)         (-1.02)         (-0.03)         (-0.85)   

stpr_fac23        0.00202         -0.0359         0.00603         -0.0123          0.0213         -0.0119          0.0287        0.000514   
                   (0.02)         (-0.36)          (0.09)         (-0.19)          (0.28)         (-0.21)          (0.45)          (0.01)   

stpr_fac24        -0.0573        -0.00628         -0.0552          0.0254         -0.0678         -0.0348         -0.0397         -0.0124   
                  (-0.48)         (-0.06)         (-0.86)          (0.40)         (-0.90)         (-0.63)         (-0.63)         (-0.19)   

stpr_fac25         0.0196        0.000475         -0.0112          0.0388         0.00189         -0.0399         -0.0513        -0.00539   
                   (0.18)          (0.01)         (-0.19)          (0.67)          (0.03)         (-0.80)         (-0.90)         (-0.09)   

stpr_fac26         0.0563         -0.0231          0.0159         0.00667          0.0563          0.0377       -0.000762          0.0115   
                   (0.37)         (-0.18)          (0.20)          (0.08)          (0.59)          (0.54)         (-0.01)          (0.14)   

o.stpr_fac27            0               0               0               0               0               0               0               0   
                      (.)             (.)             (.)             (.)             (.)             (.)             (.)             (.)   

stpr_fac28         0.0508         -0.0140          0.0310          0.0378          0.0963         0.00253         0.00142          0.0124   
                   (0.64)         (-0.22)          (0.74)          (0.91)          (1.95)          (0.07)          (0.03)          (0.29)   

stpr_fac29         0.0665         -0.0652          0.0487         -0.0519         -0.0153        -0.00319          0.0173        -0.00411   
                   (0.76)         (-0.91)          (1.05)         (-1.13)         (-0.28)         (-0.08)          (0.38)         (-0.09)   

stpr_fac30         0.0804         -0.0756          0.0324         -0.0851*         0.0722         -0.0378         0.00247         -0.0549   
                   (1.10)         (-1.25)          (0.83)         (-2.20)          (1.57)         (-1.13)          (0.06)         (-1.36)   

stpr_fac31          0.109          -0.125          0.0951*         -0.119**        0.0659         -0.0646          0.0150          -0.119** 
                   (1.35)         (-1.87)          (2.21)         (-2.78)          (1.30)         (-1.75)          (0.36)         (-2.68)   

stpr_fac32         -0.155         -0.0738          -0.124*        -0.0488         -0.0737         -0.0466         -0.0926         -0.0295   
                  (-1.69)         (-0.98)         (-2.55)         (-1.01)         (-1.28)         (-1.11)         (-1.94)         (-0.58)   

stpr_fac33          0.351**       -0.0746           0.196**       -0.0874         -0.0555         -0.0334           0.153*        -0.0204   
                   (2.60)         (-0.67)          (2.72)         (-1.22)         (-0.65)         (-0.54)          (2.16)         (-0.27)   

stpr_fac34          0.214*         0.0242          0.0640          0.0822         -0.0487          0.0542          0.0752          0.0124   
                   (2.56)          (0.35)          (1.44)          (1.86)         (-0.93)          (1.42)          (1.72)          (0.27)   

stpr_fac35         0.0607         -0.0966         -0.0327          -0.119*         0.0727         -0.0292          0.0370          0.0194   
                   (0.68)         (-1.31)         (-0.68)         (-2.51)          (1.29)         (-0.71)          (0.79)          (0.39)   

stpr_fac36         0.0885          -0.131*         0.0338         -0.0495          0.0652         -0.0590          0.0508         -0.0313   
                   (1.10)         (-1.97)          (0.79)         (-1.16)          (1.29)         (-1.60)          (1.21)         (-0.71)   

stpr_fac37         -0.146          -0.154*         -0.139**        -0.289***      -0.0543         -0.0881*         -0.127**        -0.235***
                  (-1.63)         (-2.08)         (-2.92)         (-6.10)         (-0.97)         (-2.16)         (-2.73)         (-4.77)   

stpr_fac38         0.0331          -0.103          0.0206          -0.101**        0.0507         -0.0246        -0.00494         -0.0595   
                   (0.46)         (-1.74)          (0.54)         (-2.65)          (1.13)         (-0.75)         (-0.13)         (-1.51)   

stpr_fac39         0.0192          -0.122*        -0.0186          -0.149***       0.0852         -0.0405         -0.0405         -0.0582   
                   (0.26)         (-1.98)         (-0.47)         (-3.78)          (1.82)         (-1.19)         (-1.04)         (-1.41)   

stpr_fac40       -0.00165         -0.0870         -0.0152          -0.107*         0.0429        -0.00385          0.0102         -0.0445   
                  (-0.02)         (-1.25)         (-0.34)         (-2.40)          (0.81)         (-0.10)          (0.23)         (-0.96)   

stpr_fac41        0.00512          -0.156**      -0.00641          -0.148***       0.0390         -0.0592         0.00246         -0.0823*  
                   (0.07)         (-2.69)         (-0.17)         (-3.99)          (0.89)         (-1.85)          (0.07)         (-2.13)   

stpr_fac42        -0.0158         -0.0948         -0.0180         -0.0742          0.0246          0.0180         -0.0569         -0.0600   
                  (-0.20)         (-1.44)         (-0.43)         (-1.77)          (0.49)          (0.49)         (-1.37)         (-1.37)   

stpr_fac43         0.0179         -0.0748         -0.0243         -0.0627          0.0701         -0.0632         0.00695         -0.0285   
                   (0.22)         (-1.09)         (-0.55)         (-1.43)          (1.35)         (-1.67)          (0.16)         (-0.62)   

stpr_fac44         0.0293        -0.00318         0.00614        0.000437          0.0874         0.00448         -0.0210        -0.00122   
                   (0.33)         (-0.04)          (0.13)          (0.01)          (1.56)          (0.11)         (-0.45)         (-0.02)   

stpr_fac45         0.0629         -0.0597          0.0380         -0.0432          0.0374         -0.0302          0.0139         -0.0273   
                   (0.75)         (-0.86)          (0.85)         (-0.97)          (0.71)         (-0.79)          (0.32)         (-0.59)   

stpr_fac46        -0.0749         -0.0709         -0.0184         -0.0772*         0.0531          0.0399         -0.0729         -0.0355   
                  (-1.02)         (-1.17)         (-0.47)         (-1.99)          (1.15)          (1.19)         (-1.90)         (-0.88)   

stpr_fac47         0.0340          -0.130         -0.0136         -0.0516         -0.0648         -0.0200          0.0193         -0.0600   
                   (0.41)         (-1.89)         (-0.31)         (-1.17)         (-1.24)         (-0.53)          (0.45)         (-1.31)   

stpr_fac48         0.0358          -0.155*        -0.0238          -0.128**        0.0737         -0.0177          0.0117         -0.0873   
                   (0.44)         (-2.30)         (-0.55)         (-2.95)          (1.44)         (-0.47)          (0.27)         (-1.94)   

stpr_fac49         -0.132          -0.132          -0.165**        -0.243***       0.0298          0.0608         -0.0440         -0.0458   
                  (-1.34)         (-1.61)         (-3.13)         (-4.63)          (0.48)          (1.34)         (-0.85)         (-0.84)   

stpr_fac50         -0.120         -0.0374         -0.0323         -0.0370         0.00517         0.00707         -0.0710        -0.00814   
                  (-1.16)         (-0.44)         (-0.58)         (-0.67)          (0.08)          (0.15)         (-1.31)         (-0.14)   

stpr_fac51        -0.0342         -0.0382         -0.0175         -0.0371        0.000725          0.0253         -0.0168          0.0187   
                  (-0.42)         (-0.57)         (-0.40)         (-0.86)          (0.01)          (0.68)         (-0.39)          (0.42)   

stpr_fac52         0.0348          -0.150*        -0.0174         -0.0359          0.0167        -0.00970         -0.0115         -0.0505   
                   (0.46)         (-2.42)         (-0.43)         (-0.90)          (0.35)         (-0.28)         (-0.29)         (-1.22)   

stpr_fac53        -0.0618           0.145         -0.0452        -0.00951         -0.0319        -0.00983         -0.0530           0.104   
                  (-0.59)          (1.68)         (-0.81)         (-0.17)         (-0.49)         (-0.21)         (-0.97)          (1.81)   

stpr_fac54        -0.0202          -0.212**       -0.0520          -0.200***       0.0417         -0.0984*        -0.0541         -0.0416   
                  (-0.22)         (-2.76)         (-1.05)         (-4.07)          (0.72)         (-2.32)         (-1.11)         (-0.81)   

stpr_fac55         0.0149         -0.0594          0.0213         -0.0471          0.0615         -0.0462        0.000702         -0.0277   
                   (0.19)         (-0.91)          (0.51)         (-1.13)          (1.24)         (-1.28)          (0.02)         (-0.63)   

stpr_fac56        0.00772          -0.136*      -0.000517          -0.169***       0.0827         -0.0293         0.00411         -0.0631   
                   (0.11)         (-2.38)         (-0.01)         (-4.60)          (1.91)         (-0.93)          (0.11)         (-1.65)   

stpr_fac57         0.0505          -0.175*       -0.00705          -0.144**        0.0794         -0.0455         0.00584         -0.0479   
                   (0.51)         (-2.14)         (-0.13)         (-2.76)          (1.28)         (-1.01)          (0.11)         (-0.88)   

stpr_fac58         0.0598         -0.0576        -0.00239        -0.00207         -0.0529         -0.0748         -0.0282         -0.0167   
                   (0.51)         (-0.59)         (-0.04)         (-0.03)         (-0.72)         (-1.40)         (-0.46)         (-0.26)   

stpr_fac59        -0.0942          0.0840         -0.0432          0.0403          0.0163          0.0286         -0.0564          0.0595   
                  (-1.05)          (1.14)         (-0.91)          (0.85)          (0.29)          (0.70)         (-1.21)          (1.21)   

stpr_fac60         0.0912          -0.130*         0.0574          -0.143***        0.135**       -0.0439          0.0244         -0.0512   
                   (1.21)         (-2.10)          (1.44)         (-3.60)          (2.87)         (-1.28)          (0.62)         (-1.24)   

stpr_fac61         0.0757          -0.147          0.0206          -0.141**        0.0672         -0.0312         0.00332         -0.0710   
                   (0.82)         (-1.93)          (0.42)         (-2.87)          (1.16)         (-0.74)          (0.07)         (-1.39)   

stpr_fac62          0.120         -0.0488          0.0713         -0.0270           0.111*        -0.0311          0.0452         -0.0113   
                   (1.44)         (-0.70)          (1.60)         (-0.61)          (2.10)         (-0.81)          (1.03)         (-0.24)   

stpr_fac63        -0.0408          -0.244***      -0.0574          -0.236***      -0.0254         -0.0381          0.0577          -0.132** 
                  (-0.47)         (-3.39)         (-1.24)         (-5.11)         (-0.46)         (-0.96)          (1.27)         (-2.73)   

stpr_fac64         -0.110         0.00158          -0.110          0.0410         -0.0929         -0.0309         -0.0440          0.0987   
                  (-0.88)          (0.02)         (-1.66)          (0.62)         (-1.19)         (-0.54)         (-0.67)          (1.43)   

stpr_fac65        -0.0218         -0.0417         -0.0435         -0.0141         -0.0137         -0.0270         -0.0205          0.0237   
                  (-0.21)         (-0.49)         (-0.79)         (-0.26)         (-0.21)         (-0.57)         (-0.38)          (0.42)   

stpr_fac66       -0.00985         -0.0502        -0.00882         -0.0180         -0.0152         -0.0479          0.0431         0.00854   
                  (-0.07)         (-0.43)         (-0.12)         (-0.24)         (-0.17)         (-0.74)          (0.58)          (0.11)   

stpr_fac67        -0.0123          0.0303         -0.0314          0.0608         -0.0421        -0.00996         -0.0224          0.0326   
                  (-0.10)          (0.28)         (-0.46)          (0.89)         (-0.52)         (-0.17)         (-0.33)          (0.46)   

stpr_fac68        -0.0270         -0.0407         -0.0480         -0.0386         -0.0349         -0.0192         -0.0398         -0.0129   
                  (-0.23)         (-0.41)         (-0.75)         (-0.61)         (-0.46)         (-0.35)         (-0.63)         (-0.20)   

stpr_fac69         0.0936          -0.147          0.0394         -0.0848          0.0515         -0.0837          0.0165         -0.0826   
                   (0.95)         (-1.81)          (0.75)         (-1.63)          (0.84)         (-1.87)          (0.32)         (-1.53)   

stpr_fac70       -0.00257          -0.109         -0.0580         -0.0914*       -0.00490          0.0227         -0.0277         -0.0596   
                  (-0.03)         (-1.55)         (-1.28)         (-2.03)         (-0.09)          (0.58)         (-0.62)         (-1.27)   

stpr_fac71          0.103          0.0478         0.00113         -0.0761         0.00626         -0.0691          0.0459          0.0213   
                   (1.16)          (0.65)          (0.02)         (-1.62)          (0.11)         (-1.70)          (0.99)          (0.44)   

stpr_fac72         0.0730          -0.124         -0.0880         -0.0955       -0.000113         -0.0762          0.0470         -0.0427   
                   (0.79)         (-1.61)         (-1.78)         (-1.94)         (-0.00)         (-1.80)          (0.97)         (-0.83)   

stpr_fac73        0.00774         -0.0373         0.00987         -0.0184          0.0295         -0.0177         -0.0157         -0.0157   
                   (0.08)         (-0.49)          (0.20)         (-0.38)          (0.52)         (-0.43)         (-0.33)         (-0.31)   

stpr_fac74         0.0627          -0.295***       0.0414          -0.245***        0.291***       -0.138**        0.0236          -0.192***
                   (0.67)         (-3.83)          (0.83)         (-4.98)          (4.99)         (-3.25)          (0.49)         (-3.74)   

stpr_fac75        -0.0760         -0.0560         -0.0620          -0.105*         0.0744        -0.00657         -0.0484         -0.0345   
                  (-0.76)         (-0.68)         (-1.16)         (-1.99)          (1.19)         (-0.14)         (-0.93)         (-0.63)   

stpr_fac76         0.0265         -0.0961         0.00601         -0.0878          0.0280          -0.129*        -0.0199          -0.118   
                   (0.21)         (-0.92)          (0.09)         (-1.32)          (0.35)         (-2.23)         (-0.30)         (-1.69)   

stpr_fac77         0.0899         -0.0486          0.0484          -0.147*         0.0893          0.0405          0.0603         -0.0566   
                   (0.80)         (-0.53)          (0.81)         (-2.49)          (1.27)          (0.79)          (1.03)         (-0.92)   

stpr_fac78         -0.157*         -0.354***       0.0278          -0.156***        0.109*        -0.0534         -0.0404          -0.203***
                  (-2.02)         (-5.49)          (0.67)         (-3.77)          (2.22)         (-1.50)         (-0.99)         (-4.71)   

stpr_fac79         -0.373***        0.133         -0.0662         -0.0490          0.0137          0.0400          -0.211***        0.141*  
                  (-3.40)          (1.46)         (-1.13)         (-0.84)          (0.20)          (0.80)         (-3.68)          (2.34)   

stpr_fac80         0.0344          -0.125         -0.0354          -0.261***       0.0137         -0.0443        -0.00613          -0.130** 
                   (0.44)         (-1.92)         (-0.84)         (-6.27)          (0.28)         (-1.23)         (-0.15)         (-2.99)   

stpr_fac81          0.177*         -0.112         -0.0691          -0.111*         0.0136        -0.00127          0.0592         -0.0487   
                   (2.17)         (-1.67)         (-1.59)         (-2.56)          (0.27)         (-0.03)          (1.39)         (-1.08)   

stpr_fac82          0.106          0.0519       -0.000704          -0.250***      -0.0235         -0.0137          0.0595          0.0284   
                   (1.20)          (0.71)         (-0.01)         (-5.32)         (-0.42)         (-0.34)          (1.28)          (0.58)   

o.stpr_fac83            0               0               0               0               0               0               0               0   
                      (.)             (.)             (.)             (.)             (.)             (.)             (.)             (.)   

stpr_fac84         -0.143          -0.209**        -0.156**        -0.195***       0.0110         -0.0218        -0.00798          -0.133** 
                  (-1.61)         (-2.84)         (-3.30)         (-4.15)          (0.20)         (-0.54)         (-0.17)         (-2.70)   

stpr_fac85         0.0685         -0.0247          0.0255         -0.0262          0.0857          0.0538         0.00494         -0.0407   
                   (0.79)         (-0.35)          (0.55)         (-0.57)          (1.58)          (1.36)          (0.11)         (-0.85)   

stpr_fac86        0.00921         -0.0934          0.0190          -0.139**        0.0323         -0.0846*         0.0302         -0.0915   
                   (0.10)         (-1.27)          (0.40)         (-2.97)          (0.58)         (-2.08)          (0.65)         (-1.87)   

stpr_fac87         0.0323         -0.0999          0.0294         -0.0918*         0.0421         -0.0757*         0.0182         -0.0456   
                   (0.40)         (-1.48)          (0.68)         (-2.13)          (0.82)         (-2.03)          (0.43)         (-1.02)   

stpr_fac88          0.112         -0.0671          0.0918*        -0.0815*          0.172***      -0.0902**        0.0619         -0.0358   
                   (1.59)         (-1.15)          (2.45)         (-2.19)          (3.90)         (-2.80)          (1.68)         (-0.92)   

stpr_fac89         0.0360         -0.0798         -0.0148         -0.0720          0.0627        -0.00463         0.00160         -0.0122   
                   (0.48)         (-1.28)         (-0.37)         (-1.81)          (1.33)         (-0.13)          (0.04)         (-0.29)   

stpr_fac90       -0.00841          -0.135         -0.0516          -0.138**        0.0954         -0.0518         -0.0397         -0.0982*  
                  (-0.10)         (-1.96)         (-1.16)         (-3.12)          (1.82)         (-1.35)         (-0.91)         (-2.13)   

stpr_fac91         0.0452         -0.0945          0.0104         -0.0612          0.0633         -0.0753*       -0.00957         -0.0250   
                   (0.60)         (-1.53)          (0.26)         (-1.55)          (1.35)         (-2.20)         (-0.25)         (-0.61)   

stpr_fac92         0.0345          -0.153*        0.00854          -0.128**        0.0721         -0.0821*        -0.0174         -0.0780   
                   (0.47)         (-2.52)          (0.22)         (-3.30)          (1.57)         (-2.45)         (-0.45)         (-1.93)   

stpr_fac93          0.102         -0.0772          0.0398         -0.0803*          0.112*        -0.0706*        -0.0421         -0.0968*  
                   (1.42)         (-1.30)          (1.04)         (-2.10)          (2.47)         (-2.14)         (-1.12)         (-2.43)   

stpr_fac94         0.0246         -0.0265         -0.0428         -0.0467          0.0235         -0.0446        -0.00794          0.0192   
                   (0.30)         (-0.39)         (-0.98)         (-1.08)          (0.46)         (-1.19)         (-0.19)          (0.42)   

stpr_fac95         0.0533          -0.181**       0.00619          -0.154***       0.0916         -0.0656       -0.000949          -0.110*  
                   (0.63)         (-2.59)          (0.14)         (-3.44)          (1.73)         (-1.70)         (-0.02)         (-2.36)   

stpr_fac96         0.0314         -0.0131         -0.0216          0.0173         -0.0442         0.00145         -0.0216          0.0125   
                   (0.31)         (-0.16)         (-0.40)          (0.32)         (-0.69)          (0.03)         (-0.41)          (0.22)   

stpr_fac97          0.129          -0.163**        0.0675          -0.139***        0.133**       -0.0197          0.0798*        -0.0850*  
                   (1.91)         (-2.92)          (1.88)         (-3.88)          (3.15)         (-0.64)          (2.26)         (-2.28)   

stpr_fac98         0.0511          -0.101          0.0426          -0.185***        0.161***       -0.105**       -0.0107         -0.0586   
                   (0.71)         (-1.70)          (1.11)         (-4.86)          (3.58)         (-3.19)         (-0.29)         (-1.48)   

stpr_fac99        -0.0392          0.0529         -0.0638          0.0816         -0.0682          0.0520         -0.0587          0.0894   
                  (-0.35)          (0.57)         (-1.06)          (1.36)         (-0.96)          (1.01)         (-0.99)          (1.43)   

stpr_fac100         0.114          -0.185**        0.0502          -0.195***       0.0346         -0.0690          0.0415         -0.0917   
                   (1.34)         (-2.63)          (1.11)         (-4.33)          (0.65)         (-1.77)          (0.93)         (-1.95)   

stpr_fac101        0.0277          -0.103          0.0112          -0.106*         0.0176         -0.0312         -0.0472         -0.0650   
                   (0.31)         (-1.40)          (0.24)         (-2.24)          (0.32)         (-0.77)         (-1.01)         (-1.32)   

stpr_fac102      -0.00950          -0.204**        0.0312          -0.188***      -0.0534          -0.123**        -0.116*         -0.154** 
                  (-0.10)         (-2.65)          (0.63)         (-3.80)         (-0.91)         (-2.87)         (-2.38)         (-2.99)   

stpr_fac103       -0.0614          0.0514         -0.0475           0.131*        -0.0829         -0.0116         -0.0510          0.0877   
                  (-0.49)          (0.49)         (-0.71)          (1.96)         (-1.05)         (-0.20)         (-0.78)          (1.26)   

_cons             -0.0470          0.0908         -0.0136          0.0757*        -0.0584          0.0320        -0.00602          0.0439   
                  (-0.69)          (1.62)         (-0.38)          (2.11)         (-1.37)          (1.03)         (-0.17)          (1.17)   
--------------------------------------------------------------------------------------------------------------------------------------------
N                    1211            1211            1211            1211            1211            1211            1211            1211   
R-sq                0.247           0.237           0.284           0.318           0.229           0.254           0.248           0.237   
--------------------------------------------------------------------------------------------------------------------------------------------
t statistics in parentheses
* p<0.05, ** p<0.01, *** p<0.001
