--------------------------------------------------------------------------------------------------------------------------------------------
                      (1)             (2)             (3)             (4)             (5)             (6)             (7)             (8)   
             avwage_bac~d    avwage_pre~t    pop_backward     pop_predict    wagebill_b~d    wagebill_p~t    wageemp_ba~d    wageemp_pr~t   
--------------------------------------------------------------------------------------------------------------------------------------------
lnbh03diff~e     -0.00119        -0.00143         -0.0660          0.0186          0.0656           0.117          0.0830           0.101   
                  (-0.02)         (-0.03)         (-1.32)          (0.38)          (0.53)          (0.88)          (0.83)          (1.00)   

stpr_fac1         -0.0703*         0.0250          -0.105***      -0.0133          -0.142          0.0618          -0.103          0.0169   
                  (-2.05)          (0.73)         (-3.42)         (-0.44)         (-1.88)          (0.76)         (-1.68)          (0.27)   

stpr_fac2         -0.0418          0.0178         -0.0703**        0.0198         -0.0231          0.0700          0.0116          0.0411   
                  (-1.43)          (0.61)         (-2.69)          (0.77)         (-0.36)          (1.01)          (0.22)          (0.78)   

stpr_fac3         -0.0225         -0.0418         -0.0505         -0.0168          -0.173          0.0462          -0.134          0.0200   
                  (-0.50)         (-0.92)         (-1.24)         (-0.42)         (-1.73)          (0.43)         (-1.66)          (0.24)   

stpr_fac4         -0.0108         -0.0207         -0.0382          0.0643*         0.0312           0.134          0.0425           0.148*  
                  (-0.31)         (-0.59)         (-1.22)          (2.10)          (0.41)          (1.62)          (0.68)          (2.35)   

stpr_fac5         -0.0768          0.0271         -0.0880*        -0.0142          -0.182*        -0.0324          -0.114         -0.0756   
                  (-1.88)          (0.66)         (-2.41)         (-0.39)         (-2.02)         (-0.33)         (-1.57)         (-1.02)   

stpr_fac6          0.0701          0.0803         -0.0189         -0.0108          -0.121         -0.0784          -0.114         -0.0509   
                   (1.18)          (1.35)         (-0.36)         (-0.21)         (-0.92)         (-0.56)         (-1.07)         (-0.48)   

stpr_fac7          0.0170          0.0288         -0.0978**        0.0724*        0.00507         -0.0895          0.0844          0.0661   
                   (0.47)          (0.80)         (-3.03)          (2.28)          (0.06)         (-1.05)          (1.31)          (1.02)   

o.stpr_fac8             0               0               0               0               0               0               0               0   
                      (.)             (.)             (.)             (.)             (.)             (.)             (.)             (.)   

stpr_fac9         -0.0348         -0.0370         -0.0770*        -0.0214          0.0715           0.140          0.0904           0.151*  
                  (-0.99)         (-1.05)         (-2.45)         (-0.69)          (0.92)          (1.68)          (1.45)          (2.38)   

stpr_fac10         0.0234          0.0204          -0.104*        -0.0339          0.0126           0.151         0.00177           0.102   
                   (0.51)          (0.44)         (-2.53)         (-0.84)          (0.12)          (1.39)          (0.02)          (1.23)   

stpr_fac11        -0.0168          0.0531         -0.0632*         0.0244          0.0557           0.116          0.0573          0.0885   
                  (-0.57)          (1.79)         (-2.38)          (0.93)          (0.85)          (1.65)          (1.08)          (1.65)   

stpr_fac12       -0.00924         0.00657        -0.00401          0.0657*        -0.0844           0.169*        -0.0384           0.103   
                  (-0.27)          (0.19)         (-0.13)          (2.21)         (-1.13)          (2.11)         (-0.64)          (1.69)   

stpr_fac13         0.0263          0.0927*         -0.152***      -0.0500          0.0305           0.123          0.0151          0.0365   
                   (0.64)          (2.26)         (-4.14)         (-1.39)          (0.34)          (1.26)          (0.21)          (0.49)   

stpr_fac14         0.0272         -0.0308         -0.0455          0.0191           0.131          0.0739           0.116           0.109   
                   (0.56)         (-0.64)         (-1.05)          (0.45)          (1.23)          (0.64)          (1.34)          (1.25)   

stpr_fac15         0.0583          0.0700         -0.0284         -0.0411           0.213*         0.0253           0.147        -0.00308   
                   (1.20)          (1.43)         (-0.65)         (-0.96)          (1.98)          (0.22)          (1.69)         (-0.03)   

stpr_fac16         0.0340          0.0860*         -0.101**      -0.00891         0.00247           0.161         -0.0210          0.0163   
                   (0.87)          (2.19)         (-2.87)         (-0.26)          (0.03)          (1.73)         (-0.30)          (0.23)   

stpr_fac17         0.0318         -0.0709        -0.00897          0.0383          0.0993          0.0110          0.0634          0.0647   
                   (0.83)         (-1.84)         (-0.26)          (1.13)          (1.17)          (0.12)          (0.93)          (0.93)   

stpr_fac18        -0.0370          0.0182          0.0378          0.0372          0.0646          0.0403          0.0427         -0.0274   
                  (-0.94)          (0.46)          (1.07)          (1.07)          (0.74)          (0.43)          (0.61)         (-0.38)   

stpr_fac19       0.000101         -0.0190         -0.0164       0.0000966          0.0915          0.0816          0.0806          0.0553   
                   (0.00)         (-0.43)         (-0.41)          (0.00)          (0.94)          (0.77)          (1.02)          (0.69)   

stpr_fac20         0.0109          0.0127          0.0179          0.0328           0.123           0.139           0.103          0.0980   
                   (0.32)          (0.37)          (0.59)          (1.09)          (1.63)          (1.72)          (1.70)          (1.59)   

stpr_fac21        0.00963         -0.0926*         0.0172         0.00417          0.0816         -0.0570          0.0745          0.0329   
                   (0.26)         (-2.51)          (0.52)          (0.13)          (1.01)         (-0.65)          (1.14)          (0.49)   

stpr_fac22        -0.0303         -0.0147         -0.0198          0.0416         0.00211           0.154         0.00859           0.131   
                  (-0.78)         (-0.37)         (-0.56)          (1.21)          (0.02)          (1.66)          (0.12)          (1.85)   

stpr_fac23        -0.0112          0.0390         -0.0449         0.00944         -0.0102          0.0899          0.0363          0.0815   
                  (-0.22)          (0.75)         (-0.96)          (0.21)         (-0.09)          (0.73)          (0.39)          (0.87)   

stpr_fac24        -0.0603         0.00378         -0.0327          0.0607         -0.0477           0.111         -0.0110          0.0819   
                  (-1.22)          (0.08)         (-0.74)          (1.39)         (-0.44)          (0.94)         (-0.12)          (0.91)   

stpr_fac25    -0.00000344         -0.0130          0.0228          0.0644          0.0224          0.0661        -0.00242          0.0693   
                  (-0.00)         (-0.25)          (0.49)          (1.41)          (0.20)          (0.54)         (-0.03)          (0.74)   

stpr_fac26         0.0656          0.0101         0.00861        -0.00328          0.0354         0.00278          0.0139          0.0453   
                   (0.94)          (0.14)          (0.14)         (-0.05)          (0.23)          (0.02)          (0.11)          (0.36)   

o.stpr_fac27            0               0               0               0               0               0               0               0   
                      (.)             (.)             (.)             (.)             (.)             (.)             (.)             (.)   

stpr_fac28        -0.0197         0.00596         -0.0178          0.0543          0.0379           0.115          0.0645           0.102   
                  (-0.58)          (0.17)         (-0.58)          (1.81)          (0.50)          (1.42)          (1.06)          (1.66)   

stpr_fac29        0.00167          0.0318         -0.0189        -0.00596           0.227*         0.0358           0.167*         0.0670   
                   (0.04)          (0.79)         (-0.52)         (-0.17)          (2.55)          (0.37)          (2.32)          (0.92)   

stpr_fac30         0.0136         0.00250         -0.0230          0.0289           0.120           0.105          0.0896           0.100   
                   (0.37)          (0.07)         (-0.70)          (0.89)          (1.48)          (1.20)          (1.37)          (1.51)   

stpr_fac31       -0.00106         -0.0184          0.0293          0.0380          0.0775          0.0481          0.0673          0.0515   
                  (-0.03)         (-0.46)          (0.82)          (1.08)          (0.88)          (0.51)          (0.95)          (0.71)   

stpr_fac32        -0.0372          0.0255         -0.0856**      -0.00520         -0.0357           0.111         -0.0619          0.0905   
                  (-1.02)          (0.70)         (-2.61)         (-0.16)         (-0.44)          (1.28)         (-0.95)          (1.37)   

stpr_fac33        -0.0219         -0.0225           0.117*        -0.0222         -0.0383          0.0514         -0.0569        -0.00161   
                  (-0.37)         (-0.38)          (2.20)         (-0.43)         (-0.29)          (0.37)         (-0.54)         (-0.02)   

stpr_fac34        -0.0335          0.0464          0.0219          0.0909**       -0.0209           0.282**        0.0268           0.154*  
                  (-0.89)          (1.23)          (0.65)          (2.74)         (-0.25)          (3.15)          (0.40)          (2.26)   

stpr_fac35         0.0131         -0.0364          -0.115***      -0.0490          0.0377          -0.139         -0.0316         -0.0686   
                   (0.35)         (-0.96)         (-3.40)         (-1.48)          (0.46)         (-1.56)         (-0.47)         (-1.01)   

stpr_fac36        -0.0104     0.000000914         -0.0455          0.0161         -0.0229          0.0551         -0.0634          0.0376   
                  (-0.29)          (0.00)         (-1.43)          (0.52)         (-0.29)          (0.66)         (-1.00)          (0.59)   

stpr_fac37         -0.141***      -0.0476         -0.0822*        -0.0103          -0.193*         -0.183*         -0.126         -0.0569   
                  (-3.63)         (-1.22)         (-2.35)         (-0.30)         (-2.24)         (-1.97)         (-1.81)         (-0.81)   

stpr_fac38        -0.0229          0.0252         -0.0476          0.0193           0.127           0.267***        0.108           0.179** 
                  (-0.72)          (0.79)         (-1.67)          (0.69)          (1.81)          (3.55)          (1.92)          (3.12)   

stpr_fac39        -0.0214          0.0577         -0.0586*        0.00880          0.0827           0.202**        0.0846           0.161** 
                  (-0.67)          (1.80)         (-2.04)          (0.31)          (1.17)          (2.66)          (1.48)          (2.78)   

stpr_fac40         0.0199          0.0119         -0.0690*        -0.0328           0.205*          0.135           0.116           0.113   
                   (0.55)          (0.33)         (-2.12)         (-1.03)          (2.56)          (1.57)          (1.78)          (1.72)   

stpr_fac41        -0.0142        -0.00521         -0.0788**      -0.00757           0.168*          0.141*          0.158**         0.135*  
                  (-0.48)         (-0.17)         (-2.94)         (-0.29)          (2.55)          (1.99)          (2.96)          (2.50)   

stpr_fac42        -0.0391          0.0225         -0.0249          0.0295           0.109           0.196*          0.120*          0.158** 
                  (-1.16)          (0.66)         (-0.82)          (0.99)          (1.46)          (2.44)          (1.98)          (2.58)   

stpr_fac43         0.0399         -0.0452         -0.0645*        0.00698         -0.0139        -0.00350         -0.0593         -0.0239   
                   (1.16)         (-1.31)         (-2.09)          (0.23)         (-0.18)         (-0.04)         (-0.96)         (-0.38)   

stpr_fac44      -0.000170         -0.0201         -0.0291          0.0470           0.155           0.246**         0.105           0.221** 
                  (-0.00)         (-0.54)         (-0.87)          (1.44)          (1.90)          (2.79)          (1.59)          (3.28)   

stpr_fac45         0.0218        -0.00918         -0.0114          0.0249           0.103           0.147          0.0642           0.112   
                   (0.61)         (-0.25)         (-0.35)          (0.79)          (1.30)          (1.72)          (1.00)          (1.72)   

stpr_fac46        -0.0186         0.00218         -0.0539          0.0141         -0.0427          0.0403         -0.0279          0.0971   
                  (-0.58)          (0.07)         (-1.88)          (0.50)         (-0.61)          (0.53)         (-0.49)          (1.68)   

stpr_fac47        -0.0847*         0.0353         -0.0458       0.0000264          0.0442         0.00939          0.0586          0.0555   
                  (-2.34)          (0.97)         (-1.41)          (0.00)          (0.55)          (0.11)          (0.91)          (0.85)   

stpr_fac48        -0.0285         0.00992         -0.0668*        -0.0146          0.0158          0.0210         -0.0109          0.0287   
                  (-0.79)          (0.27)         (-2.06)         (-0.46)          (0.20)          (0.24)         (-0.17)          (0.44)   

stpr_fac49         0.0200          0.0829*         -0.182***       -0.141***      -0.0198          -0.174         -0.0506          -0.185*  
                   (0.49)          (2.04)         (-4.99)         (-3.94)         (-0.22)         (-1.80)         (-0.70)         (-2.53)   

stpr_fac50         0.0101          0.0102         -0.0538         0.00332           0.157          0.0936           0.105           0.136   
                   (0.23)          (0.23)         (-1.35)          (0.08)          (1.59)          (0.88)          (1.32)          (1.69)   

stpr_fac51        -0.0285          0.0309         -0.0589         -0.0137          0.0501          0.0584          0.0125           0.104   
                  (-0.80)          (0.86)         (-1.84)         (-0.44)          (0.64)          (0.69)          (0.20)          (1.61)   

stpr_fac52        -0.0274         0.00804         -0.0550          0.0193          0.0225           0.101         -0.0131          0.0316   
                  (-0.83)          (0.24)         (-1.84)          (0.66)          (0.31)          (1.28)         (-0.22)          (0.53)   

stpr_fac53        -0.0251         0.00645         -0.0249         -0.0121          0.0233          0.0125          0.0128         0.00601   
                  (-0.58)          (0.15)         (-0.64)         (-0.32)          (0.25)          (0.12)          (0.17)          (0.08)   

stpr_fac54        -0.0262        -0.00442         -0.0637         -0.0459         -0.0776          -0.181         -0.0469          -0.164*  
                  (-0.62)         (-0.10)         (-1.68)         (-1.23)         (-0.83)         (-1.80)         (-0.62)         (-2.15)   

stpr_fac55       -0.00455       -0.000629         -0.0370          0.0269          0.0354          0.0733          0.0297          0.0524   
                  (-0.13)         (-0.02)         (-1.14)          (0.84)          (0.44)          (0.85)          (0.46)          (0.80)   

stpr_fac56       -0.00699          0.0453         -0.0707*        -0.0202         -0.0331          0.0881         -0.0370          0.0361   
                  (-0.20)          (1.31)         (-2.28)         (-0.66)         (-0.43)          (1.07)         (-0.60)          (0.58)   

stpr_fac57        -0.0333          0.0154          -0.101*       -0.00827         -0.0361           0.289**      -0.00257           0.157*  
                  (-0.76)          (0.35)         (-2.55)         (-0.21)         (-0.37)          (2.76)         (-0.03)          (1.97)   

stpr_fac58        -0.0256         -0.0816         0.00629          0.0289         -0.0862           0.136         -0.0119          0.0137   
                  (-0.47)         (-1.51)          (0.13)          (0.61)         (-0.72)          (1.06)         (-0.12)          (0.14)   

stpr_fac59        0.00794          0.0511         -0.0319          0.0315         -0.0268           0.158         -0.0302          0.0453   
                   (0.18)          (1.16)         (-0.81)          (0.81)         (-0.28)          (1.51)         (-0.39)          (0.57)   

stpr_fac60         0.0141          0.0179         -0.0593*        0.00508          0.0961          0.0701          0.0732          0.0387   
                   (0.45)          (0.57)         (-2.11)          (0.18)          (1.39)          (0.94)          (1.31)          (0.68)   

stpr_fac61       -0.00478          0.0214         -0.0458         0.00244          0.0457          0.0170          0.0334          0.0941   
                  (-0.12)          (0.52)         (-1.23)          (0.07)          (0.50)          (0.17)          (0.45)          (1.26)   

stpr_fac62         0.0462          0.0155        -0.00598         0.00821           0.128          0.0871          0.0632          0.0433   
                   (1.22)          (0.41)         (-0.18)          (0.25)          (1.53)          (0.97)          (0.94)          (0.63)   

stpr_fac63         0.0725          0.0223          -0.153***      -0.0509           0.102          0.0132          0.0756          0.0300   
                   (1.85)          (0.57)         (-4.35)         (-1.48)          (1.18)          (0.14)          (1.08)          (0.42)   

stpr_fac64        -0.0648        -0.00888         -0.0616         -0.0553           0.141          0.0887          0.0897          0.0399   
                  (-1.17)         (-0.16)         (-1.24)         (-1.14)          (1.16)          (0.68)          (0.91)          (0.40)   

stpr_fac65        0.00409         -0.0102         -0.0521        0.000325           0.239*        -0.0188           0.134          0.0834   
                   (0.09)         (-0.22)         (-1.24)          (0.01)          (2.32)         (-0.17)          (1.60)          (0.99)   

stpr_fac66        -0.0406          0.0194         -0.0542         -0.0242         0.00887         -0.0142          0.0746          0.0358   
                  (-0.66)          (0.31)         (-0.98)         (-0.45)          (0.07)         (-0.10)          (0.68)          (0.32)   

stpr_fac67        -0.0104          0.0210         -0.0187          0.0352          0.0187          0.0493          0.0210          0.0384   
                  (-0.20)          (0.40)         (-0.40)          (0.76)          (0.16)          (0.39)          (0.22)          (0.40)   

stpr_fac68        -0.0566          0.0155         -0.0405         0.00295         0.00718         -0.0768          0.0148         -0.0149   
                  (-1.06)          (0.29)         (-0.85)          (0.06)          (0.06)         (-0.61)          (0.16)         (-0.15)   

stpr_fac69       -0.00314          0.0110       0.0000365          0.0225          0.0609         -0.0495          0.0394         -0.0554   
                  (-0.07)          (0.23)          (0.00)          (0.55)          (0.59)         (-0.45)          (0.47)         (-0.66)   

stpr_fac70        -0.0366          0.0686         -0.0725*         0.0222          0.0813          0.0138          0.0533         -0.0119   
                  (-0.94)          (1.76)         (-2.08)          (0.65)          (0.95)          (0.15)          (0.77)         (-0.17)   

stpr_fac71        -0.0105         -0.0352         -0.0343         0.00877         0.00423         0.00962        -0.00772         -0.0303   
                  (-0.25)         (-0.83)         (-0.90)          (0.24)          (0.05)          (0.10)         (-0.10)         (-0.40)   

stpr_fac72        -0.0651        -0.00572         -0.0852**       -0.0369         -0.0796         -0.0235         -0.0258         -0.0320   
                  (-1.78)         (-0.16)         (-2.59)         (-1.14)         (-0.98)         (-0.27)         (-0.39)         (-0.48)   

stpr_fac73        -0.0125         -0.0100         -0.0127          0.0242          0.0982         -0.0274          0.0524         0.00903   
                  (-0.32)         (-0.26)         (-0.37)          (0.71)          (1.16)         (-0.30)          (0.76)          (0.13)   

stpr_fac74         0.0224         -0.0540         -0.0772*         0.0491          0.0580          0.0891          0.0566          0.0966   
                   (0.64)         (-1.53)         (-2.44)          (1.58)          (0.75)          (1.07)          (0.90)          (1.52)   

stpr_fac75        -0.0232          0.0141         -0.0574         -0.0329          0.0832          0.0588          0.0492          -0.106   
                  (-0.51)          (0.31)         (-1.40)         (-0.82)          (0.83)          (0.54)          (0.60)         (-1.29)   

stpr_fac76        -0.0199         -0.0286       -0.000456          0.0483          -0.201          -0.175          -0.139          -0.208*  
                  (-0.35)         (-0.51)         (-0.01)          (0.98)         (-1.62)         (-1.31)         (-1.39)         (-2.04)   

stpr_fac77        -0.0153          0.0760         -0.0819         -0.0226           0.345**         0.194           0.268**         0.157   
                  (-0.28)          (1.40)         (-1.68)         (-0.47)          (2.89)          (1.51)          (2.77)          (1.60)   

stpr_fac78       -0.00856          -0.114**       -0.0548         -0.0113         -0.0380           0.296**       -0.0956           0.127   
                  (-0.22)         (-2.95)         (-1.59)         (-0.33)         (-0.45)          (3.24)         (-1.39)          (1.82)   

stpr_fac79       -0.00720          0.0120          -0.100*        -0.0288          0.0242         -0.0657          0.0209         -0.0982   
                  (-0.15)          (0.24)         (-2.26)         (-0.66)          (0.22)         (-0.56)          (0.24)         (-1.10)   

stpr_fac80        -0.0120         -0.0351         -0.0640*        -0.0441         -0.0182         -0.0126         -0.0236          0.0225   
                  (-0.36)         (-1.05)         (-2.14)         (-1.50)         (-0.25)         (-0.16)         (-0.40)          (0.37)   

stpr_fac81         0.0454          0.0648*        -0.0751**       -0.0427         -0.0296          0.0813         -0.0379          0.0550   
                   (1.40)          (2.00)         (-2.59)         (-1.50)         (-0.42)          (1.06)         (-0.66)          (0.94)   

stpr_fac82         0.0255         0.00723         -0.0991**        -0.108**       -0.0689          -0.143         -0.0227         -0.0572   
                   (0.66)          (0.19)         (-2.84)         (-3.16)         (-0.80)         (-1.55)         (-0.33)         (-0.81)   

stpr_fac83        -0.0583          0.0427         -0.0799*          0.107**         0.159           0.347**         0.196*          0.236** 
                  (-1.31)          (0.96)         (-2.00)          (2.74)          (1.62)          (3.29)          (2.46)          (2.93)   

stpr_fac84        -0.0846*         0.0176          -0.221***       0.0287          0.0311           0.143          0.0132          0.0646   
                  (-2.21)          (0.46)         (-6.45)          (0.85)          (0.37)          (1.57)          (0.19)          (0.94)   

stpr_fac85         0.0504          0.0466         -0.0206          0.0559         -0.0416           0.197*        -0.0903           0.131   
                   (1.33)          (1.22)         (-0.60)          (1.67)         (-0.50)          (2.18)         (-1.33)          (1.92)   

stpr_fac86        -0.0228         -0.0434         -0.0579        -0.00262          0.0335           0.229*        -0.0309           0.144*  
                  (-0.56)         (-1.07)         (-1.59)         (-0.07)          (0.37)          (2.38)         (-0.43)          (1.97)   

stpr_fac87        -0.0274         -0.0201         -0.0293        -0.00635          0.0166           0.110         -0.0350          0.0594   
                  (-0.73)         (-0.53)         (-0.87)         (-0.19)          (0.20)          (1.24)         (-0.52)          (0.87)   

stpr_fac88         0.0733*       -0.00816         -0.0301          0.0579*          0.180*        0.00381           0.120*         0.0472   
                   (2.22)         (-0.25)         (-1.01)          (1.99)          (2.47)          (0.05)          (2.03)          (0.79)   

stpr_fac89        -0.0328          0.0664         -0.0610*       -0.00529          0.0720           0.133          0.0320          0.0373   
                  (-0.95)          (1.93)         (-1.98)         (-0.17)          (0.95)          (1.63)          (0.52)          (0.60)   

stpr_fac90        -0.0309         -0.0137         -0.0739*         0.0276          0.0835          0.0893          0.0886          0.0619   
                  (-0.87)         (-0.38)         (-2.31)          (0.88)          (1.06)          (1.05)          (1.39)          (0.96)   

stpr_fac91        -0.0373         -0.0129         -0.0266         0.00504         -0.0167           0.261**        0.0451           0.180** 
                  (-1.03)         (-0.36)         (-0.82)          (0.16)         (-0.21)          (3.03)          (0.70)          (2.75)   

stpr_fac92        -0.0220         0.00330         -0.0411         0.00590         -0.0356          0.0492         0.00584        0.000631   
                  (-0.61)          (0.09)         (-1.26)          (0.18)         (-0.44)          (0.57)          (0.09)          (0.01)   

stpr_fac93       -0.00993          0.0287        -0.00105          0.0798**        0.0442           0.126          0.0944           0.103   
                  (-0.32)          (0.93)         (-0.04)          (2.94)          (0.65)          (1.71)          (1.71)          (1.85)   

stpr_fac94         0.0153         -0.0518         -0.0766**       0.00102          0.0972         -0.0254           0.129*         0.0447   
                   (0.48)         (-1.62)         (-2.67)          (0.04)          (1.38)         (-0.34)          (2.27)          (0.77)   

stpr_fac95        0.00584         -0.0286         -0.0489         0.00479          0.0254         -0.0387         -0.0105        -0.00715   
                   (0.15)         (-0.75)         (-1.43)          (0.14)          (0.30)         (-0.43)         (-0.15)         (-0.10)   

stpr_fac96        -0.0326          0.0319         -0.0105          0.0130          -0.139          0.0669         -0.0569        -0.00612   
                  (-0.72)          (0.70)         (-0.26)          (0.32)         (-1.38)          (0.62)         (-0.70)         (-0.07)   

stpr_fac97         0.0264          0.0190         -0.0787**        0.0116          0.0896           0.148*         0.0478           0.112*  
                   (0.90)          (0.65)         (-2.99)          (0.45)          (1.38)          (2.13)          (0.91)          (2.10)   

stpr_fac98         0.0304         -0.0221         -0.0508         -0.0131           0.125          0.0593          0.0222           0.126*  
                   (0.97)         (-0.70)         (-1.80)         (-0.47)          (1.81)          (0.80)          (0.40)          (2.22)   

stpr_fac99        -0.0168          0.0619         -0.0192         0.00186         -0.0152           0.151          0.0369           0.113   
                  (-0.33)          (1.22)         (-0.42)          (0.04)         (-0.14)          (1.26)          (0.41)          (1.23)   

stpr_fac100       -0.0452         -0.0775*       0.000678         -0.0208          0.0654         -0.0252           0.115          0.0607   
                  (-1.19)         (-2.03)          (0.02)         (-0.62)          (0.78)         (-0.28)          (1.69)          (0.88)   

stpr_fac101       -0.0483          0.0239         -0.0361          0.0347         -0.0573           0.107         -0.0512           0.111   
                  (-1.25)          (0.62)         (-1.04)          (1.02)         (-0.67)          (1.17)         (-0.74)          (1.59)   

stpr_fac102       -0.0753        -0.00563          0.0765        -0.00175          0.0543          0.0350           0.119          0.0565   
                  (-1.73)         (-0.13)          (1.96)         (-0.05)          (0.57)          (0.34)          (1.53)          (0.72)   

stpr_fac103     -0.000954        -0.00624          0.0250          0.0164          0.0830           0.151          0.0616           0.101   
                  (-0.02)         (-0.11)          (0.50)          (0.33)          (0.68)          (1.14)          (0.62)          (1.01)   

_cons             0.00905         -0.0132          0.0399         -0.0146         -0.0384         -0.0882         -0.0331         -0.0667   
                   (0.30)         (-0.44)          (1.47)         (-0.55)         (-0.58)         (-1.23)         (-0.62)         (-1.22)   
--------------------------------------------------------------------------------------------------------------------------------------------
N                    1211            1211            1211            1211            1211            1211            1211            1211   
R-sq                0.198           0.216           0.254           0.223           0.245           0.245           0.237           0.219   
--------------------------------------------------------------------------------------------------------------------------------------------
t statistics in parentheses
* p<0.05, ** p<0.01, *** p<0.001
