--------------------------------------------------------------------------------------------------------------------------------------------
                      (1)             (2)             (3)             (4)             (5)             (6)             (7)             (8)   
             avwage_bac~d    avwage_pre~t    pop_backward     pop_predict    wagebill_b~d    wagebill_p~t    wageemp_ba~d    wageemp_pr~t   
--------------------------------------------------------------------------------------------------------------------------------------------
lnbh04diff~e      -0.0588          0.0278         -0.0710         -0.0258         -0.0531          -0.111          0.0495         -0.0663   
                  (-0.81)          (0.39)         (-1.12)         (-0.45)         (-0.34)         (-0.68)          (0.40)         (-0.54)   

stpr_fac1          -0.113*         0.0650         -0.0800*       -0.00726          -0.213*       -0.00200          -0.177*        -0.0760   
                  (-2.44)          (1.41)         (-1.98)         (-0.20)         (-2.14)         (-0.02)         (-2.23)         (-0.97)   

stpr_fac2         -0.0650          0.0382         -0.0346         0.00749         -0.0756         -0.0706         -0.0565          -0.110   
                  (-1.45)          (0.86)         (-0.88)          (0.21)         (-0.78)         (-0.70)         (-0.74)         (-1.46)   

stpr_fac3         -0.0269         0.00372        -0.00280        -0.00990          -0.123          0.0321          -0.175**       -0.0432   
                  (-0.74)          (0.10)         (-0.09)         (-0.34)         (-1.57)          (0.39)         (-2.81)         (-0.71)   

stpr_fac4         -0.0497          0.0301          0.0177          0.0560         -0.0103          0.0919        -0.00770          0.0452   
                  (-1.20)          (0.73)          (0.49)          (1.71)         (-0.12)          (0.99)         (-0.11)          (0.65)   

stpr_fac5         -0.0942*         0.0821         -0.0446         -0.0355          -0.186         -0.0181          -0.146          -0.104   
                  (-1.98)          (1.74)         (-1.08)         (-0.94)         (-1.82)         (-0.17)         (-1.80)         (-1.29)   

stpr_fac6          0.0820          0.0838          0.0467         -0.0524          -0.148         -0.0730          -0.217*        -0.0790   
                   (1.33)          (1.38)          (0.87)         (-1.08)         (-1.12)         (-0.53)         (-2.07)         (-0.76)   

stpr_fac7         0.00137          0.0588         0.00633          0.0654*      -0.000103          -0.159          0.0188         -0.0823   
                   (0.03)          (1.45)          (0.18)          (2.02)         (-0.00)         (-1.75)          (0.27)         (-1.20)   

stpr_fac8         -0.0386          0.0219          0.0489         -0.0360          -0.103          -0.131          -0.130          -0.110   
                  (-0.69)          (0.39)          (1.00)         (-0.81)         (-0.85)         (-1.05)         (-1.36)         (-1.17)   

stpr_fac9         -0.0235        -0.00894         -0.0142         -0.0228          0.0612           0.142          0.0204          0.0858   
                  (-0.63)         (-0.24)         (-0.44)         (-0.78)          (0.77)          (1.71)          (0.32)          (1.37)   

stpr_fac10         0.0111          0.0654         -0.0453         -0.0276          0.0404           0.199*        -0.0430          0.0895   
                   (0.27)          (1.63)         (-1.29)         (-0.86)          (0.47)          (2.20)         (-0.62)          (1.31)   

stpr_fac11        -0.0275          0.0773         -0.0142       -0.000516         0.00627          0.0390        -0.00437        -0.00481   
                  (-0.59)          (1.68)         (-0.35)         (-0.01)          (0.06)          (0.38)         (-0.06)         (-0.06)   

stpr_fac12        -0.0218          0.0549          0.0376          0.0534         -0.0837          0.0216         -0.0734         -0.0895   
                  (-0.52)          (1.32)          (1.03)          (1.60)         (-0.93)          (0.23)         (-1.02)         (-1.26)   

stpr_fac13         0.0334          0.0763         -0.0953*        -0.0537       0.0000275           0.125         -0.0765          0.0295   
                   (0.70)          (1.62)         (-2.30)         (-1.42)          (0.00)          (1.17)         (-0.94)          (0.37)   

o.stpr_fac14            0               0               0               0               0               0               0               0   
                      (.)             (.)             (.)             (.)             (.)             (.)             (.)             (.)   

stpr_fac15         0.0877*          0.101**       -0.0117        -0.00615           0.200*         0.0193          0.0679         -0.0515   
                   (2.41)          (2.80)         (-0.37)         (-0.21)          (2.57)          (0.24)          (1.09)         (-0.84)   

stpr_fac16         0.0457           0.104*        -0.0365        -0.00934          0.0251           0.125          -0.108        -0.00630   
                   (1.05)          (2.42)         (-0.97)         (-0.27)          (0.27)          (1.29)         (-1.46)         (-0.09)   

stpr_fac17         0.0278         -0.0152          0.0323          0.0392          0.0463          0.0310         -0.0278         0.00797   
                   (0.74)         (-0.41)          (0.98)          (1.31)          (0.57)          (0.37)         (-0.43)          (0.13)   

stpr_fac18        -0.0484          0.0356          0.0561          0.0450          0.0357          0.0579         -0.0463         -0.0275   
                  (-1.24)          (0.92)          (1.65)          (1.45)          (0.42)          (0.66)         (-0.69)         (-0.42)   

stpr_fac19         0.0157          0.0168          0.0384        -0.00483          0.0815          0.0513         0.00346         -0.0243   
                   (0.37)          (0.40)          (1.04)         (-0.14)          (0.89)          (0.54)          (0.05)         (-0.34)   

stpr_fac20        -0.0104          0.0624          0.0580          0.0209          0.0873          0.0595          0.0342         -0.0229   
                  (-0.26)          (1.58)          (1.67)          (0.66)          (1.02)          (0.67)          (0.50)         (-0.34)   

stpr_fac21        -0.0138         -0.0144          0.0508        -0.00310          0.0234         -0.0155         -0.0223         -0.0148   
                  (-0.34)         (-0.36)          (1.44)         (-0.10)          (0.27)         (-0.17)         (-0.32)         (-0.22)   

stpr_fac22        -0.0484          0.0376          0.0241          0.0194         -0.0252          0.0716         -0.0497          0.0205   
                  (-0.96)          (0.76)          (0.55)          (0.49)         (-0.23)          (0.64)         (-0.58)          (0.24)   

stpr_fac23      -0.000247         0.00325         0.00716          0.0187         -0.0863          0.0584         -0.0287         -0.0179   
                  (-0.00)          (0.07)          (0.17)          (0.47)         (-0.81)          (0.53)         (-0.34)         (-0.21)   

stpr_fac24        -0.0445          0.0276          0.0322          0.0564         -0.0562           0.130         -0.0899          0.0582   
                  (-0.91)          (0.57)          (0.76)          (1.45)         (-0.53)          (1.19)         (-1.07)          (0.71)   

stpr_fac25        -0.0218          0.0243          0.0496          0.0634*         0.0383          0.0708         -0.0216          0.0134   
                  (-0.55)          (0.62)          (1.43)          (2.01)          (0.45)          (0.80)         (-0.32)          (0.20)   

stpr_fac26         0.0534          0.0300          0.0379          0.0145          0.0836         0.00663         -0.0229         -0.0179   
                   (0.83)          (0.47)          (0.68)          (0.28)          (0.60)          (0.05)         (-0.21)         (-0.16)   

stpr_fac27        0.00215         0.00727          0.0218         0.00631          0.0264         -0.0176         -0.0196         -0.0588   
                   (0.03)          (0.12)          (0.41)          (0.13)          (0.20)         (-0.13)         (-0.19)         (-0.57)   

stpr_fac28       0.000146          0.0348          0.0425          0.0417          0.0671          0.0133          0.0364         -0.0420   
                   (0.00)          (0.96)          (1.34)          (1.44)          (0.86)          (0.16)          (0.58)         (-0.68)   

stpr_fac29        0.00461          0.0404          0.0104        -0.00997           0.160         -0.0183          0.0705         -0.0241   
                   (0.11)          (0.97)          (0.28)         (-0.30)          (1.77)         (-0.19)          (0.98)         (-0.34)   

stpr_fac30      -0.000458          0.0284          0.0393          0.0212           0.115          0.0994          0.0383          0.0327   
                  (-0.01)          (0.80)          (1.26)          (0.75)          (1.49)          (1.24)          (0.63)          (0.54)   

stpr_fac31        0.00901          0.0214          0.0861*         0.0259          0.0860        -0.00745         0.00514         -0.0691   
                   (0.22)          (0.53)          (2.43)          (0.80)          (0.98)         (-0.08)          (0.07)         (-1.01)   

stpr_fac32        -0.0281          0.0289         -0.0254        -0.00831         0.00452          0.0339         -0.0853        -0.00196   
                  (-0.77)          (0.80)         (-0.80)         (-0.29)          (0.06)          (0.42)         (-1.37)         (-0.03)   

stpr_fac33        0.00886          0.0457           0.118**       -0.0154          0.0224           0.149         -0.0813         0.00546   
                   (0.18)          (0.92)          (2.70)         (-0.39)          (0.21)          (1.33)         (-0.95)          (0.06)   

stpr_fac34       -0.00144          0.0724          0.0801*         0.0712*         0.0875           0.128         0.00759         0.00592   
                  (-0.04)          (1.82)          (2.30)          (2.24)          (1.02)          (1.43)          (0.11)          (0.09)   

stpr_fac35        0.00931          0.0185         -0.0748         -0.0684         -0.0546          -0.180          -0.174*         -0.136   
                   (0.20)          (0.40)         (-1.83)         (-1.83)         (-0.54)         (-1.71)         (-2.17)         (-1.72)   

stpr_fac36        -0.0325         0.00948        -0.00960        -0.00471         -0.0356         -0.0324         -0.0994         -0.0799   
                  (-0.73)          (0.21)         (-0.25)         (-0.13)         (-0.37)         (-0.33)         (-1.31)         (-1.07)   

stpr_fac37        -0.0731          0.0420        -0.00588         -0.0153          -0.101          -0.146          -0.153*         -0.129   
                  (-1.66)          (0.96)         (-0.15)         (-0.44)         (-1.07)         (-1.49)         (-2.04)         (-1.74)   

stpr_fac38        -0.0298          0.0702*         0.0102         0.00826           0.150*          0.178*         0.0708          0.0574   
                  (-0.85)          (2.02)          (0.33)          (0.30)          (2.00)          (2.28)          (1.18)          (0.97)   

stpr_fac39       -0.00919          0.0733         -0.0148        -0.00906          0.0768          0.0735          0.0422          0.0146   
                  (-0.20)          (1.65)         (-0.38)         (-0.25)          (0.80)          (0.73)          (0.55)          (0.19)   

stpr_fac40       -0.00144        0.000642         -0.0158         -0.0432           0.217*        0.00934           0.109         -0.0211   
                  (-0.04)          (0.02)         (-0.46)         (-1.38)          (2.55)          (0.11)          (1.62)         (-0.32)   

stpr_fac41        -0.0143          0.0452         -0.0307         -0.0246           0.126          0.0590           0.100         0.00595   
                  (-0.36)          (1.14)         (-0.88)         (-0.78)          (1.48)          (0.66)          (1.47)          (0.09)   

stpr_fac42        -0.0770          0.0455         0.00906          0.0101          0.0595           0.120          0.0378          0.0287   
                  (-1.65)          (0.98)          (0.22)          (0.27)          (0.59)          (1.15)          (0.47)          (0.36)   

stpr_fac43         0.0157         -0.0531         -0.0194         0.00849         -0.0205         -0.0814          -0.119*         -0.124*  
                   (0.45)         (-1.51)         (-0.63)          (0.30)         (-0.27)         (-1.03)         (-1.97)         (-2.09)   

stpr_fac44        -0.0298          0.0136         0.00226          0.0430           0.132           0.239*         0.0602           0.164*  
                  (-0.66)          (0.31)          (0.06)          (1.21)          (1.37)          (2.39)          (0.79)          (2.18)   

stpr_fac45        0.00269          0.0299          0.0300          0.0248          0.0686           0.166*        -0.0115          0.0709   
                   (0.08)          (0.85)          (0.98)          (0.89)          (0.91)          (2.11)         (-0.19)          (1.19)   

stpr_fac46        -0.0285          0.0249        -0.00686       -0.000539         -0.0841         -0.0759         -0.0778         -0.0614   
                  (-0.73)          (0.65)         (-0.20)         (-0.02)         (-1.01)         (-0.88)         (-1.17)         (-0.94)   

stpr_fac47        -0.0254          0.0150         0.00344        -0.00753          0.0451         -0.0205          0.0178         -0.0631   
                  (-0.72)          (0.43)          (0.11)         (-0.27)          (0.59)         (-0.26)          (0.29)         (-1.06)   

stpr_fac48        -0.0277          0.0247         -0.0320         -0.0183         -0.0238        -0.00293         -0.0859         -0.0622   
                  (-0.70)          (0.63)         (-0.93)         (-0.58)         (-0.28)         (-0.03)         (-1.27)         (-0.93)   

stpr_fac49         0.0244           0.124**        -0.124**        -0.136***      -0.0890         -0.0860          -0.130          -0.216** 
                   (0.56)          (2.87)         (-3.28)         (-3.96)         (-0.95)         (-0.89)         (-1.75)         (-2.95)   

stpr_fac50       -0.00428          0.0468         -0.0136         0.00379          0.0842          0.0997          0.0398          0.0518   
                  (-0.09)          (1.03)         (-0.34)          (0.10)          (0.85)          (0.97)          (0.51)          (0.67)   

stpr_fac51       -0.00129          0.0364        -0.00860         -0.0110          0.0312          0.0333         -0.0545        -0.00276   
                  (-0.04)          (1.04)         (-0.28)         (-0.40)          (0.41)          (0.42)         (-0.91)         (-0.05)   

stpr_fac52        -0.0511          0.0505         -0.0163          0.0129          0.0141          0.0892         -0.0654         -0.0314   
                  (-1.46)          (1.46)         (-0.54)          (0.47)          (0.19)          (1.14)         (-1.10)         (-0.53)   

stpr_fac53         0.0226          0.0126          0.0300        -0.00851          0.0291          0.0176         -0.0799         -0.0406   
                   (0.59)          (0.33)          (0.90)         (-0.28)          (0.35)          (0.21)         (-1.22)         (-0.63)   

stpr_fac54        -0.0876          0.0849         -0.0451         -0.0588          -0.186         -0.0305          -0.155         -0.0906   
                  (-1.77)          (1.73)         (-1.05)         (-1.50)         (-1.75)         (-0.28)         (-1.84)         (-1.09)   

stpr_fac55       0.000942          0.0428          0.0207          0.0212          0.0227          0.0523         -0.0421         -0.0245   
                   (0.03)          (1.17)          (0.65)          (0.73)          (0.29)          (0.64)         (-0.67)         (-0.40)   

stpr_fac56        -0.0134          0.0833*        -0.0197         -0.0227         -0.0490          0.0933         -0.0944         -0.0176   
                  (-0.40)          (2.49)         (-0.67)         (-0.85)         (-0.68)          (1.24)         (-1.64)         (-0.31)   

stpr_fac57        -0.0593          0.0689         -0.0777         -0.0121         -0.0296           0.200         -0.0478          0.0463   
                  (-1.04)          (1.21)         (-1.56)         (-0.27)         (-0.24)          (1.56)         (-0.49)          (0.48)   

stpr_fac58        -0.0342         -0.0317          0.0553          0.0197         -0.0258           0.211*        -0.0572          0.0312   
                  (-0.74)         (-0.69)          (1.37)          (0.54)         (-0.26)          (2.05)         (-0.73)          (0.40)   

stpr_fac59         0.0159           0.103**       0.00826          0.0388         -0.0110           0.162*        -0.0801         0.00651   
                   (0.46)          (2.99)          (0.27)          (1.41)         (-0.15)          (2.09)         (-1.35)          (0.11)   

stpr_fac60        -0.0161          0.0899         -0.0182         -0.0352          0.0293        -0.00555          0.0156         -0.0932   
                  (-0.29)          (1.63)         (-0.38)         (-0.80)          (0.25)         (-0.04)          (0.16)         (-1.00)   

stpr_fac61        -0.0539          0.0698         -0.0131         -0.0126         -0.0467          -0.109         -0.0387         -0.0284   
                  (-0.99)          (1.29)         (-0.28)         (-0.29)         (-0.40)         (-0.90)         (-0.41)         (-0.31)   

stpr_fac62         0.0421          0.0634          0.0414         0.00428           0.120           0.112       -0.000963         0.00738   
                   (1.17)          (1.77)          (1.32)          (0.15)          (1.56)          (1.39)         (-0.02)          (0.12)   

stpr_fac63         0.0691          0.0637         -0.0991*        -0.0559          0.0754         -0.0324        0.000155         -0.0535   
                   (1.55)          (1.44)         (-2.55)         (-1.58)          (0.79)         (-0.33)          (0.00)         (-0.71)   

stpr_fac64       -0.00343         -0.0230         -0.0176         -0.0376           0.137           0.176         0.00298          0.0645   
                  (-0.08)         (-0.51)         (-0.44)         (-1.04)          (1.39)          (1.72)          (0.04)          (0.84)   

stpr_fac65        -0.0197          0.0347        -0.00616          0.0157           0.152         -0.0557          0.0816         -0.0240   
                  (-0.45)          (0.79)         (-0.16)          (0.45)          (1.61)         (-0.57)          (1.09)         (-0.32)   

o.stpr_fac66            0               0               0               0               0               0               0               0   
                      (.)             (.)             (.)             (.)             (.)             (.)             (.)             (.)   

stpr_fac67        0.00812          0.0178          0.0358          0.0571          0.0413          0.0766         -0.0534          0.0115   
                   (0.15)          (0.34)          (0.78)          (1.37)          (0.37)          (0.65)         (-0.60)          (0.13)   

stpr_fac68        -0.0346          0.0108          0.0159         0.00225         -0.0359        -0.00270          -0.101         0.00753   
                  (-0.64)          (0.20)          (0.34)          (0.05)         (-0.31)         (-0.02)         (-1.10)          (0.08)   

stpr_fac69      -0.000359          0.0110          0.0543          0.0207        -0.00719        -0.00216         -0.0926         -0.0538   
                  (-0.01)          (0.23)          (1.32)          (0.55)         (-0.07)         (-0.02)         (-1.14)         (-0.67)   

stpr_fac70        -0.0407           0.104*        -0.0293          0.0206          0.0370         -0.0951         -0.0485          -0.121   
                  (-0.95)          (2.44)         (-0.79)          (0.61)          (0.40)         (-1.00)         (-0.66)         (-1.68)   

stpr_fac71        0.00805          0.0256         0.00228          0.0203          0.0321          0.0727         -0.0537         -0.0475   
                   (0.21)          (0.69)          (0.07)          (0.68)          (0.40)          (0.87)         (-0.84)         (-0.75)   

stpr_fac72        -0.0386          0.0410         -0.0289         -0.0265         -0.0601          0.0497         -0.0912         -0.0292   
                  (-1.01)          (1.08)         (-0.87)         (-0.87)         (-0.73)          (0.58)         (-1.39)         (-0.45)   

stpr_fac73       -0.00571          0.0127          0.0310          0.0297          0.0587         -0.0621         -0.0384         -0.0577   
                  (-0.16)          (0.36)          (1.01)          (1.06)          (0.77)         (-0.78)         (-0.63)         (-0.97)   

stpr_fac74        -0.0540          0.0312         -0.0111          0.0212         -0.0362         -0.0145         -0.0306         -0.0486   
                  (-1.09)          (0.64)         (-0.26)          (0.54)         (-0.34)         (-0.13)         (-0.36)         (-0.58)   

stpr_fac75         -0.143**         0.135**       -0.0221         -0.0331          0.0208          0.0337         -0.0591          -0.124   
                  (-2.75)          (2.63)         (-0.49)         (-0.80)          (0.19)          (0.29)         (-0.67)         (-1.42)   

stpr_fac76        -0.0278         0.00991          0.0486          0.0447          -0.165          -0.130          -0.208*         -0.171   
                  (-0.52)          (0.19)          (1.04)          (1.05)         (-1.43)         (-1.09)         (-2.27)         (-1.89)   

stpr_fac77         0.0128          0.0994         -0.0146         -0.0236           0.380**         0.181           0.257**        0.0486   
                   (0.24)          (1.84)         (-0.31)         (-0.55)          (3.25)          (1.49)          (2.77)          (0.53)   

stpr_fac78        -0.0559         -0.0606         -0.0151         -0.0239          0.0310           0.233*        -0.0554          0.0541   
                  (-1.32)         (-1.44)         (-0.41)         (-0.71)          (0.34)          (2.46)         (-0.77)          (0.76)   

stpr_fac79         0.0297           0.109*        -0.0242         -0.0512          0.0314          0.0131         -0.0492          -0.114   
                   (0.55)          (2.04)         (-0.52)         (-1.20)          (0.27)          (0.11)         (-0.53)         (-1.26)   

stpr_fac80       -0.00815          0.0349         -0.0178         -0.0678*        -0.0225         -0.0704         -0.0716          -0.108   
                  (-0.20)          (0.85)         (-0.49)         (-2.06)         (-0.25)         (-0.76)         (-1.01)         (-1.55)   

stpr_fac81         0.0668           0.103**       -0.0113         -0.0419         -0.0114          0.0239         -0.0953         -0.0612   
                   (1.86)          (2.90)         (-0.36)         (-1.47)         (-0.15)          (0.30)         (-1.56)         (-1.01)   

stpr_fac82         0.0156          0.0345         -0.0373         -0.0974**        -0.106          -0.283**        -0.105          -0.234** 
                   (0.36)          (0.80)         (-0.99)         (-2.83)         (-1.13)         (-2.92)         (-1.42)         (-3.20)   

stpr_fac83        -0.0740          0.0895          0.0170          0.0724           0.197           0.235           0.147           0.121   
                  (-1.37)          (1.67)          (0.36)          (1.69)          (1.69)          (1.94)          (1.59)          (1.33)   

stpr_fac84         -0.140*         0.0249          -0.137**        0.0123         -0.0639         -0.0472         -0.0911         -0.0814   
                  (-2.49)          (0.45)         (-2.79)          (0.27)         (-0.53)         (-0.38)         (-0.95)         (-0.86)   

stpr_fac85         0.0258           0.105*         0.0410          0.0437          -0.114           0.188*         -0.193**        0.0708   
                   (0.63)          (2.57)          (1.15)          (1.35)         (-1.30)          (2.05)         (-2.75)          (1.03)   

stpr_fac86        -0.0633          0.0220         -0.0249        -0.00544          0.0127           0.171         -0.0697          0.0218   
                  (-1.45)          (0.51)         (-0.65)         (-0.16)          (0.14)          (1.76)         (-0.93)          (0.30)   

stpr_fac87        -0.0595          0.0220        -0.00234         -0.0186        -0.00852          0.0606         -0.0578         -0.0377   
                  (-1.37)          (0.51)         (-0.06)         (-0.54)         (-0.09)          (0.63)         (-0.78)         (-0.52)   

stpr_fac88         0.0781*         0.0439          0.0388         0.00323           0.178*        -0.0501          0.0662         -0.0790   
                   (2.05)          (1.16)          (1.17)          (0.11)          (2.17)         (-0.59)          (1.02)         (-1.23)   

stpr_fac89        -0.0357          0.0788*        -0.0138         -0.0130          0.0806           0.121         -0.0114        -0.00445   
                  (-0.96)          (2.14)         (-0.43)         (-0.44)          (1.01)          (1.45)         (-0.18)         (-0.07)   

stpr_fac90        -0.0559          0.0337         -0.0211         0.00871         0.00205          0.0522        -0.00948         -0.0193   
                  (-1.12)          (0.68)         (-0.49)          (0.22)          (0.02)          (0.47)         (-0.11)         (-0.23)   

stpr_fac91        -0.0489          0.0118          0.0301         0.00186          0.0524           0.241**        0.0362           0.115   
                  (-1.40)          (0.34)          (0.99)          (0.07)          (0.70)          (3.08)          (0.61)          (1.95)   

stpr_fac92        -0.0279          0.0325          0.0168         0.00519         -0.0168          0.0883         -0.0694         -0.0113   
                  (-0.76)          (0.89)          (0.53)          (0.18)         (-0.21)          (1.08)         (-1.11)         (-0.18)   

stpr_fac93        -0.0433          0.0671          0.0624          0.0613          0.0400          0.0383          0.0267         -0.0189   
                  (-1.08)          (1.69)          (1.79)          (1.93)          (0.46)          (0.43)          (0.39)         (-0.28)   

stpr_fac94        0.00173         -0.0233        -0.00784        -0.00914          0.0213         -0.0135        -0.00820         -0.0186   
                   (0.05)         (-0.65)         (-0.25)         (-0.32)          (0.27)         (-0.17)         (-0.13)         (-0.31)   

stpr_fac95       -0.00876         0.00370         -0.0121        -0.00860         -0.0225          -0.114         -0.0729          -0.128   
                  (-0.19)          (0.08)         (-0.31)         (-0.24)         (-0.23)         (-1.12)         (-0.94)         (-1.68)   

stpr_fac96        -0.0329          0.0761*         0.0235          0.0157          -0.125           0.110          -0.109         -0.0223   
                  (-0.94)          (2.19)          (0.77)          (0.56)         (-1.67)          (1.41)         (-1.82)         (-0.38)   

stpr_fac97       0.000683          0.0847*        -0.0308         0.00274          0.0694          0.0906         0.00805         -0.0122   
                   (0.02)          (2.27)         (-0.94)          (0.09)          (0.86)          (1.08)          (0.13)         (-0.19)   

stpr_fac98       -0.00569        -0.00740         -0.0266         -0.0126          0.0285         -0.0261         -0.0295        -0.00822   
                  (-0.14)         (-0.18)         (-0.75)         (-0.39)          (0.33)         (-0.29)         (-0.43)         (-0.12)   

stpr_fac99        0.00710          0.0952*         0.0192         0.00711         0.00559           0.254**      0.000827           0.111   
                   (0.17)          (2.29)          (0.53)          (0.21)          (0.06)          (2.72)          (0.01)          (1.58)   

stpr_fac100      -0.00994         -0.0396          0.0475         -0.0458          0.0897         -0.0838          0.0527         -0.0479   
                  (-0.23)         (-0.91)          (1.24)         (-1.32)          (0.95)         (-0.86)          (0.70)         (-0.65)   

stpr_fac101       -0.0802          0.0565         0.00152          0.0146         -0.0985         0.00523          -0.123         -0.0259   
                  (-1.46)          (1.04)          (0.03)          (0.34)         (-0.84)          (0.04)         (-1.31)         (-0.28)   

stpr_fac102       -0.0472         0.00409           0.112**       -0.0218          0.0458         -0.0251          0.0357         -0.0607   
                  (-1.02)          (0.09)          (2.78)         (-0.59)          (0.46)         (-0.24)          (0.45)         (-0.78)   

stpr_fac103        0.0101         0.00933          0.0725          0.0288           0.126           0.215*         0.0407          0.0964   
                   (0.21)          (0.19)          (1.72)          (0.75)          (1.21)          (1.98)          (0.49)          (1.18)   

_cons              0.0126         -0.0417        -0.00757        -0.00982         -0.0186         -0.0488          0.0318          0.0176   
                   (0.40)         (-1.35)         (-0.28)         (-0.40)         (-0.28)         (-0.70)          (0.60)          (0.33)   
--------------------------------------------------------------------------------------------------------------------------------------------
N                    1211            1211            1211            1211            1211            1211            1211            1211   
R-sq                0.191           0.213           0.230           0.219           0.217           0.241           0.241           0.196   
--------------------------------------------------------------------------------------------------------------------------------------------
t statistics in parentheses
* p<0.05, ** p<0.01, *** p<0.001
