--------------------------------------------------------------------------------------------------------------------------------------------
                      (1)             (2)             (3)             (4)             (5)             (6)             (7)             (8)   
             aginc_back~d    aginc_pred~t    nfincome_b~d    nfincome_p~t    output_bac~d    output_pre~t    percapinc_~d    percapinc_~t   
--------------------------------------------------------------------------------------------------------------------------------------------
lnbh04diff~e       -0.122         0.00435         -0.0449         -0.0261          -0.126          0.0513          0.0230          0.0258   
                  (-0.97)          (0.03)         (-0.62)         (-0.34)         (-1.48)          (0.53)          (0.29)          (0.31)   

stpr_fac1          -0.199*         0.0585          -0.144**        0.0391          -0.142**         0.114         -0.0664          0.0425   
                  (-2.47)          (0.72)         (-3.11)          (0.81)         (-2.63)          (1.86)         (-1.33)          (0.81)   

stpr_fac2         -0.0909          0.0783         -0.0489          0.0624          -0.125*          0.114        -0.00840          0.0592   
                  (-1.16)          (0.99)         (-1.10)          (1.33)         (-2.40)          (1.93)         (-0.17)          (1.16)   

stpr_fac3         -0.0898          0.0899         -0.0429          0.0202         -0.0852*         0.0441         -0.0555          0.0396   
                  (-1.42)          (1.40)         (-1.19)          (0.53)         (-2.01)          (0.92)         (-1.42)          (0.96)   

stpr_fac4         0.00729           0.228**        0.0124           0.114**       -0.0990*          0.110*       -0.00581          0.0740   
                   (0.10)          (3.13)          (0.30)          (2.63)         (-2.06)          (2.02)         (-0.13)          (1.57)   

stpr_fac5          -0.110          0.0807         -0.0235           0.114*         -0.216***        0.204**        0.0105           0.139*  
                  (-1.33)          (0.97)         (-0.50)          (2.29)         (-3.91)          (3.25)          (0.21)          (2.57)   

stpr_fac6          0.0458          0.0995          0.0282           0.122          0.0224           0.166*        -0.0295           0.193** 
                   (0.43)          (0.92)          (0.46)          (1.91)          (0.31)          (2.05)         (-0.45)          (2.76)   

stpr_fac7        -0.00832          0.0967          0.0574          0.0742         -0.0623           0.161**        0.0170          0.0215   
                  (-0.12)          (1.35)          (1.42)          (1.74)         (-1.31)          (2.99)          (0.39)          (0.46)   

stpr_fac8         0.00188          0.0446          0.0646         -0.0172          -0.109           0.140         0.00604          0.0498   
                   (0.02)          (0.45)          (1.16)         (-0.29)         (-1.67)          (1.90)          (0.10)          (0.78)   

stpr_fac9         -0.0515         -0.0138         -0.0266          0.0137         -0.0448          0.0790        -0.00426          0.0183   
                  (-0.80)         (-0.21)         (-0.72)          (0.35)         (-1.04)          (1.61)         (-0.11)          (0.43)   

stpr_fac10        -0.0921         0.00778         -0.0561          0.0258         -0.0160           0.171**       -0.0291          0.0486   
                  (-1.31)          (0.11)         (-1.40)          (0.61)         (-0.34)          (3.21)         (-0.67)          (1.06)   

stpr_fac11         -0.105           0.104         -0.0497          0.0908          -0.101           0.121*        -0.0447           0.104*  
                  (-1.31)          (1.28)         (-1.08)          (1.88)         (-1.88)          (1.99)         (-0.90)          (1.97)   

stpr_fac12        -0.0356           0.164*        -0.0277           0.111*         -0.115*          0.153**       -0.0701          0.0604   
                  (-0.49)          (2.22)         (-0.66)          (2.55)         (-2.35)          (2.76)         (-1.56)          (1.26)   

stpr_fac13        -0.0506          0.0320         -0.0466          0.0510        -0.00376           0.135*         0.0640          0.0826   
                  (-0.61)          (0.38)         (-0.99)          (1.03)         (-0.07)          (2.15)          (1.25)          (1.53)   

o.stpr_fac14            0               0               0               0               0               0               0               0   
                      (.)             (.)             (.)             (.)             (.)             (.)             (.)             (.)   

stpr_fac15         0.0432           0.140*        -0.0243           0.109**         0.118**         0.152**       -0.0144           0.121** 
                   (0.68)          (2.19)         (-0.67)          (2.88)          (2.78)          (3.18)         (-0.37)          (2.93)   

stpr_fac16         -0.139           0.195*        -0.0226          0.0765         -0.0816           0.160**       -0.0108           0.119*  
                  (-1.84)          (2.56)         (-0.53)          (1.69)         (-1.62)          (2.81)         (-0.23)          (2.41)   

stpr_fac17          0.261***       -0.262***       0.0232          0.0551         -0.0384           0.114*          0.142***       -0.178***
                   (3.98)         (-3.96)          (0.62)          (1.40)         (-0.88)          (2.30)          (3.52)         (-4.15)   

stpr_fac18         -0.147*          0.112         -0.0538           0.147***      -0.0974*         0.0836          -0.143***       0.0814   
                  (-2.15)          (1.63)         (-1.38)          (3.60)         (-2.14)          (1.62)         (-3.41)          (1.83)   

stpr_fac19        -0.0256           0.185*        -0.0411          0.0481         -0.0803          0.0514         -0.0767          0.0947*  
                  (-0.35)          (2.48)         (-0.97)          (1.09)         (-1.63)          (0.92)         (-1.68)          (1.96)   

stpr_fac20         0.0562        0.000228          0.0456         -0.0602        -0.00860          0.0342         -0.0144         -0.0582   
                   (0.81)          (0.00)          (1.15)         (-1.45)         (-0.19)          (0.65)         (-0.34)         (-1.29)   

stpr_fac21         0.0569          0.0511         -0.0200          0.0354         -0.0648         -0.0367         -0.0459          0.0775   
                   (0.81)          (0.71)         (-0.49)          (0.83)         (-1.37)         (-0.69)         (-1.05)          (1.68)   

stpr_fac22        -0.0663           0.132         -0.0230          0.0723          -0.134*          0.105         -0.0540          0.0721   
                  (-0.76)          (1.50)         (-0.46)          (1.38)         (-2.30)          (1.59)         (-1.00)          (1.26)   

stpr_fac23        -0.0519          0.0176         -0.0225         -0.0175         -0.0192         0.00504         -0.0336         -0.0296   
                  (-0.60)          (0.20)         (-0.45)         (-0.34)         (-0.33)          (0.08)         (-0.63)         (-0.52)   

stpr_fac24        -0.0691           0.144         -0.0463           0.125*         -0.101          0.0953         -0.0846          0.0753   
                  (-0.81)          (1.68)         (-0.95)          (2.45)         (-1.78)          (1.48)         (-1.61)          (1.35)   

stpr_fac25        -0.0214           0.120         -0.0147           0.103*        -0.0841           0.110*        -0.0664          0.0502   
                  (-0.31)          (1.72)         (-0.37)          (2.49)         (-1.82)          (2.09)         (-1.55)          (1.11)   

stpr_fac26        -0.0123          0.0209        -0.00314         -0.0449          0.0253          0.0373         -0.0493         -0.0566   
                  (-0.11)          (0.18)         (-0.05)         (-0.67)          (0.34)          (0.44)         (-0.71)         (-0.77)   

stpr_fac27         0.0206          0.0335          0.0460        -0.00349        -0.00230          0.0656          0.0197       -0.000344   
                   (0.19)          (0.31)          (0.75)         (-0.05)         (-0.03)          (0.81)          (0.30)         (-0.00)   

stpr_fac28        -0.0210          0.0683          0.0425          0.0349         -0.0502          0.0716         -0.0128         0.00171   
                  (-0.33)          (1.06)          (1.17)          (0.92)         (-1.18)          (1.49)         (-0.33)          (0.04)   

stpr_fac29         0.0386           0.103          0.0347          0.0440          -0.103*          0.154**        0.0230          0.0639   
                   (0.53)          (1.39)          (0.83)          (1.00)         (-2.09)          (2.76)          (0.51)          (1.33)   

stpr_fac30         0.0393          0.0976          0.0141          0.0669         -0.0356          0.0813         -0.0277          0.0494   
                   (0.63)          (1.55)          (0.40)          (1.79)         (-0.85)          (1.72)         (-0.72)          (1.21)   

stpr_fac31         0.0109          0.0703          0.0414          0.0465         -0.0672          0.0750         -0.0524          0.0258   
                   (0.15)          (0.98)          (1.02)          (1.09)         (-1.42)          (1.40)         (-1.20)          (0.56)   

stpr_fac32         -0.175**         0.148*        -0.0951**        0.0243          -0.129**        0.0797         -0.0971*         0.0667   
                  (-2.76)          (2.31)         (-2.62)          (0.64)         (-3.05)          (1.66)         (-2.48)          (1.61)   

stpr_fac33          0.183*        -0.0728          0.0535        -0.00823        -0.00733          0.0340         -0.0147          0.0129   
                   (2.09)         (-0.82)          (1.07)         (-0.16)         (-0.13)          (0.51)         (-0.27)          (0.23)   

stpr_fac34         0.0182           0.165*         0.0612          0.0650          -0.110*          0.163**       -0.0154        0.000580   
                   (0.26)          (2.35)          (1.54)          (1.56)         (-2.36)          (3.10)         (-0.36)          (0.01)   

stpr_fac35        -0.0955          0.0569          -0.107*        -0.0113         -0.0714          0.0507        -0.00854           0.102   
                  (-1.17)          (0.69)         (-2.29)         (-0.23)         (-1.31)          (0.82)         (-0.17)          (1.90)   

stpr_fac36        -0.0738          0.0338        0.000635         -0.0222          -0.129*         0.0660         0.00918       -0.000912   
                  (-0.96)          (0.43)          (0.01)         (-0.48)         (-2.50)          (1.13)          (0.19)         (-0.02)   

stpr_fac37         -0.125           0.155*         -0.115**         0.133**        -0.164**         0.147*         -0.119*          0.170***
                  (-1.64)          (2.00)         (-2.63)          (2.89)         (-3.20)          (2.53)         (-2.52)          (3.41)   

stpr_fac38        -0.0122           0.125*        -0.0135          0.0903*        -0.0914*         0.0999*        -0.0207          0.0842*  
                  (-0.20)          (2.03)         (-0.39)          (2.48)         (-2.25)          (2.17)         (-0.55)          (2.12)   

stpr_fac39        -0.0763          0.0908         -0.0602          0.0389         -0.0744           0.105         -0.0403          0.0737   
                  (-0.98)          (1.15)         (-1.35)          (0.83)         (-1.43)          (1.77)         (-0.84)          (1.45)   

stpr_fac40        -0.0543          0.0165         -0.0288          0.0423         0.00133        -0.00893         -0.0220          0.0753   
                  (-0.79)          (0.24)         (-0.73)          (1.03)          (0.03)         (-0.17)         (-0.52)          (1.68)   

stpr_fac41         -0.104          0.0797         -0.0358          0.0398         -0.0779          0.0711         -0.0291          0.0811   
                  (-1.50)          (1.14)         (-0.90)          (0.96)         (-1.68)          (1.35)         (-0.68)          (1.79)   

stpr_fac42         -0.137           0.139         -0.0601          0.0424          -0.125*          0.100         -0.0815          0.0727   
                  (-1.68)          (1.69)         (-1.30)          (0.87)         (-2.30)          (1.63)         (-1.63)          (1.37)   

stpr_fac43        -0.0650          0.0481         -0.0390         0.00271         -0.0729        -0.00493         -0.0254         0.00610   
                  (-1.06)          (0.78)         (-1.11)          (0.07)         (-1.77)         (-0.11)         (-0.67)          (0.15)   

stpr_fac44        -0.0379          0.0767         -0.0185          0.0221         -0.0846          0.0837         -0.0246        -0.00373   
                  (-0.49)          (0.97)         (-0.42)          (0.47)         (-1.63)          (1.42)         (-0.51)         (-0.07)   

stpr_fac45       -0.00208          0.0779          0.0165          0.0477         -0.0517          0.0669        -0.00464          0.0267   
                  (-0.03)          (1.26)          (0.47)          (1.30)         (-1.26)          (1.44)         (-0.12)          (0.67)   

stpr_fac46        -0.0746          0.0367         -0.0586          0.0463         -0.0962*         0.0830         -0.0403          0.0341   
                  (-1.11)          (0.54)         (-1.52)          (1.14)         (-2.13)          (1.62)         (-0.97)          (0.77)   

stpr_fac47        -0.0867          0.0449         -0.0559          0.0470          -0.131**         0.128**       -0.0487          0.0331   
                  (-1.41)          (0.72)         (-1.59)          (1.27)         (-3.19)          (2.73)         (-1.28)          (0.82)   

stpr_fac48        -0.0624          0.0515         -0.0722        -0.00184         -0.0954*         0.0771         -0.0121          0.0476   
                  (-0.91)          (0.74)         (-1.84)         (-0.04)         (-2.08)          (1.48)         (-0.29)          (1.06)   

stpr_fac49       -0.00909          -0.184*         -0.187***       -0.103*        -0.0263           0.167**       0.00442         -0.0145   
                  (-0.12)         (-2.41)         (-4.34)         (-2.28)         (-0.52)          (2.91)          (0.09)         (-0.29)   

stpr_fac50        -0.0467          0.0588         -0.0548          0.0492         -0.0736          0.0940         -0.0219          0.0384   
                  (-0.58)          (0.73)         (-1.20)          (1.03)         (-1.37)          (1.55)         (-0.44)          (0.73)   

stpr_fac51        -0.0544           0.113         -0.0302          0.0673         -0.0350          0.0808         -0.0434          0.0980*  
                  (-0.89)          (1.82)         (-0.86)          (1.83)         (-0.85)          (1.74)         (-1.15)          (2.45)   

stpr_fac52         -0.230***        0.230***      -0.0382          0.0798*        -0.0278          0.0845          -0.139***        0.147***
                  (-3.79)          (3.74)         (-1.10)          (2.20)         (-0.68)          (1.84)         (-3.71)          (3.71)   

stpr_fac53         0.0527           0.155*        -0.0372          0.0311         -0.0327          0.0783         -0.0350           0.113** 
                   (0.79)          (2.31)         (-0.98)          (0.78)         (-0.74)          (1.56)         (-0.86)          (2.59)   

stpr_fac54         -0.197*          0.131          -0.187***       0.0294          -0.224***       0.0652          -0.107*          0.146** 
                  (-2.30)          (1.50)         (-3.80)          (0.57)         (-3.89)          (1.00)         (-2.02)          (2.60)   

stpr_fac55        -0.0205           0.151*        0.00519           0.111**       -0.0805           0.113*        -0.0244          0.0976*  
                  (-0.32)          (2.34)          (0.14)          (2.91)         (-1.89)          (2.34)         (-0.62)          (2.34)   

stpr_fac56        -0.0320           0.107         -0.0609          0.0566          -0.103**         0.160***      -0.0150          0.0956*  
                  (-0.55)          (1.81)         (-1.82)          (1.61)         (-2.62)          (3.61)         (-0.42)          (2.49)   

stpr_fac57         -0.165           0.116          -0.107          0.0734          -0.188**         0.130         -0.0307           0.109   
                  (-1.66)          (1.15)         (-1.88)          (1.23)         (-2.82)          (1.72)         (-0.50)          (1.68)   

stpr_fac58         0.0567          0.0342          0.0103          0.0536         -0.0733          0.0554         -0.0489          0.0410   
                   (0.71)          (0.42)          (0.22)          (1.11)         (-1.36)          (0.91)         (-0.99)          (0.78)   

stpr_fac59        -0.0524           0.189**       0.00206           0.116**       -0.0632           0.134**       -0.0354          0.0943*  
                  (-0.87)          (3.08)          (0.06)          (3.21)         (-1.56)          (2.93)         (-0.95)          (2.38)   

stpr_fac60       -0.00624          0.0584        -0.00158         -0.0263         -0.0762           0.124          0.0165          0.0512   
                  (-0.06)          (0.60)         (-0.03)         (-0.45)         (-1.18)          (1.70)          (0.28)          (0.81)   

stpr_fac61        -0.0714           0.128         -0.0343          0.0653          -0.128*          0.144*        -0.0261           0.102   
                  (-0.75)          (1.34)         (-0.63)          (1.15)         (-2.02)          (1.99)         (-0.45)          (1.65)   

stpr_fac62         0.0829           0.178**        0.0782*         0.0863*         0.0200           0.132**        0.0288          0.0977*  
                   (1.32)          (2.80)          (2.18)          (2.30)          (0.48)          (2.78)          (0.75)          (2.39)   

stpr_fac63         -0.103         -0.0688         -0.0679         -0.0889         -0.0371           0.130*         0.0236         -0.0176   
                  (-1.33)         (-0.88)         (-1.53)         (-1.91)         (-0.72)          (2.22)          (0.49)         (-0.35)   

stpr_fac64        -0.0271          0.0995         -0.0160          0.0655         -0.0629           0.113        -0.00646           0.109*  
                  (-0.34)          (1.24)         (-0.35)          (1.37)         (-1.18)          (1.87)         (-0.13)          (2.09)   

stpr_fac65        -0.0424           0.121         -0.0317          0.0958*        -0.0738          0.0746         -0.0292          0.0887   
                  (-0.55)          (1.56)         (-0.72)          (2.09)         (-1.44)          (1.29)         (-0.62)          (1.77)   

o.stpr_fac66            0               0               0               0               0               0               0               0   
                      (.)             (.)             (.)             (.)             (.)             (.)             (.)             (.)   

stpr_fac67        -0.0108           0.130         -0.0258           0.116*        -0.0415          0.0722         -0.0649          0.0602   
                  (-0.12)          (1.41)         (-0.49)          (2.12)         (-0.68)          (1.04)         (-1.15)          (1.01)   

stpr_fac68        -0.0205           0.118       -0.000854          0.0664          -0.101          0.0769         -0.0197          0.0735   
                  (-0.22)          (1.25)         (-0.02)          (1.19)         (-1.62)          (1.09)         (-0.34)          (1.20)   

stpr_fac69        -0.0169         0.00628         0.00174          0.0241         -0.0629          0.0280         -0.0569        0.000454   
                  (-0.20)          (0.08)          (0.04)          (0.49)         (-1.14)          (0.45)         (-1.12)          (0.01)   

stpr_fac70        -0.0836           0.138         -0.0619          0.0518          -0.168***        0.183**       -0.0391          0.0494   
                  (-1.12)          (1.83)         (-1.46)          (1.16)         (-3.37)          (3.24)         (-0.85)          (1.02)   

stpr_fac71         0.0980          0.0843         0.00212          0.0110         -0.0565          0.0219          0.0565          0.0238   
                   (1.50)          (1.27)          (0.06)          (0.28)         (-1.29)          (0.44)          (1.40)          (0.56)   

stpr_fac72         0.0226          0.0790         -0.0768*         0.0163         -0.0823          0.0289          0.0144          0.0607   
                   (0.34)          (1.17)         (-2.02)          (0.41)         (-1.85)          (0.57)          (0.35)          (1.39)   

stpr_fac73        -0.0194           0.117         0.00579          0.0367         -0.0484          0.0701         -0.0286          0.0222   
                  (-0.32)          (1.87)          (0.16)          (0.99)         (-1.17)          (1.50)         (-0.75)          (0.55)   

stpr_fac74         -0.157          0.0623         -0.0662          0.0513         -0.0885          0.0820         -0.0602          0.0426   
                  (-1.83)          (0.72)         (-1.35)          (1.00)         (-1.54)          (1.26)         (-1.14)          (0.76)   

stpr_fac75         -0.139           0.238**       -0.0834          0.0323          -0.175**        0.0596         -0.0649           0.170** 
                  (-1.54)          (2.61)         (-1.62)          (0.60)         (-2.89)          (0.87)         (-1.16)          (2.89)   

stpr_fac76        -0.0154         -0.0126         -0.0249        -0.00351          -0.120          0.0980         -0.0678         -0.0710   
                  (-0.17)         (-0.13)         (-0.47)         (-0.06)         (-1.92)          (1.39)         (-1.18)         (-1.17)   

stpr_fac77         0.0540           0.202*        -0.0554           0.117*        -0.0573           0.226**      -0.00746           0.141*  
                   (0.57)          (2.11)         (-1.03)          (2.07)         (-0.91)          (3.15)         (-0.13)          (2.28)   

stpr_fac78         -0.132          -0.224**       -0.0143         -0.0628         -0.0929          0.0364         -0.0320          -0.143** 
                  (-1.80)         (-3.01)         (-0.34)         (-1.42)         (-1.89)          (0.65)         (-0.71)         (-2.97)   

stpr_fac79         -0.485***        0.223*       -0.00569          0.0884         -0.0586          0.0631          -0.213***        0.223***
                  (-5.18)          (2.35)         (-0.11)          (1.57)         (-0.94)          (0.89)         (-3.70)          (3.65)   

stpr_fac80         -0.133         -0.0773         -0.0748         -0.0267          -0.167***       0.0198         -0.0676          0.0176   
                  (-1.85)         (-1.06)         (-1.82)         (-0.62)         (-3.46)          (0.36)         (-1.52)          (0.37)   

stpr_fac81          0.117         -0.0105          -0.115**        0.0785*        -0.0800           0.126**       0.00260          0.0458   
                   (1.88)         (-0.17)         (-3.23)          (2.10)         (-1.92)          (2.67)          (0.07)          (1.12)   

stpr_fac82          0.283***      -0.0645         -0.0638          0.0293          -0.154**         0.116*          0.190***       0.0160   
                   (3.74)         (-0.84)         (-1.48)          (0.65)         (-3.05)          (2.03)          (4.08)          (0.32)   

stpr_fac83         -0.109           0.301**        0.0563          0.0636          -0.215***        0.224**      -0.00354          0.0381   
                  (-1.16)          (3.16)          (1.05)          (1.13)         (-3.41)          (3.14)         (-0.06)          (0.62)   

stpr_fac84         -0.234*         0.0828          -0.119*        -0.0643          -0.293***        0.128          0.0152         -0.0266   
                  (-2.39)          (0.84)         (-2.13)         (-1.10)         (-4.49)          (1.72)          (0.25)         (-0.42)   

stpr_fac85        0.00875           0.160*         0.0294          0.0429         -0.0224           0.174**       -0.0162          0.0166   
                   (0.12)          (2.22)          (0.72)          (1.00)         (-0.47)          (3.22)         (-0.37)          (0.36)   

stpr_fac86        -0.0811          0.0882         -0.0465          0.0378          -0.147**        0.0656         -0.0262          0.0597   
                  (-1.07)          (1.15)         (-1.07)          (0.83)         (-2.89)          (1.14)         (-0.56)          (1.20)   

stpr_fac87        -0.0689          0.0864         -0.0142          0.0228          -0.137**         0.112         -0.0167          0.0599   
                  (-0.91)          (1.13)         (-0.33)          (0.50)         (-2.72)          (1.95)         (-0.36)          (1.21)   

stpr_fac88          0.115           0.205**        0.0814*         0.0746         -0.0277           0.193***       0.0722           0.153***
                   (1.73)          (3.05)          (2.15)          (1.88)         (-0.62)          (3.85)          (1.77)          (3.52)   

stpr_fac89        -0.0379           0.181**       -0.0267          0.0886*        -0.0598           0.186***      -0.0139           0.122** 
                  (-0.59)          (2.77)         (-0.72)          (2.28)         (-1.38)          (3.79)         (-0.35)          (2.87)   

stpr_fac90         -0.100           0.182*        -0.0429           0.101          -0.132*          0.143*        -0.0282           0.115*  
                  (-1.16)          (2.07)         (-0.87)          (1.94)         (-2.28)          (2.17)         (-0.53)          (2.02)   

stpr_fac91        -0.0510           0.114         -0.0136          0.0520         -0.0742          0.0550         -0.0591          0.0638   
                  (-0.84)          (1.85)         (-0.39)          (1.43)         (-1.83)          (1.19)         (-1.58)          (1.60)   

stpr_fac92         -0.108           0.116         -0.0574          0.0586          -0.100*         0.0567         -0.0971*         0.0603   
                  (-1.70)          (1.81)         (-1.58)          (1.53)         (-2.36)          (1.18)         (-2.47)          (1.45)   

stpr_fac93        -0.0447           0.156*        -0.0297          0.0828*         -0.154***        0.112*         -0.105*         0.0365   
                  (-0.64)          (2.21)         (-0.75)          (1.98)         (-3.31)          (2.13)         (-2.44)          (0.80)   

stpr_fac94        -0.0931           0.270***      -0.0388          0.0397         -0.0641           0.108*        -0.0537           0.175***
                  (-1.48)          (4.24)         (-1.08)          (1.05)         (-1.52)          (2.25)         (-1.38)          (4.26)   

stpr_fac95        -0.0648         0.00903         -0.0488         -0.0269         -0.0663          0.0591         -0.0412         0.00164   
                  (-0.82)          (0.11)         (-1.08)         (-0.57)         (-1.26)          (0.99)         (-0.85)          (0.03)   

stpr_fac96        -0.0482           0.120         -0.0218          0.0666          -0.119**         0.125**       -0.0511          0.0632   
                  (-0.79)          (1.95)         (-0.63)          (1.82)         (-2.92)          (2.71)         (-1.36)          (1.59)   

stpr_fac97        -0.0161          0.0812          0.0136          0.0154         -0.0393           0.129**        0.0370          0.0424   
                  (-0.25)          (1.23)          (0.36)          (0.39)         (-0.90)          (2.62)          (0.92)          (0.99)   

stpr_fac98       0.000792          0.0434         -0.0427         -0.0467          -0.102*         0.0323          0.0211        -0.00470   
                   (0.01)          (0.61)         (-1.06)         (-1.10)         (-2.15)          (0.60)          (0.48)         (-0.10)   

stpr_fac99        -0.0379           0.118         -0.0308          0.0962*        -0.0884           0.142*        -0.0529          0.0922   
                  (-0.52)          (1.60)         (-0.74)          (2.20)         (-1.82)          (2.57)         (-1.18)          (1.94)   

stpr_fac100       -0.0197         -0.0480         0.00924         -0.0959*        -0.0948          0.0284         -0.0228         -0.0247   
                  (-0.26)         (-0.62)          (0.21)         (-2.10)         (-1.86)          (0.49)         (-0.48)         (-0.50)   

stpr_fac101        -0.176          0.0997          -0.104          0.0492          -0.190**        0.0936          -0.111          0.0637   
                  (-1.84)          (1.03)         (-1.91)          (0.86)         (-2.98)          (1.30)         (-1.88)          (1.02)   

stpr_fac102       -0.0950           0.129        -0.00480           0.115*         -0.190***       0.0544          -0.144**         0.126*  
                  (-1.18)          (1.58)         (-0.10)          (2.39)         (-3.52)          (0.89)         (-2.90)          (2.39)   

stpr_fac103       0.00832          0.0694          0.0271          0.0736         -0.0266          0.0641         -0.0461          0.0352   
                   (0.10)          (0.82)          (0.56)          (1.46)         (-0.47)          (1.00)         (-0.89)          (0.64)   

_cons              0.0393          -0.100          0.0191         -0.0523          0.0748*        -0.0951*         0.0313         -0.0552   
                   (0.73)         (-1.83)          (0.62)         (-1.61)          (2.06)         (-2.31)          (0.93)         (-1.56)   
--------------------------------------------------------------------------------------------------------------------------------------------
N                    1211            1211            1211            1211            1211            1211            1211            1211   
R-sq                0.293           0.302           0.287           0.262           0.251           0.198           0.277           0.322   
--------------------------------------------------------------------------------------------------------------------------------------------
t statistics in parentheses
* p<0.05, ** p<0.01, *** p<0.001
