--------------------------------------------------------------------------------------------------------------------------------------------
                      (1)             (2)             (3)             (4)             (5)             (6)             (7)             (8)   
             aginc_back~d    aginc_pred~t    nfincome_b~d    nfincome_p~t    output_bac~d    output_pre~t    percapinc_~d    percapinc_~t   
--------------------------------------------------------------------------------------------------------------------------------------------
lncedc96di~e        0.104*        -0.0405          0.0778**      -0.00693          0.0273         -0.0433          0.0381         -0.0423   
                   (2.07)         (-0.80)          (2.66)         (-0.26)          (1.08)         (-1.40)          (1.41)         (-1.52)   

stpr_fac1          -0.279***       0.0487          -0.138**       -0.0619         -0.0279          0.0582         -0.0382          0.0339   
                  (-3.39)          (0.59)         (-2.88)         (-1.43)         (-0.68)          (1.15)         (-0.87)          (0.74)   

stpr_fac2          -0.373***       0.0683          -0.177***      -0.0207         -0.0622          0.0678          -0.131**        0.0521   
                  (-4.14)          (0.75)         (-3.37)         (-0.44)         (-1.38)          (1.22)         (-2.70)          (1.04)   

stpr_fac3          -0.284***      -0.0237          -0.126**       -0.0663         -0.0654         -0.0114         -0.0879*       -0.00540   
                  (-4.06)         (-0.34)         (-3.09)         (-1.80)         (-1.86)         (-0.26)         (-2.34)         (-0.14)   

stpr_fac4          -0.302***        0.104          -0.150**      -0.00599         -0.0904*        0.00514         -0.0954*         0.0386   
                  (-3.63)          (1.25)         (-3.09)         (-0.14)         (-2.17)          (0.10)         (-2.14)          (0.84)   

stpr_fac5         -0.0600          0.0503          0.0803          0.0186          0.0146         -0.0349         -0.0186        -0.00671   
                  (-0.65)          (0.54)          (1.48)          (0.38)          (0.31)         (-0.61)         (-0.37)         (-0.13)   

stpr_fac6          0.0228           0.177          0.0758           0.102          0.0481           0.238**       -0.0246          0.0880   
                   (0.18)          (1.35)          (1.00)          (1.49)          (0.74)          (2.97)         (-0.35)          (1.22)   

stpr_fac7         -0.0772           0.151        -0.00618          0.0484         -0.0134          0.0210         0.00247           0.124** 
                  (-0.91)          (1.77)         (-0.12)          (1.08)         (-0.31)          (0.40)          (0.05)          (2.63)   

stpr_fac8          -0.413***        0.212          -0.240***        0.103         -0.0696           0.100          -0.134*          0.106   
                  (-3.53)          (1.80)         (-3.52)          (1.67)         (-1.18)          (1.38)         (-2.13)          (1.63)   

stpr_fac9          -0.202**        0.0937          -0.104*        0.00610         0.00224          0.0466         -0.0188          0.0890*  
                  (-2.69)          (1.24)         (-2.38)          (0.15)          (0.06)          (1.00)         (-0.47)          (2.14)   

stpr_fac10         -0.330***      -0.0566          -0.201***      -0.0161          -0.115**         0.103*        -0.0519          0.0206   
                  (-4.12)         (-0.71)         (-4.31)         (-0.38)         (-2.87)          (2.08)         (-1.21)          (0.47)   

stpr_fac11         -0.311***       0.0866          -0.153**      -0.00343         -0.0800          0.0427         -0.0765          0.0333   
                  (-3.65)          (1.01)         (-3.07)         (-0.08)         (-1.87)          (0.81)         (-1.67)          (0.70)   

stpr_fac12         -0.139          0.0822         -0.0439          0.0149        -0.00713          0.0567         -0.0444         0.00379   
                  (-1.78)          (1.05)         (-0.96)          (0.36)         (-0.18)          (1.17)         (-1.06)          (0.09)   

stpr_fac13         -0.455***      -0.0662          -0.316***      -0.0873          -0.132**        0.0756         -0.0572         0.00218   
                  (-4.59)         (-0.66)         (-5.46)         (-1.67)         (-2.65)          (1.23)         (-1.07)          (0.04)   

stpr_fac14         -0.210           0.151         -0.0919          0.0595         -0.0557          0.0760        -0.00190           0.104   
                  (-1.77)          (1.27)         (-1.33)          (0.95)         (-0.94)          (1.04)         (-0.03)          (1.58)   

stpr_fac15         -0.235**        0.0875          -0.117**        0.0201         -0.0535          0.0916*        -0.0378          0.0739   
                  (-3.26)          (1.21)         (-2.79)          (0.53)         (-1.48)          (2.06)         (-0.98)          (1.85)   

stpr_fac16         -0.319***      -0.0166          -0.187***      -0.0199         -0.0942*         0.0155         -0.0911          0.0633   
                  (-3.63)         (-0.19)         (-3.64)         (-0.43)         (-2.13)          (0.28)         (-1.93)          (1.30)   

stpr_fac17          0.242           0.188           0.203*         0.0520          0.0676         -0.0212           0.172*         0.0125   
                   (1.61)          (1.25)          (2.32)          (0.66)          (0.90)         (-0.23)          (2.14)          (0.15)   

stpr_fac18         0.0313           0.260*          0.119          0.0198        -0.00456         -0.0245         0.00586          0.0438   
                   (0.29)          (2.38)          (1.87)          (0.35)         (-0.08)         (-0.37)          (0.10)          (0.73)   

stpr_fac19          0.209          -0.107           0.206*         0.0115          0.0561          -0.151           0.115          -0.133   
                   (1.41)         (-0.72)          (2.38)          (0.15)          (0.75)         (-1.65)          (1.45)         (-1.62)   

stpr_fac20        -0.0349           0.161*         0.0289           0.107*         0.0178          0.0643          0.0376         0.00540   
                  (-0.43)          (1.99)          (0.62)          (2.53)          (0.44)          (1.29)          (0.87)          (0.12)   

stpr_fac21          0.212          0.0723           0.283***       0.0567          0.0881         -0.0817           0.149          -0.131   
                   (1.49)          (0.51)          (3.42)          (0.76)          (1.24)         (-0.93)          (1.96)         (-1.66)   

stpr_fac22         -0.241*          0.110         -0.0846          0.0331         -0.0603          0.0800         -0.0388          0.0606   
                  (-2.50)          (1.13)         (-1.50)          (0.65)         (-1.25)          (1.34)         (-0.75)          (1.13)   

stpr_fac23         0.0632          0.0596           0.116          0.0346           0.120*         0.0987           0.119*         0.0351   
                   (0.57)          (0.53)          (1.80)          (0.59)          (2.16)          (1.44)          (2.00)          (0.57)   

stpr_fac24        -0.0852         0.00185          0.0229         -0.0152        -0.00915         -0.0354         0.00988         -0.0179   
                  (-0.75)          (0.02)          (0.35)         (-0.25)         (-0.16)         (-0.50)          (0.16)         (-0.28)   

stpr_fac25         -0.145          0.0891         -0.0201        0.000642         -0.0381          0.0573         -0.0430         -0.0231   
                  (-1.80)          (1.10)         (-0.43)          (0.02)         (-0.94)          (1.15)         (-1.00)         (-0.52)   

stpr_fac26         -0.134           0.139         -0.0287          0.0316         -0.0507           0.140         -0.0459          0.0131   
                  (-1.05)          (1.09)         (-0.39)          (0.47)         (-0.79)          (1.78)         (-0.67)          (0.19)   

stpr_fac27         -0.240          0.0688          -0.110         0.00613          -0.121          0.0619          -0.108         0.00822   
                  (-1.88)          (0.54)         (-1.49)          (0.09)         (-1.89)          (0.79)         (-1.58)          (0.12)   

stpr_fac28         -0.304***        0.117          -0.146**        0.0245         -0.0698           0.127*        -0.0844          0.0776   
                  (-3.45)          (1.33)         (-2.84)          (0.53)         (-1.58)          (2.34)         (-1.78)          (1.59)   

stpr_fac29        -0.0169          0.0497          0.0781          0.0291          0.0589         -0.0349          0.0384         0.00898   
                  (-0.20)          (0.58)          (1.57)          (0.64)          (1.37)         (-0.66)          (0.84)          (0.19)   

stpr_fac30         -0.101          0.0530         -0.0145        -0.00477         -0.0387        -0.00561        -0.00477         -0.0203   
                  (-1.35)          (0.71)         (-0.33)         (-0.12)         (-1.03)         (-0.12)         (-0.12)         (-0.49)   

stpr_fac31        -0.0956          0.0935          0.0153          0.0547          0.0165         -0.0236          0.0108          0.0115   
                  (-1.18)          (1.15)          (0.32)          (1.28)          (0.41)         (-0.47)          (0.25)          (0.26)   

stpr_fac32         -0.174*         -0.130         -0.0607          -0.108**       0.00649         -0.0570          0.0172         -0.0899*  
                  (-2.38)         (-1.77)         (-1.42)         (-2.80)          (0.18)         (-1.26)          (0.44)         (-2.22)   

stpr_fac33         -0.204           0.352***      -0.0184           0.224***      -0.0534         -0.0119        -0.00300           0.193** 
                  (-1.92)          (3.30)         (-0.30)          (4.00)         (-1.00)         (-0.18)         (-0.05)          (3.28)   

stpr_fac34        -0.0463           0.236**        0.0572          0.0866*       -0.00968         -0.0553          0.0281           0.114*  
                  (-0.58)          (2.94)          (1.22)          (2.05)         (-0.24)         (-1.12)          (0.65)          (2.58)   

stpr_fac35         -0.278*         0.0939          -0.164**       -0.0314         -0.0404           0.103        -0.00539          0.0572   
                  (-2.58)          (0.87)         (-2.61)         (-0.55)         (-0.75)          (1.55)         (-0.09)          (0.96)   

stpr_fac36         -0.336**         0.156          -0.115         0.00133         -0.0799          0.0572         -0.0784           0.111   
                  (-2.76)          (1.27)         (-1.61)          (0.02)         (-1.31)          (0.76)         (-1.20)          (1.64)   

stpr_fac37         -0.170          -0.149          -0.110*         -0.153**       -0.0263         -0.0776         -0.0257          -0.141** 
                  (-1.87)         (-1.63)         (-2.07)         (-3.19)         (-0.58)         (-1.38)         (-0.53)         (-2.79)   

stpr_fac38        -0.0781         -0.0172          0.0459         -0.0233          0.0165         -0.0863        0.000911         -0.0464   
                  (-0.82)         (-0.18)          (0.83)         (-0.46)          (0.35)         (-1.47)          (0.02)         (-0.88)   

stpr_fac39        -0.0905          0.0152          0.0254         -0.0204          0.0262         -0.0127          0.0347         -0.0198   
                  (-1.17)          (0.19)          (0.56)         (-0.50)          (0.67)         (-0.26)          (0.83)         (-0.46)   

stpr_fac40        -0.0526         -0.0630          0.0284         -0.0644        0.000933         -0.0648          0.0398         -0.0443   
                  (-0.51)         (-0.61)          (0.48)         (-1.19)          (0.02)         (-1.02)          (0.73)         (-0.78)   

stpr_fac41         -0.116         -0.0402         -0.0144         -0.0461         -0.0230         -0.0639          0.0310         -0.0335   
                  (-1.49)         (-0.52)         (-0.32)         (-1.12)         (-0.59)         (-1.33)          (0.74)         (-0.78)   

stpr_fac42         -0.130        -0.00276        -0.00141         -0.0408         -0.0237         -0.0394          0.0159         -0.0465   
                  (-1.69)         (-0.04)         (-0.03)         (-1.00)         (-0.61)         (-0.83)          (0.38)         (-1.09)   

stpr_fac43         -0.157*         0.0828         -0.0591         -0.0189         0.00655          0.0792          0.0357          0.0573   
                  (-2.24)          (1.18)         (-1.45)         (-0.51)          (0.19)          (1.83)          (0.95)          (1.47)   

stpr_fac44         -0.197*         0.0553         -0.0520         -0.0128         -0.0431          0.0690         -0.0432        -0.00566   
                  (-2.29)          (0.64)         (-1.03)         (-0.28)         (-1.00)          (1.29)         (-0.93)         (-0.12)   

stpr_fac45         -0.267**         0.156          -0.121*         0.0451         -0.0662           0.114         -0.0609          0.0918   
                  (-2.69)          (1.56)         (-2.08)          (0.86)         (-1.33)          (1.85)         (-1.14)          (1.67)   

stpr_fac46         -0.425*          0.115          -0.322**       -0.0235          -0.118           0.175         -0.0987          0.0922   
                  (-2.36)          (0.64)         (-3.06)         (-0.25)         (-1.30)          (1.57)         (-1.02)          (0.92)   

stpr_fac47         -0.189**       -0.0232         -0.0494         -0.0416         -0.0369         -0.0400         -0.0251         -0.0461   
                  (-2.66)         (-0.33)         (-1.19)         (-1.11)         (-1.04)         (-0.91)         (-0.66)         (-1.17)   

stpr_fac48         -0.202*         0.0848          -0.154**       -0.0260          -0.107*         0.0814         -0.0302          0.0553   
                  (-2.42)          (1.01)         (-3.16)         (-0.59)         (-2.55)          (1.58)         (-0.68)          (1.19)   

stpr_fac49         -0.403***      -0.0797          -0.340***       -0.172***       -0.203***       0.0582          -0.149**        0.0114   
                  (-4.55)         (-0.90)         (-6.59)         (-3.69)         (-4.57)          (1.07)         (-3.15)          (0.23)   

stpr_fac50         -0.211*        -0.0216          -0.100         -0.0391         -0.0676          0.0663         0.00125         -0.0150   
                  (-1.99)         (-0.20)         (-1.62)         (-0.70)         (-1.27)          (1.01)          (0.02)         (-0.25)   

stpr_fac51         -0.274***       0.0225          -0.162***      -0.0135         -0.0723          0.0491         -0.0582          0.0263   
                  (-3.43)          (0.28)         (-3.49)         (-0.32)         (-1.81)          (1.00)         (-1.36)          (0.59)   

stpr_fac52         -0.215*          0.156          -0.156**      -0.00713         -0.0895          0.0544        -0.00947          0.0909   
                  (-2.17)          (1.57)         (-2.70)         (-0.14)         (-1.80)          (0.89)         (-0.18)          (1.66)   

stpr_fac53         -0.102         -0.0843         -0.0559         -0.0132        -0.00688          0.0222          0.0209         -0.0431   
                  (-1.50)         (-1.23)         (-1.40)         (-0.37)         (-0.20)          (0.53)          (0.57)         (-1.14)   

stpr_fac54         -0.174          0.0350         -0.0600         -0.0490         -0.0416          0.0185         -0.0183        -0.00637   
                  (-1.68)          (0.34)         (-0.99)         (-0.90)         (-0.80)          (0.29)         (-0.33)         (-0.11)   

stpr_fac55         -0.335**        0.0492          -0.153*        -0.0102         -0.0509          0.0957         -0.0837          0.0448   
                  (-3.27)          (0.48)         (-2.57)         (-0.19)         (-0.99)          (1.51)         (-1.52)          (0.79)   

stpr_fac56         -0.230**        0.0689          -0.151***     -0.00770         -0.0499          0.0601         -0.0297          0.0625   
                  (-3.14)          (0.94)         (-3.52)         (-0.20)         (-1.36)          (1.33)         (-0.76)          (1.54)   

stpr_fac57         -0.284**        0.0790          -0.152*        -0.0181          -0.114*         0.0488         -0.0930          0.0384   
                  (-2.63)          (0.73)         (-2.41)         (-0.32)         (-2.10)          (0.73)         (-1.60)          (0.64)   

stpr_fac58         -0.301**         0.121          -0.113*         0.0464          -0.157***       0.0122          -0.106*         0.0494   
                  (-3.20)          (1.28)         (-2.06)          (0.94)         (-3.33)          (0.21)         (-2.11)          (0.95)   

stpr_fac59         -0.200**       -0.0784         -0.0869*        -0.0240         -0.0443          0.0714         -0.0388         -0.0369   
                  (-2.78)         (-1.08)         (-2.07)         (-0.63)         (-1.23)          (1.60)         (-1.00)         (-0.92)   

stpr_fac60         -0.277**        0.0615          -0.159**       0.00578         -0.0123          0.0649         -0.0430          0.0428   
                  (-3.19)          (0.71)         (-3.13)          (0.13)         (-0.28)          (1.21)         (-0.92)          (0.89)   

stpr_fac61         -0.270**        0.0648          -0.118*        0.00660         -0.0876         0.00385         -0.0409          0.0508   
                  (-2.71)          (0.65)         (-2.03)          (0.13)         (-1.75)          (0.06)         (-0.76)          (0.92)   

stpr_fac62         -0.231**         0.168*        -0.0742          0.0815*        -0.0703           0.113*        -0.0525          0.0982*  
                  (-3.04)          (2.21)         (-1.68)          (2.04)         (-1.85)          (2.40)         (-1.29)          (2.34)   

stpr_fac63         -0.256**        -0.114          -0.131*         -0.130**       -0.0350          -0.172**       -0.0288          0.0114   
                  (-2.83)         (-1.25)         (-2.48)         (-2.73)         (-0.77)         (-3.08)         (-0.59)          (0.23)   

stpr_fac64         -0.117         -0.0929         -0.0220         -0.0675          0.0469         -0.0733        -0.00273         -0.0420   
                  (-1.17)         (-0.92)         (-0.38)         (-1.28)          (0.93)         (-1.18)         (-0.05)         (-0.76)   

stpr_fac65        -0.0109         -0.0284          0.0416         0.00459          0.0232         -0.0777          0.0308         -0.0118   
                  (-0.09)         (-0.23)          (0.58)          (0.07)          (0.38)         (-1.03)          (0.47)         (-0.17)   

o.stpr_fac66            0               0               0               0               0               0               0               0   
                      (.)             (.)             (.)             (.)             (.)             (.)             (.)             (.)   

stpr_fac67         0.0545          0.0623           0.115          0.0363        -0.00346         -0.0343          0.0604        -0.00354   
                   (0.45)          (0.52)          (1.65)          (0.57)         (-0.06)         (-0.46)          (0.94)         (-0.05)   

stpr_fac68        -0.0396         -0.0274          0.0176         -0.0414          0.0399         -0.0998          0.0244         -0.0593   
                  (-0.31)         (-0.21)          (0.23)         (-0.61)          (0.61)         (-1.25)          (0.35)         (-0.82)   

stpr_fac69         -0.198           0.152         -0.0811          0.0509         -0.0317          0.0486         -0.0105          0.0898   
                  (-1.82)          (1.39)         (-1.28)          (0.89)         (-0.58)          (0.72)         (-0.18)          (1.49)   

stpr_fac70         -0.427***       0.0573          -0.255***      -0.0645         -0.0727        -0.00355         -0.0943          0.0435   
                  (-3.80)          (0.51)         (-3.89)         (-1.09)         (-1.29)         (-0.05)         (-1.56)          (0.70)   

stpr_fac71          0.271          -0.110           0.213*        -0.0283          0.0206          -0.112           0.196*         -0.123   
                   (1.54)         (-0.62)          (2.08)         (-0.31)          (0.23)         (-1.03)          (2.08)         (-1.26)   

stpr_fac72         0.0861         -0.0874           0.146         -0.0842          0.0463          -0.109          0.0738         -0.0746   
                   (0.51)         (-0.51)          (1.48)         (-0.94)          (0.55)         (-1.05)          (0.81)         (-0.80)   

stpr_fac73         0.0372        -0.00931           0.143*       -0.00147         0.00652         -0.0427          0.0577         -0.0717   
                   (0.31)         (-0.08)          (2.04)         (-0.02)          (0.11)         (-0.58)          (0.90)         (-1.08)   

stpr_fac74         -0.245**        0.0334          -0.119*        -0.0347         -0.0468           0.167**       -0.0503          0.0330   
                  (-2.83)          (0.38)         (-2.36)         (-0.76)         (-1.08)          (3.12)         (-1.08)          (0.69)   

stpr_fac75         -0.274*        -0.0606          -0.182**       -0.0550          -0.124*         0.0661         -0.0276        -0.00361   
                  (-2.45)         (-0.54)         (-2.79)         (-0.93)         (-2.21)          (0.96)         (-0.46)         (-0.06)   

stpr_fac76         0.0261           0.117          0.0738          0.0351         -0.0204          0.0910          0.0797          0.0415   
                   (0.24)          (1.06)          (1.15)          (0.60)         (-0.37)          (1.34)          (1.35)          (0.68)   

stpr_fac77        -0.0845           0.164         -0.0543          0.0315          0.0328          0.0216           0.131*         0.0839   
                  (-0.77)          (1.49)         (-0.85)          (0.55)          (0.60)          (0.32)          (2.23)          (1.38)   

stpr_fac78         -0.362***        0.148          0.0360          0.0150          0.0198          0.0509          -0.109*         0.0806   
                  (-4.57)          (1.86)          (0.78)          (0.36)          (0.50)          (1.04)         (-2.56)          (1.84)   

stpr_fac79         -0.463***       0.0798         -0.0763         -0.0664          -0.109*         0.0484          -0.173**       -0.0595   
                  (-4.19)          (0.72)         (-1.18)         (-1.14)         (-1.97)          (0.71)         (-2.91)         (-0.97)   

stpr_fac80         -0.319***        0.138         -0.0691         -0.0987*        -0.0849*        -0.0582          -0.113**        0.0350   
                  (-4.11)          (1.77)         (-1.53)         (-2.41)         (-2.18)         (-1.21)         (-2.71)          (0.81)   

stpr_fac81         -0.235**        0.0608         -0.0955*        -0.0595         -0.0524         -0.0114         -0.0896*         0.0214   
                  (-3.21)          (0.83)         (-2.24)         (-1.54)         (-1.43)         (-0.25)         (-2.28)          (0.53)   

stpr_fac82         -0.190*        -0.0161          0.0287         -0.0252           0.146**       -0.0710         -0.0312        -0.00674   
                  (-2.09)         (-0.18)          (0.54)         (-0.52)          (3.20)         (-1.26)         (-0.64)         (-0.13)   

o.stpr_fac83            0               0               0               0               0               0               0               0   
                      (.)             (.)             (.)             (.)             (.)             (.)             (.)             (.)   

stpr_fac84         -0.576***       -0.162          -0.377***       -0.238**       -0.0409        -0.00920          -0.162*         0.0270   
                  (-3.96)         (-1.11)         (-4.44)         (-3.10)         (-0.56)         (-0.10)         (-2.07)          (0.33)   

stpr_fac85         -0.204*          0.117         -0.0881         -0.0259         -0.0517          0.0861         -0.0244          0.0116   
                  (-2.30)          (1.31)         (-1.70)         (-0.55)         (-1.16)          (1.57)         (-0.51)          (0.24)   

stpr_fac86        -0.0999          0.0377        -0.00716          0.0143         -0.0186          0.0280         0.00352          0.0266   
                  (-1.17)          (0.44)         (-0.14)          (0.32)         (-0.43)          (0.53)          (0.08)          (0.56)   

stpr_fac87         -0.200*         0.0913         -0.0788          0.0387         -0.0114          0.0705        -0.00627          0.0739   
                  (-2.52)          (1.15)         (-1.71)          (0.93)         (-0.29)          (1.44)         (-0.15)          (1.68)   

stpr_fac88         -0.166*         0.0634         -0.0886*        0.00938         -0.0576          0.0400         -0.0230          0.0279   
                  (-2.21)          (0.84)         (-2.02)          (0.24)         (-1.53)          (0.86)         (-0.57)          (0.67)   

stpr_fac89         -0.409***       0.0869          -0.236***      -0.0195          -0.107*         0.0731         -0.0974          0.0780   
                  (-4.24)          (0.90)         (-4.19)         (-0.38)         (-2.22)          (1.23)         (-1.88)          (1.46)   

stpr_fac90         -0.288***      -0.0476          -0.161**        -0.103*        -0.0542        -0.00256         -0.0640         -0.0329   
                  (-3.42)         (-0.56)         (-3.28)         (-2.32)         (-1.28)         (-0.05)         (-1.42)         (-0.70)   

stpr_fac91         -0.154*          0.102         -0.0248          0.0279         -0.0505          0.0375         -0.0266          0.0366   
                  (-2.30)          (1.51)         (-0.63)          (0.79)         (-1.50)          (0.90)         (-0.74)          (0.98)   

stpr_fac92         -0.148*         0.0933         -0.0440          0.0262         -0.0229          0.0585          0.0315          0.0487   
                  (-2.05)          (1.28)         (-1.04)          (0.69)         (-0.63)          (1.31)          (0.81)          (1.21)   

stpr_fac93         -0.116           0.133         -0.0152          0.0300         -0.0329          0.0750          0.0396          0.0229   
                  (-1.53)          (1.74)         (-0.34)          (0.75)         (-0.87)          (1.60)          (0.97)          (0.54)   

stpr_fac94        -0.0567          -0.135          -0.115*        -0.0409         0.00363          0.0251          0.0320         -0.0877*  
                  (-0.74)         (-1.77)         (-2.58)         (-1.02)          (0.10)          (0.53)          (0.78)         (-2.08)   

stpr_fac95         -0.256**        0.0962          -0.116*       0.000775         -0.0568          0.0829         -0.0495          0.0520   
                  (-2.74)          (1.03)         (-2.13)          (0.02)         (-1.21)          (1.44)         (-0.99)          (1.00)   

stpr_fac96        -0.0592          0.0890          0.0181          0.0392         -0.0376         0.00222          0.0181          0.0247   
                  (-0.74)          (1.10)          (0.39)          (0.93)         (-0.93)          (0.04)          (0.42)          (0.56)   

stpr_fac97         -0.282***        0.127          -0.121**       0.00417         -0.0714          0.0431         -0.0439          0.0850   
                  (-3.61)          (1.62)         (-2.66)          (0.10)         (-1.82)          (0.89)         (-1.05)          (1.96)   

stpr_fac98         -0.468***        0.109          -0.255**       0.00225          -0.142*          0.187*         -0.129          0.0744   
                  (-3.50)          (0.81)         (-3.28)          (0.03)         (-2.11)          (2.27)         (-1.80)          (1.00)   

stpr_fac99         0.0328          0.0645          0.0812          0.0214          0.0574         -0.0163          0.0364         -0.0168   
                   (0.32)          (0.63)          (1.36)          (0.40)          (1.12)         (-0.26)          (0.66)         (-0.30)   

stpr_fac100       -0.0646         -0.0114         -0.0444         -0.0446         -0.0848         -0.0208          0.0594         -0.0532   
                  (-0.74)         (-0.13)         (-0.87)         (-0.97)         (-1.94)         (-0.39)          (1.27)         (-1.10)   

stpr_fac101        -0.183          0.0905         -0.0223        -0.00217         -0.0519         -0.0306         -0.0340        -0.00873   
                  (-1.96)          (0.97)         (-0.41)         (-0.04)         (-1.11)         (-0.53)         (-0.68)         (-0.17)   

stpr_fac102         0.239*         0.0537           0.389***       0.0168           0.111          -0.111          0.0892          -0.127*  
                   (2.05)          (0.46)          (5.73)          (0.27)          (1.90)         (-1.54)          (1.43)         (-1.98)   

stpr_fac103        -0.147*         0.0463         -0.0292          0.0342        -0.00550        -0.00336         -0.0284          0.0100   
                  (-2.03)          (0.64)         (-0.70)          (0.90)         (-0.15)         (-0.08)         (-0.73)          (0.25)   

_cons               0.206**       -0.0804          0.0815*       -0.00596          0.0409         -0.0476          0.0366         -0.0374   
                   (3.28)         (-1.27)          (2.22)         (-0.18)          (1.30)         (-1.23)          (1.09)         (-1.07)   
--------------------------------------------------------------------------------------------------------------------------------------------
N                    1211            1211            1211            1211            1211            1211            1211            1211   
R-sq                0.227           0.241           0.308           0.286           0.190           0.189           0.231           0.239   
--------------------------------------------------------------------------------------------------------------------------------------------
t statistics in parentheses
* p<0.05, ** p<0.01, *** p<0.001
