--------------------------------------------------------------------------------------------------------------------------------------------
                      (1)             (2)             (3)             (4)             (5)             (6)             (7)             (8)   
             aginc_back~d    aginc_pred~t    nfincome_b~d    nfincome_p~t    output_bac~d    output_pre~t    percapinc_~d    percapinc_~t   
--------------------------------------------------------------------------------------------------------------------------------------------
lncedc93di~e       0.0304        -0.00111          0.0142        0.000499         0.00686        -0.00218          0.0248         0.00632   
                   (1.30)         (-0.05)          (0.98)          (0.03)          (0.51)         (-0.15)          (1.86)          (0.47)   

stpr_fac1        -0.00340         -0.0660         -0.0199         -0.0519          0.0439          0.0147          0.0294         -0.0315   
                  (-0.05)         (-0.98)         (-0.46)         (-1.22)          (1.10)          (0.35)          (0.74)         (-0.79)   

stpr_fac2          0.0393          -0.106*         0.0202         -0.0270          0.0381         -0.0341         -0.0184         -0.0860** 
                   (0.72)         (-1.99)          (0.59)         (-0.81)          (1.21)         (-1.02)         (-0.59)         (-2.75)   

stpr_fac3          0.0263          -0.118          0.0183         -0.0605        -0.00174         -0.0313          0.0358         -0.0700   
                   (0.40)         (-1.85)          (0.45)         (-1.51)         (-0.05)         (-0.79)          (0.96)         (-1.88)   

stpr_fac4         -0.0483         -0.0614         -0.0204         -0.0342          0.0347          -0.114**       -0.0602         -0.0474   
                  (-0.69)         (-0.90)         (-0.47)         (-0.80)          (0.87)         (-2.68)         (-1.52)         (-1.19)   

stpr_fac5         -0.0443          0.0184          0.0440           0.145**        0.0768          0.0204          0.0325          -0.112*  
                  (-0.55)          (0.23)          (0.88)          (2.95)          (1.66)          (0.42)          (0.71)         (-2.45)   

stpr_fac6           0.253*         0.0488           0.157*         0.0313           0.125         0.00504        -0.00253         -0.0176   
                   (2.13)          (0.42)          (2.12)          (0.43)          (1.83)          (0.07)         (-0.04)         (-0.26)   

stpr_fac7          0.0565          0.0442           0.149**       -0.0395           0.106*        -0.0221          0.0664         0.00726   
                   (0.66)          (0.53)          (2.79)         (-0.75)          (2.14)         (-0.42)          (1.36)          (0.15)   

stpr_fac8         -0.0866         -0.0442        0.000247         -0.0110          0.0703         -0.0417          -0.101*        -0.0671   
                  (-1.17)         (-0.61)          (0.01)         (-0.24)          (1.65)         (-0.92)         (-2.39)         (-1.59)   

stpr_fac9         -0.0210          0.0147         -0.0188          0.0154          0.0982*         0.0224         -0.0550          0.0348   
                  (-0.32)          (0.23)         (-0.45)          (0.38)          (2.58)          (0.55)         (-1.45)          (0.92)   

stpr_fac10       -0.00795          -0.168*        -0.0710         -0.0682         -0.0260         -0.0564          0.0217         -0.0376   
                  (-0.11)         (-2.44)         (-1.61)         (-1.57)         (-0.64)         (-1.31)          (0.54)         (-0.93)   

stpr_fac11       -0.00110         -0.0356         -0.0259         0.00236          0.0838*        -0.0613         -0.0372         -0.0438   
                  (-0.02)         (-0.62)         (-0.71)          (0.07)          (2.49)         (-1.72)         (-1.12)         (-1.31)   

stpr_fac12        -0.0380          0.0728          0.0492          0.0503          0.0880*         0.0292         -0.0851*        0.00405   
                  (-0.58)          (1.13)          (1.20)          (1.24)          (2.33)          (0.73)         (-2.27)          (0.11)   

stpr_fac13         -0.176*         -0.183*         -0.128*         -0.116*         0.0601         -0.0652         -0.0159         -0.0629   
                  (-2.16)         (-2.30)         (-2.52)         (-2.33)          (1.29)         (-1.32)         (-0.34)         (-1.35)   

stpr_fac14         0.0135          0.0104          0.0399          0.0165          0.0798         -0.0782          0.0229         -0.0170   
                   (0.14)          (0.11)          (0.68)          (0.29)          (1.49)         (-1.37)          (0.43)         (-0.32)   

stpr_fac15        0.00590         -0.0851         -0.0483         -0.0678          0.0266         -0.0418         -0.0206         -0.0181   
                   (0.07)         (-1.11)         (-0.98)         (-1.40)          (0.59)         (-0.87)         (-0.46)         (-0.40)   

stpr_fac16         0.0429         -0.0379          0.0453         -0.0679          0.0497         -0.0483         -0.0216         -0.0429   
                   (0.52)         (-0.47)          (0.88)         (-1.34)          (1.05)         (-0.96)         (-0.46)         (-0.91)   

stpr_fac17        -0.0786           0.284**        0.0532          0.0902          0.0825         0.00580         -0.0907           0.166** 
                  (-0.79)          (2.93)          (0.86)          (1.48)          (1.44)          (0.10)         (-1.60)          (2.91)   

stpr_fac18          0.156           0.147          0.0505          0.0319           0.101         -0.0972          0.0782          0.0138   
                   (1.65)          (1.60)          (0.86)          (0.55)          (1.86)         (-1.69)          (1.45)          (0.25)   

stpr_fac19          0.116         0.00193          0.0965          0.0499           0.101         -0.0400          0.0986         -0.0609   
                   (1.13)          (0.02)          (1.52)          (0.80)          (1.72)         (-0.64)          (1.70)         (-1.05)   

stpr_fac20         0.0213          0.0673          0.0538          0.0764*          0.100**      -0.00542         0.00214         -0.0261   
                   (0.34)          (1.11)          (1.39)          (2.00)          (2.81)         (-0.14)          (0.06)         (-0.73)   

stpr_fac21          0.149          0.0508           0.150*         0.0556           0.119*        -0.0509          0.0346         -0.0483   
                   (1.52)          (0.53)          (2.45)          (0.92)          (2.12)         (-0.85)          (0.62)         (-0.86)   

stpr_fac22         0.0941         -0.0178          0.0720         0.00324          0.0541         -0.0394          0.0358         -0.0501   
                   (1.25)         (-0.24)          (1.53)          (0.07)          (1.25)         (-0.86)          (0.83)         (-1.16)   

stpr_fac23         0.0978          0.0768          0.0905          0.0655           0.131*          0.100          0.0924          0.0398   
                   (1.01)          (0.81)          (1.50)          (1.10)          (2.35)          (1.70)          (1.67)          (0.72)   

stpr_fac24         0.0721         -0.0390          0.0540         -0.0103          0.0617         -0.0405          0.0554         -0.0416   
                   (0.72)         (-0.40)          (0.86)         (-0.17)          (1.07)         (-0.66)          (0.97)         (-0.73)   

stpr_fac25         0.0583       -0.000231          0.0392          0.0383          0.0587         -0.0182        -0.00402         -0.0415   
                   (0.83)         (-0.00)          (0.89)          (0.89)          (1.45)         (-0.43)         (-0.10)         (-1.03)   

stpr_fac26         0.0865          0.0328          0.0804          0.0437           0.108        -0.00236          0.0372         -0.0239   
                   (0.74)          (0.29)          (1.10)          (0.61)          (1.61)         (-0.03)          (0.56)         (-0.36)   

stpr_fac27         0.0330          -0.102          0.0298         -0.0527          0.0352          -0.115         -0.0149          -0.109   
                   (0.28)         (-0.89)          (0.40)         (-0.73)          (0.52)         (-1.60)         (-0.22)         (-1.62)   

stpr_fac28        -0.0266        -0.00792       0.0000975          0.0175          0.0377         -0.0293         -0.0636         -0.0224   
                  (-0.46)         (-0.14)          (0.00)          (0.49)          (1.13)         (-0.83)         (-1.92)         (-0.68)   

stpr_fac29          0.147          0.0329           0.132**        0.0786           0.113*       -0.00218          0.0694         -0.0101   
                   (1.79)          (0.41)          (2.58)          (1.56)          (2.39)         (-0.04)          (1.48)         (-0.21)   

stpr_fac30         0.0379         -0.0312          0.0137        -0.00932         0.00995         -0.0311          0.0160         -0.0430   
                   (0.53)         (-0.45)          (0.31)         (-0.21)          (0.24)         (-0.72)          (0.40)         (-1.06)   

stpr_fac31         0.0537          0.0257          0.0469          0.0578          0.0743         -0.0317       0.0000138        -0.00750   
                   (0.69)          (0.34)          (0.96)          (1.20)          (1.65)         (-0.66)          (0.00)         (-0.17)   

stpr_fac32        -0.0614         -0.0197         0.00756          0.0176          0.0567          0.0143         -0.0308         -0.0408   
                  (-0.94)         (-0.31)          (0.19)          (0.44)          (1.51)          (0.36)         (-0.83)         (-1.09)   

stpr_fac33        -0.0598         -0.0257          -0.111*         0.0702          0.0500         -0.0822           0.157**        0.0456   
                  (-0.67)         (-0.30)         (-2.01)          (1.29)          (0.98)         (-1.52)          (3.10)          (0.90)   

stpr_fac34         0.0442          0.0380          0.0593          0.0910*         0.0518         -0.0770          0.0309         -0.0135   
                   (0.65)          (0.58)          (1.41)          (2.19)          (1.33)         (-1.86)          (0.80)         (-0.35)   

o.stpr_fac35            0               0               0               0               0               0               0               0   
                      (.)             (.)             (.)             (.)             (.)             (.)             (.)             (.)   

stpr_fac36       -0.00415        -0.00642          0.0330          0.0204         -0.0148         -0.0625         -0.0255         -0.0572   
                  (-0.06)         (-0.10)          (0.78)          (0.49)         (-0.38)         (-1.51)         (-0.66)         (-1.48)   

stpr_fac37         -0.105         -0.0496          -0.153**       -0.0966*        -0.0285          0.0195         -0.0981*        -0.0907*  
                  (-1.35)         (-0.65)         (-3.15)         (-2.02)         (-0.64)          (0.41)         (-2.21)         (-2.04)   

stpr_fac38         0.0580         -0.0734          0.0121        -0.00905          0.0627         -0.0777          0.0256         -0.0426   
                   (0.77)         (-1.00)          (0.26)         (-0.20)          (1.45)         (-1.69)          (0.60)         (-0.99)   

stpr_fac39         0.0499          0.0211          0.0251          0.0335          0.0672         -0.0158          0.0441         0.00728   
                   (0.69)          (0.30)          (0.56)          (0.75)          (1.61)         (-0.36)          (1.07)          (0.18)   

stpr_fac40          0.124         -0.0875          0.0441         -0.0625           0.148**        -0.149**        0.0571         -0.0145   
                   (1.49)         (-1.08)          (0.85)         (-1.23)          (3.10)         (-2.95)          (1.21)         (-0.31)   

stpr_fac41         0.0408         -0.0431         -0.0162         -0.0249          0.0266         -0.0820          0.0261        0.000939   
                   (0.58)         (-0.63)         (-0.37)         (-0.58)          (0.66)         (-1.92)          (0.65)          (0.02)   

stpr_fac42         0.0153         -0.0137          0.0407          0.0254          0.0981**        -0.118**       -0.0183         -0.0311   
                   (0.24)         (-0.22)          (1.02)          (0.65)          (2.68)         (-3.05)         (-0.50)         (-0.86)   

stpr_fac43          0.102          0.0188          0.0539          0.0128          0.0873*         0.0387          0.0652          0.0182   
                   (1.64)          (0.31)          (1.40)          (0.34)          (2.46)          (1.03)          (1.85)          (0.51)   

stpr_fac44         0.0522          0.0148          0.0412          0.0494          0.0555          0.0298         -0.0172         -0.0265   
                   (0.76)          (0.22)          (0.96)          (1.17)          (1.41)          (0.71)         (-0.44)         (-0.67)   

stpr_fac45         0.0353        -0.00239          0.0291          0.0335         0.00836         0.00577       -0.000700         -0.0451   
                   (0.64)         (-0.04)          (0.84)          (0.98)          (0.26)          (0.17)         (-0.02)         (-1.42)   

stpr_fac46        -0.0284         0.00459         -0.0578         0.00419          0.0335        -0.00118         -0.0708         -0.0375   
                  (-0.39)          (0.06)         (-1.27)          (0.09)          (0.80)         (-0.03)         (-1.70)         (-0.90)   

stpr_fac47        -0.0125         -0.0591          0.0249          0.0369          0.0685         -0.0239         -0.0497         -0.0303   
                  (-0.19)         (-0.93)          (0.61)          (0.92)          (1.82)         (-0.60)         (-1.33)         (-0.81)   

stpr_fac48        -0.0949          0.0367         -0.0473         -0.0272          0.0187         -0.0313         -0.0664          0.0111   
                  (-1.48)          (0.59)         (-1.18)         (-0.69)          (0.51)         (-0.80)         (-1.82)          (0.30)   

stpr_fac49         -0.131          -0.253**        -0.204***       -0.210***      -0.0601          -0.194***       -0.117*        -0.0823   
                  (-1.57)         (-3.12)         (-3.93)         (-4.11)         (-1.26)         (-3.82)         (-2.47)         (-1.73)   

stpr_fac50         -0.107          0.0411         -0.0364          0.0262        -0.00962        -0.00321         -0.0672          0.0127   
                  (-1.38)          (0.54)         (-0.76)          (0.55)         (-0.22)         (-0.07)         (-1.52)          (0.29)   

stpr_fac51      -0.000217         -0.0583         -0.0234         -0.0278          0.0819*        -0.0524        0.000902         -0.0406   
                  (-0.00)         (-0.95)         (-0.60)         (-0.72)          (2.26)         (-1.36)          (0.03)         (-1.13)   

stpr_fac52          0.102          0.0336         -0.0112        -0.00468          0.0529         -0.0858*         0.0606         -0.0130   
                   (1.79)          (0.61)         (-0.32)         (-0.13)          (1.62)         (-2.47)          (1.87)         (-0.40)   

stpr_fac53         0.0643          0.0152          0.0609         0.00555           0.115**        0.0376          0.0209         0.00900   
                   (1.02)          (0.25)          (1.54)          (0.14)          (3.16)          (0.97)          (0.58)          (0.25)   

stpr_fac54          0.286***     -0.00553          0.0312          0.0379          0.0394         -0.0356           0.107*        -0.0338   
                   (3.53)         (-0.07)          (0.62)          (0.76)          (0.85)         (-0.72)          (2.33)         (-0.73)   

stpr_fac55       -0.00886         -0.0574          0.0118         -0.0177         0.00107          0.0220         -0.0133         -0.0608   
                  (-0.15)         (-1.00)          (0.32)         (-0.49)          (0.03)          (0.62)         (-0.40)         (-1.82)   

stpr_fac56        -0.0249         -0.0344         -0.0187         -0.0222          0.0754*        -0.0157        -0.00564        -0.00500   
                  (-0.43)         (-0.61)         (-0.52)         (-0.63)          (2.28)         (-0.45)         (-0.17)         (-0.15)   

stpr_fac57         0.0374         -0.0608          0.0534         -0.0197          0.0696         -0.0460          0.0237         -0.0703   
                   (0.44)         (-0.74)          (1.02)         (-0.38)          (1.44)         (-0.90)          (0.49)         (-1.46)   

stpr_fac58         -0.173*        -0.0250         -0.0421          0.0292          -0.162***      -0.0747         -0.0770         -0.0344   
                  (-2.07)         (-0.31)         (-0.81)          (0.57)         (-3.37)         (-1.47)         (-1.62)         (-0.72)   

stpr_fac59        -0.0672         -0.0517          0.0396         -0.0399          0.0731*       -0.00332         0.00155         -0.0554   
                  (-1.07)         (-0.85)          (1.02)         (-1.04)          (2.04)         (-0.09)          (0.04)         (-1.55)   

stpr_fac60        -0.0527          -0.125*         0.0188         -0.0704*         0.0595         -0.0163          0.0216         -0.0957** 
                  (-0.90)         (-2.20)          (0.52)         (-1.96)          (1.77)         (-0.46)          (0.65)         (-2.87)   

stpr_fac61         0.0240         -0.0605          0.0355         -0.0306          0.0412         -0.0797          0.0232         -0.0511   
                   (0.30)         (-0.77)          (0.71)         (-0.62)          (0.89)         (-1.63)          (0.51)         (-1.12)   

stpr_fac62         0.0310         -0.0273          0.0330          0.0222          0.0114         -0.0437        -0.00985         -0.0234   
                   (0.41)         (-0.37)          (0.71)          (0.48)          (0.26)         (-0.96)         (-0.23)         (-0.55)   

stpr_fac63        -0.0328          -0.175*        -0.0104          -0.126*         0.0662          -0.163**        0.0208         -0.0301   
                  (-0.36)         (-1.99)         (-0.19)         (-2.27)          (1.28)         (-2.96)          (0.40)         (-0.58)   

stpr_fac64         0.0206         -0.0937        -0.00816         -0.0388          0.0747          0.0149          0.0212         -0.0214   
                   (0.20)         (-0.94)         (-0.13)         (-0.62)          (1.27)          (0.24)          (0.36)         (-0.37)   

stpr_fac65         0.0694         -0.0555          0.0502         -0.0289          0.0641         -0.0463          0.0682         -0.0308   
                   (0.67)         (-0.55)          (0.78)         (-0.46)          (1.09)         (-0.74)          (1.16)         (-0.53)   

stpr_fac66        -0.0120          0.0308         0.00812          0.0380          0.0365          0.0390          0.0424          0.0226   
                  (-0.11)          (0.28)          (0.12)          (0.56)          (0.57)          (0.58)          (0.67)          (0.36)   

stpr_fac67         0.0886          0.0529          0.0407          0.0616          0.0608         -0.0326          0.0206          0.0143   
                   (0.87)          (0.53)          (0.64)          (0.99)          (1.04)         (-0.52)          (0.35)          (0.25)   

o.stpr_fac68            0               0               0               0               0               0               0               0   
                      (.)             (.)             (.)             (.)             (.)             (.)             (.)             (.)   

stpr_fac69         0.0120          0.0644          0.0325          0.0535          0.0125        -0.00293         -0.0209         0.00354   
                   (0.15)          (0.84)          (0.66)          (1.11)          (0.28)         (-0.06)         (-0.47)          (0.08)   

stpr_fac70        -0.0711         -0.0968         -0.0383         -0.0998*         0.0122        0.000383         0.00862         -0.0909*  
                  (-1.06)         (-1.48)         (-0.92)         (-2.43)          (0.32)          (0.01)          (0.23)         (-2.38)   

stpr_fac71         -0.132          0.0368          0.0891          0.0136           0.111         -0.0467        -0.00385          0.0188   
                  (-0.99)          (0.29)          (1.08)          (0.17)          (1.45)         (-0.58)         (-0.05)          (0.25)   

stpr_fac72         -0.177           0.153         -0.0103         -0.0160          0.0579         -0.0242         -0.0344          0.0919   
                  (-1.34)          (1.18)         (-0.12)         (-0.20)          (0.76)         (-0.30)         (-0.46)          (1.21)   

stpr_fac73          0.140         -0.0201           0.113          0.0397          0.0229         0.00207          0.0617        -0.00746   
                   (1.42)         (-0.21)          (1.83)          (0.66)          (0.40)          (0.03)          (1.10)         (-0.13)   

stpr_fac74         0.0319         -0.0777         0.00909         -0.0385          0.0887*        -0.0332        -0.00622         -0.0631   
                   (0.47)         (-1.18)          (0.22)         (-0.93)          (2.29)         (-0.81)         (-0.16)         (-1.64)   

stpr_fac75        -0.0242           0.217**       -0.0246         -0.0539           0.115*        -0.0601          0.0240          0.0964*  
                  (-0.28)          (2.59)         (-0.46)         (-1.02)          (2.32)         (-1.15)          (0.49)          (1.96)   

stpr_fac76         0.0786           0.190*         0.0807          0.0960          0.0335          0.0801          0.0127          0.0772   
                   (0.79)          (1.97)          (1.31)          (1.58)          (0.59)          (1.33)          (0.23)          (1.37)   

stpr_fac77         -0.213*          0.150         -0.0286          0.0794          0.0528          0.0353       -0.000274          0.0788   
                  (-2.16)          (1.56)         (-0.47)          (1.31)          (0.93)          (0.59)         (-0.00)          (1.40)   

stpr_fac78        -0.0848         -0.0602          0.0909          0.0441           0.126**       -0.0197         -0.0210         -0.0298   
                  (-1.14)         (-0.83)          (1.96)          (0.96)          (2.94)         (-0.43)         (-0.49)         (-0.70)   

stpr_fac79          0.131          -0.166           0.137*        -0.0653           0.110         -0.0174           0.239***       -0.193** 
                   (1.28)         (-1.66)          (2.15)         (-1.04)          (1.87)         (-0.28)          (4.11)         (-3.30)   

stpr_fac80          0.113          -0.204**      -0.00118         -0.0620          0.0630         -0.0625          0.0320          -0.130***
                   (1.67)         (-3.10)         (-0.03)         (-1.49)          (1.62)         (-1.51)          (0.83)         (-3.36)   

stpr_fac81         -0.109          -0.172*         -0.116**       -0.0276        -0.00230         -0.0493         -0.0701         -0.0802   
                  (-1.52)         (-2.46)         (-2.61)         (-0.63)         (-0.06)         (-1.13)         (-1.72)         (-1.96)   

stpr_fac82         -0.144          -0.288***      0.00305         -0.0192           0.103*         0.0991*         -0.105*         -0.202***
                  (-1.81)         (-3.72)          (0.06)         (-0.39)          (2.26)          (2.04)         (-2.32)         (-4.46)   

stpr_fac83          0.179*          0.154           0.206***        0.136**        0.0784          0.0480        -0.00818         -0.0200   
                   (2.09)          (1.84)          (3.85)          (2.59)          (1.59)          (0.92)         (-0.17)         (-0.41)   

stpr_fac84         -0.190**        -0.162*        -0.0959*         -0.106*        -0.0162           0.108*         -0.204***      -0.0748   
                  (-2.67)         (-2.34)         (-2.16)         (-2.43)         (-0.40)          (2.48)         (-5.04)         (-1.84)   

stpr_fac85       -0.00909          0.0418          0.0122          0.0365          0.0471       -0.000879          0.0153        -0.00922   
                  (-0.13)          (0.60)          (0.27)          (0.83)          (1.14)         (-0.02)          (0.37)         (-0.22)   

stpr_fac86         0.0436        -0.00589          0.0271         0.00735          0.0808        -0.00935          0.0205         -0.0263   
                   (0.55)         (-0.08)          (0.55)          (0.15)          (1.78)         (-0.19)          (0.46)         (-0.58)   

stpr_fac87         0.0226         -0.0283          0.0151         0.00498          0.0427         0.00638          0.0349         -0.0144   
                   (0.32)         (-0.42)          (0.35)          (0.12)          (1.07)          (0.15)          (0.88)         (-0.36)   

stpr_fac88        -0.0401          0.0996          0.0475         -0.0323           0.102**        -0.105**       -0.0680*         0.0341   
                  (-0.71)          (1.82)          (1.35)         (-0.93)          (3.16)         (-3.06)         (-2.12)          (1.06)   

stpr_fac89        -0.0758          -0.125*        -0.0578         -0.0710         0.00154         -0.0771*        -0.0269         -0.0557   
                  (-1.26)         (-2.12)         (-1.54)         (-1.92)          (0.04)         (-2.10)         (-0.78)         (-1.62)   

stpr_fac90         0.0238          -0.132         0.00255          -0.117*         0.0210         -0.0601         0.00966         -0.0839   
                   (0.31)         (-1.75)          (0.05)         (-2.48)          (0.47)         (-1.28)          (0.22)         (-1.90)   

stpr_fac91         0.0754         -0.0117          0.0480          0.0379          0.0250         -0.0196          0.0361         -0.0205   
                   (1.22)         (-0.20)          (1.25)          (1.00)          (0.71)         (-0.52)          (1.03)         (-0.58)   

stpr_fac92        -0.0141          0.0162         -0.0144          0.0508          0.0361        -0.00968         0.00940          0.0256   
                  (-0.22)          (0.26)         (-0.36)          (1.30)          (0.99)         (-0.25)          (0.26)          (0.71)   

stpr_fac93         0.0852          0.0653          0.0701          0.0943**        0.0614        -0.00886          0.0625          0.0267   
                   (1.48)          (1.16)          (1.95)          (2.66)          (1.85)         (-0.25)          (1.90)          (0.81)   

stpr_fac94          0.204**         0.138*       -0.00837         0.00105          0.0396          0.0114          0.0932*         0.0349   
                   (3.13)          (2.18)         (-0.21)          (0.03)          (1.06)          (0.29)          (2.51)          (0.94)   

stpr_fac95        0.00733         -0.0485         0.00491        -0.00373          0.0443         -0.0543         -0.0171         -0.0386   
                   (0.10)         (-0.69)          (0.11)         (-0.08)          (1.07)         (-1.23)         (-0.42)         (-0.93)   

stpr_fac96         0.0781          0.0537          0.0380          0.0612          0.0163          0.0194          0.0144          0.0278   
                   (0.98)          (0.69)          (0.77)          (1.25)          (0.36)          (0.40)          (0.32)          (0.61)   

stpr_fac97        -0.0287          -0.107*         0.0370         -0.0235          0.0597*        -0.0823*        -0.0324         -0.0697*  
                  (-0.54)         (-2.07)          (1.13)         (-0.73)          (1.97)         (-2.55)         (-1.08)         (-2.31)   

stpr_fac98         -0.122*        -0.0367         -0.0417         0.00229          0.0733*        -0.0408          -0.116***      -0.0291   
                  (-2.19)         (-0.67)         (-1.20)          (0.07)          (2.29)         (-1.20)         (-3.65)         (-0.91)   

stpr_fac99          0.131          0.0924          0.0841          0.0774           0.101*         0.0756          0.0584          0.0247   
                   (1.49)          (1.08)          (1.53)          (1.44)          (2.01)          (1.41)          (1.17)          (0.49)   

stpr_fac100       -0.0562          0.0936           0.155***     -0.00365          0.0590         -0.0451         -0.0691          0.0404   
                  (-0.79)          (1.35)          (3.49)         (-0.08)          (1.44)         (-1.04)         (-1.70)          (0.99)   

stpr_fac101         0.126         0.00685           0.116*         0.0602          0.0490         -0.0512          0.0448         -0.0376   
                   (1.70)          (0.09)          (2.49)          (1.32)          (1.15)         (-1.13)          (1.06)         (-0.89)   

stpr_fac102         0.314**        0.0947           0.282***        0.161*          0.229***      -0.0641           0.130          -0.102   
                   (2.68)          (0.83)          (3.87)          (2.25)          (3.41)         (-0.90)          (1.96)         (-1.53)   

stpr_fac103       -0.0532        -0.00551         -0.0153          0.0432          0.0326         -0.0172         -0.0564        -0.00908   
                  (-0.69)         (-0.07)         (-0.32)          (0.92)          (0.74)         (-0.37)         (-1.29)         (-0.21)   

_cons             -0.0272          0.0187         -0.0250        -0.00662         -0.0540          0.0174        -0.00800          0.0294   
                  (-0.50)          (0.35)         (-0.74)         (-0.20)         (-1.74)          (0.53)         (-0.26)          (0.95)   
--------------------------------------------------------------------------------------------------------------------------------------------
N                    1211            1211            1211            1211            1211            1211            1211            1211   
R-sq                0.279           0.291           0.297           0.269           0.210           0.239           0.307           0.249   
--------------------------------------------------------------------------------------------------------------------------------------------
t statistics in parentheses
* p<0.05, ** p<0.01, *** p<0.001
