--------------------------------------------------------------------------------------------------------------------------------------------
                      (1)             (2)             (3)             (4)             (5)             (6)             (7)             (8)   
             avwage_bac~d    avwage_pre~t    pop_backward     pop_predict    wagebill_b~d    wagebill_p~t    wageemp_ba~d    wageemp_pr~t   
--------------------------------------------------------------------------------------------------------------------------------------------
lncedc87di~e      -0.0206         0.00816         0.00948        -0.00221          -0.105**      -0.00629         -0.0667*         0.0124   
                  (-1.41)          (0.70)          (0.82)         (-0.22)         (-3.09)         (-0.25)         (-2.57)          (0.62)   

stpr_fac1          0.0901         -0.0546         -0.0580         -0.0490          0.0549          -0.278**       -0.0591          -0.235** 
                   (1.47)         (-1.13)         (-1.20)         (-1.18)          (0.39)         (-2.66)         (-0.55)         (-2.86)   

stpr_fac2          0.0409         -0.0354          0.0171          0.0387          0.0759          -0.148          0.0139          -0.103   
                   (0.79)         (-0.88)          (0.42)          (1.12)          (0.65)         (-1.71)          (0.16)         (-1.50)   

stpr_fac3           0.118*        -0.0725          0.0439        -0.00155           0.127          -0.217**        0.0191          -0.166*  
                   (2.38)         (-1.86)          (1.12)         (-0.05)          (1.13)         (-2.59)          (0.22)         (-2.52)   

stpr_fac4          0.0462          0.0126          0.0445          0.0352           0.108          -0.182          0.0409          -0.182*  
                   (0.84)          (0.28)          (1.02)          (0.93)          (0.84)         (-1.91)          (0.42)         (-2.42)   

o.stpr_fac5             0         -0.0779               0         -0.0559           0.374*         -0.408**         0.186          -0.435***
                      (.)         (-1.31)             (.)         (-1.09)          (2.18)         (-3.19)          (1.41)         (-4.32)   

stpr_fac6          0.0298          0.0227           0.213***        0.163**        -0.260          -0.124          -0.230          -0.116   
                   (0.42)          (0.36)          (3.78)          (2.99)         (-1.42)         (-0.91)         (-1.64)         (-1.08)   

stpr_fac7          0.0909          0.0974*        0.00956          0.0733*         0.0334          -0.116         -0.0366         -0.0945   
                   (1.87)          (2.39)          (0.25)          (2.09)          (0.28)         (-1.33)         (-0.41)         (-1.37)   

stpr_fac8           0.138**        0.0285          0.0966*          0.118**        -0.121          -0.278**        -0.246*         -0.284***
                   (2.73)          (0.66)          (2.41)          (3.17)         (-0.97)         (-2.98)         (-2.56)         (-3.86)   

stpr_fac9          0.0628       -0.000949          0.0141          0.0378           0.229          -0.170           0.171          -0.154*  
                   (1.14)         (-0.02)          (0.33)          (1.01)          (1.83)         (-1.82)          (1.78)         (-2.10)   

stpr_fac10        -0.0366         -0.0743          0.0376         -0.0275         -0.0470          -0.236*         -0.110          -0.226** 
                  (-0.69)         (-1.73)          (0.89)         (-0.74)         (-0.38)         (-2.55)         (-1.15)         (-3.09)   

stpr_fac11         0.0821          0.0186          0.0410          0.0273           0.152          -0.192*         0.0813          -0.184*  
                   (1.42)          (0.41)          (0.90)          (0.71)          (1.17)         (-1.99)          (0.82)         (-2.42)   

stpr_fac12         0.0847          0.0169          0.0505          0.0871*          0.133          -0.262**        0.0376          -0.246** 
                   (1.46)          (0.37)          (1.11)          (2.22)          (1.00)         (-2.66)          (0.37)         (-3.18)   

stpr_fac13        -0.0202          0.0223         0.00701         -0.0680           0.144          -0.281*          0.154          -0.273** 
                  (-0.33)          (0.44)          (0.14)         (-1.56)          (0.98)         (-2.57)          (1.37)         (-3.16)   

stpr_fac14         0.0851                         0.00968                                                                                   
                   (1.07)                          (0.15)                                                                                   

stpr_fac15         0.0545         -0.0116         -0.0109         -0.0338          -0.141          -0.150*         -0.133          -0.111   
                   (1.42)         (-0.34)         (-0.36)         (-1.15)         (-1.43)         (-2.03)         (-1.76)         (-1.91)   

stpr_fac16         0.0615          0.0118          0.0723           0.100**        -0.170          -0.147          -0.232*        -0.0943   
                   (1.31)          (0.29)          (1.94)          (2.86)         (-1.45)         (-1.67)         (-2.57)         (-1.36)   

stpr_fac17        -0.0242        -0.00400          0.0322          0.0664*         0.0226          -0.166*         0.0230          -0.139*  
                  (-0.50)         (-0.10)          (0.85)          (1.98)          (0.20)         (-1.97)          (0.27)         (-2.09)   

stpr_fac18         0.0893         -0.0158          0.0495          0.0444          -0.366***       -0.392***       -0.239**        -0.290***
                   (1.95)         (-0.41)          (1.37)          (1.35)         (-3.32)         (-4.76)         (-2.81)         (-4.47)   

stpr_fac19         0.0340           0.122**        0.0542          0.0414         -0.0355         -0.0779          -0.129         -0.0427   
                   (0.75)          (3.24)          (1.52)          (1.28)         (-0.33)         (-0.96)         (-1.55)         (-0.67)   

stpr_fac20          0.123**        0.0415          0.0728*         0.0517          0.0208          -0.212**        -0.107          -0.191** 
                   (2.85)          (1.14)          (2.13)          (1.65)          (0.20)         (-2.71)         (-1.32)         (-3.10)   

stpr_fac21          0.126**       0.00506          0.0924*          0.109**         0.136          -0.145          0.0112          -0.119   
                   (2.64)          (0.13)          (2.46)          (3.14)          (1.17)         (-1.67)          (0.12)         (-1.74)   

stpr_fac22          0.137*        0.00481          0.0629          0.0473           0.315*         -0.185          0.0860          -0.210*  
                   (2.10)          (0.09)          (1.23)          (1.05)          (2.08)         (-1.64)          (0.74)         (-2.36)   

stpr_fac23         0.0920          0.0563          0.0399         0.00563           0.212          -0.164         -0.0168          -0.175*  
                   (1.56)          (1.12)          (0.86)          (0.13)          (1.46)         (-1.51)         (-0.15)         (-2.05)   

stpr_fac24         0.0277       -0.000460          0.0408          0.0243          -0.127          -0.276**        -0.168          -0.207*  
                   (0.49)         (-0.01)          (0.91)          (0.57)         (-0.89)         (-2.60)         (-1.53)         (-2.47)   

stpr_fac25        -0.0498         -0.0439          0.0580          0.0373         -0.0986          -0.199*         -0.108          -0.133   
                  (-1.03)         (-1.10)          (1.52)          (1.08)         (-0.85)         (-2.31)         (-1.22)         (-1.95)   

stpr_fac26         0.0543         -0.0425          0.0734          0.0498           0.265          -0.162           0.144          -0.188   
                   (0.71)         (-0.64)          (1.21)          (0.87)          (1.38)         (-1.14)          (0.98)         (-1.67)   

stpr_fac27        -0.0265         -0.0580          0.0488          0.0623         0.00132          -0.270         0.00118          -0.198   
                  (-0.35)         (-0.88)          (0.81)          (1.10)          (0.01)         (-1.90)          (0.01)         (-1.77)   

stpr_fac28         0.0613         -0.0411          0.0659          0.0787*         0.0368          -0.180*        -0.0408          -0.115   
                   (1.33)         (-1.12)          (1.82)          (2.49)          (0.35)         (-2.27)         (-0.50)         (-1.85)   

stpr_fac29         0.0445         -0.0156          0.0743          0.0923*          0.233         -0.0936           0.146         -0.0806   
                   (0.79)         (-0.34)          (1.67)          (2.33)          (1.75)         (-0.94)          (1.43)         (-1.03)   

stpr_fac30         0.0232         -0.0706          0.0679         0.00251          0.0974          -0.365***       0.0493          -0.276***
                   (0.48)         (-1.87)          (1.80)          (0.08)          (0.89)         (-4.49)          (0.59)         (-4.30)   

stpr_fac31          0.148**        0.0250          0.0942*         0.0738*          0.334**       -0.0711           0.155         -0.0834   
                   (2.75)          (0.58)          (2.23)          (1.98)          (2.66)         (-0.76)          (1.61)         (-1.13)   

stpr_fac32         0.0713          0.0537         -0.0505          0.0133           0.107          -0.136         -0.0118          -0.159*  
                   (1.28)          (1.22)         (-1.15)          (0.35)          (0.84)         (-1.44)         (-0.12)         (-2.14)   

stpr_fac33          0.103         -0.0553          -0.122*         -0.321***       -0.155          -0.204          -0.134          -0.206*  
                   (1.64)         (-1.05)         (-2.45)         (-7.06)         (-1.01)         (-1.79)         (-1.14)         (-2.29)   

stpr_fac34          0.104         -0.0667          0.0743          0.0356           0.213          -0.267*         0.0783          -0.229** 
                   (1.59)         (-1.29)          (1.44)          (0.80)          (1.43)         (-2.40)          (0.68)         (-2.61)   

stpr_fac35        -0.0289          0.0685          0.0162          0.0189         -0.0445          -0.243*        -0.0543          -0.283***
                  (-0.50)          (1.47)          (0.36)          (0.47)         (-0.33)         (-2.42)         (-0.52)         (-3.57)   

stpr_fac36         0.0653         -0.0772          0.0610          0.0312          0.0828          -0.303**       -0.0424          -0.247** 
                   (1.01)         (-1.51)          (1.20)          (0.71)          (0.56)         (-2.75)         (-0.37)         (-2.85)   

stpr_fac37         0.0823          0.0436          0.0327         -0.0128          0.0714          -0.319**       -0.0723          -0.325***
                   (1.37)          (0.89)          (0.69)         (-0.30)          (0.50)         (-3.01)         (-0.66)         (-3.90)   

stpr_fac38         0.0416          0.0249          0.0671*        0.00862         -0.0508          -0.128          -0.130         -0.0979   
                   (1.11)          (0.78)          (2.26)          (0.31)         (-0.55)         (-1.85)         (-1.84)         (-1.80)   

stpr_fac39         0.0172         0.00534          0.0390         0.00577          -0.239*         -0.198**        -0.241**        -0.139*  
                   (0.41)          (0.15)          (1.19)          (0.19)         (-2.37)         (-2.63)         (-3.11)         (-2.35)   

stpr_fac40        -0.0462          0.0871*         0.0419        -0.00527          -0.191        -0.00531          -0.198*        -0.0411   
                  (-1.09)          (2.36)          (1.25)         (-0.17)         (-1.79)         (-0.07)         (-2.42)         (-0.66)   

stpr_fac41         0.0116         -0.0245         0.00658         -0.0108         -0.0420          -0.300***      -0.0905          -0.227***
                   (0.29)         (-0.76)          (0.21)         (-0.39)         (-0.45)         (-4.31)         (-1.26)         (-4.15)   

stpr_fac42         0.0945*        -0.0197          0.0826*         0.0483          -0.105          -0.104          -0.163*        -0.0947   
                   (2.19)         (-0.54)          (2.43)          (1.54)         (-1.00)         (-1.32)         (-2.01)         (-1.53)   

stpr_fac43         0.0441         -0.0303          0.0295          0.0146          -0.107          -0.252**        -0.156          -0.219***
                   (0.90)         (-0.79)          (0.76)          (0.44)         (-0.97)         (-3.06)         (-1.84)         (-3.37)   

stpr_fac44         0.0601         -0.0189          0.0860          0.0635         -0.0579          -0.170          -0.132          -0.126   
                   (1.00)         (-0.40)          (1.82)          (1.55)         (-0.42)         (-1.65)         (-1.25)         (-1.56)   

stpr_fac45         0.0409         -0.0581          0.0312          0.0357         -0.0547          -0.136          -0.128          -0.188** 
                   (0.76)         (-1.39)          (0.74)          (0.99)         (-0.45)         (-1.50)         (-1.37)         (-2.64)   

stpr_fac46         0.0970         -0.0131         0.00592          0.0350           0.390*         -0.203           0.206          -0.203*  
                   (1.40)         (-0.24)          (0.11)          (0.76)          (2.52)         (-1.76)          (1.73)         (-2.24)   

stpr_fac47         0.0621         -0.0827*         0.0592          0.0486           0.132          -0.211*         0.0663          -0.168*  
                   (1.18)         (-2.00)          (1.43)          (1.37)          (1.10)         (-2.37)          (0.72)         (-2.40)   

stpr_fac48         0.0801         -0.0697        -0.00168         -0.0191          0.0466          -0.146          0.0296          -0.113   
                   (1.58)         (-1.72)         (-0.04)         (-0.55)          (0.40)         (-1.67)          (0.33)         (-1.64)   

stpr_fac49        -0.0132          -0.122**     -0.000418         -0.0165         -0.0705          -0.673***      -0.0222          -0.521***
                  (-0.23)         (-2.62)         (-0.01)         (-0.41)         (-0.52)         (-6.71)         (-0.22)         (-6.60)   

stpr_fac50         0.0336         -0.0227          0.0120          0.0124          0.0180          -0.149         -0.0449          -0.140   
                   (0.56)         (-0.45)          (0.25)          (0.29)          (0.13)         (-1.38)         (-0.41)         (-1.65)   

stpr_fac51         0.0542        -0.00620          0.0132        -0.00572          0.0723          -0.297***      -0.0283          -0.231***
                   (1.12)         (-0.16)          (0.34)         (-0.17)          (0.65)         (-3.60)         (-0.33)         (-3.55)   

stpr_fac52         0.0837         -0.0591          0.0425         0.00843          -0.257*         -0.329***       -0.221**        -0.244***
                   (1.89)         (-1.68)          (1.21)          (0.28)         (-2.53)         (-4.33)         (-2.82)         (-4.09)   

stpr_fac53         0.0558          0.0387          0.0682          0.0661*          0.114          -0.159*         0.0343          -0.172** 
                   (1.23)          (1.07)          (1.90)          (2.13)          (1.10)         (-2.05)          (0.43)         (-2.82)   

stpr_fac54        -0.0176          0.0131          0.0535          0.0463           0.225          -0.173           0.115          -0.213*  
                  (-0.26)          (0.24)          (1.02)          (0.99)          (1.44)         (-1.48)          (0.95)         (-2.31)   

stpr_fac55          0.116*        -0.0557         0.00532          0.0183           0.140          -0.204*       -0.00735          -0.139   
                   (2.10)         (-1.28)          (0.12)          (0.49)          (1.11)         (-2.17)         (-0.08)         (-1.88)   

stpr_fac56       -0.00669          0.0245          0.0176        -0.00471        -0.00832          -0.186*        -0.0403          -0.204** 
                  (-0.14)          (0.64)          (0.45)         (-0.14)         (-0.08)         (-2.26)         (-0.47)         (-3.15)   

stpr_fac57        -0.0453         -0.0147          0.0364          0.0199          -0.352*         -0.323**        -0.210          -0.208*  
                  (-0.64)         (-0.25)          (0.65)          (0.40)         (-2.11)         (-2.60)         (-1.64)         (-2.12)   

stpr_fac58         0.0100          -0.106*         0.0624          0.0457          -0.160          -0.430***       -0.159          -0.284***
                   (0.17)         (-2.14)          (1.33)          (1.07)         (-1.12)         (-4.03)         (-1.44)         (-3.38)   

stpr_fac59         0.0207          0.0126          0.0480       -0.000555         -0.0808          -0.318***       -0.135          -0.291***
                   (0.45)          (0.34)          (1.31)         (-0.02)         (-0.76)         (-4.01)         (-1.66)         (-4.66)   

stpr_fac60         0.0581         -0.0220          0.0471         -0.0211          0.0940          -0.208*        -0.0152          -0.204*  
                   (0.94)         (-0.46)          (0.97)         (-0.51)          (0.68)         (-2.01)         (-0.14)         (-2.51)   

stpr_fac61        -0.0209         -0.0100         0.00262         0.00200           0.759***       -0.269*          0.402***       -0.264** 
                  (-0.33)         (-0.19)          (0.05)          (0.04)          (5.08)         (-2.41)          (3.50)         (-3.00)   

stpr_fac62         0.0568         -0.0114          0.0564          0.0625           0.281*         -0.165           0.131          -0.180*  
                   (0.99)         (-0.26)          (1.25)          (1.62)          (2.18)         (-1.71)          (1.32)         (-2.38)   

stpr_fac63         0.0580       -0.000989          0.0246          0.0121           0.365**        -0.208*          0.251*         -0.205** 
                   (1.04)         (-0.02)          (0.56)          (0.31)          (2.76)         (-2.11)          (2.47)         (-2.64)   

stpr_fac64       -0.00595          0.0620          0.0285        -0.00179           0.167          -0.285***        0.108          -0.221***
                  (-0.13)          (1.57)          (0.77)         (-0.05)          (1.47)         (-3.36)          (1.24)         (-3.30)   

o.stpr_fac65            0               0               0               0               0               0               0               0   
                      (.)             (.)             (.)             (.)             (.)             (.)             (.)             (.)   

stpr_fac66         0.0398         -0.0431          0.0170         -0.0202         -0.0198          -0.159          -0.172         -0.0280   
                   (0.65)         (-0.80)          (0.35)         (-0.44)         (-0.13)         (-1.37)         (-1.43)         (-0.31)   

stpr_fac67         0.0679         0.00267          0.0531          0.0425          -0.134         -0.0885          -0.126        -0.00289   
                   (1.33)          (0.06)          (1.32)          (1.10)         (-1.04)         (-0.92)         (-1.26)         (-0.04)   

stpr_fac68        -0.0120         -0.0274          0.0608          0.0238          -0.305          -0.259*         -0.179          -0.165   
                  (-0.20)         (-0.50)          (1.27)          (0.50)         (-1.92)         (-2.19)         (-1.47)         (-1.77)   

stpr_fac69         0.0595          0.0138          0.0435          0.0467          0.0151          -0.156         -0.0617          -0.131   
                   (1.01)          (0.28)          (0.93)          (1.11)          (0.11)         (-1.47)         (-0.57)         (-1.57)   

stpr_fac70         0.0270         -0.0399          0.0220         -0.0413           0.378**       -0.0816           0.164         -0.0941   
                   (0.50)         (-0.91)          (0.52)         (-1.09)          (2.97)         (-0.86)          (1.68)         (-1.26)   

stpr_fac71       -0.00293          0.0770*        -0.0115          0.0114          -0.302**        -0.228**        -0.223**        -0.183** 
                  (-0.07)          (2.16)         (-0.35)          (0.37)         (-2.93)         (-2.97)         (-2.82)         (-3.03)   

stpr_fac72         0.0194          0.0144      -0.0000135         -0.0329          -0.214*         -0.343***       -0.221**        -0.277***
                   (0.49)          (0.42)         (-0.00)         (-1.12)         (-2.16)         (-4.64)         (-2.90)         (-4.76)   

stpr_fac73         0.0115         -0.0315          0.0967**        0.0765**       -0.0293          -0.135         -0.0440          -0.102   
                   (0.30)         (-0.97)          (3.21)          (2.73)         (-0.31)         (-1.92)         (-0.61)         (-1.85)   

stpr_fac74         0.0479        -0.00266          0.0376          0.0284          -0.175          -0.179          -0.191          -0.128   
                   (0.86)         (-0.06)          (0.86)          (0.74)         (-1.37)         (-1.87)         (-1.94)         (-1.70)   

stpr_fac75        -0.0892         -0.0269         -0.0176         -0.0150          -0.494***       -0.276*         -0.324**        -0.232** 
                  (-1.46)         (-0.52)         (-0.37)         (-0.34)         (-3.31)         (-2.48)         (-2.83)         (-2.65)   

stpr_fac76          0.249***     -0.00140           0.107*         0.0932           0.330*        -0.0850          0.0588          -0.143   
                   (3.71)         (-0.02)          (2.03)          (1.90)          (2.00)         (-0.69)          (0.46)         (-1.48)   

stpr_fac77        -0.0954          0.0418          0.0471         -0.0190           0.149          -0.173           0.200          -0.165   
                  (-1.48)          (0.75)          (0.92)         (-0.40)          (0.93)         (-1.45)          (1.62)         (-1.75)   

stpr_fac78         0.0398          0.0480          0.0659          0.0647          -0.440***       -0.332***       -0.297**        -0.267***
                   (0.74)          (1.12)          (1.56)          (1.75)         (-3.55)         (-3.60)         (-3.12)         (-3.67)   

stpr_fac79         -0.130         -0.0455         -0.0302         -0.0564          -0.271          -0.292*         -0.172          -0.222*  
                  (-1.95)         (-0.80)         (-0.57)         (-1.16)         (-1.65)         (-2.39)         (-1.37)         (-2.30)   

stpr_fac80        -0.0742         -0.0137          0.0674          0.0187         -0.0398          -0.238**      -0.00279          -0.210** 
                  (-1.45)         (-0.33)          (1.67)          (0.53)         (-0.33)         (-2.68)         (-0.03)         (-3.00)   

stpr_fac81         0.0164         0.00461         0.00213         -0.0377           0.226*         -0.320***       0.0806          -0.275***
                   (0.34)          (0.12)          (0.06)         (-1.14)          (2.03)         (-3.86)          (0.94)         (-4.22)   

stpr_fac82         0.0288          0.0541         -0.0814          0.0240           0.255          -0.136          0.0564          -0.153   
                   (0.49)          (1.13)         (-1.77)          (0.58)          (1.84)         (-1.32)          (0.53)         (-1.88)   

stpr_fac83         0.0658          0.0627           0.114           0.230***       0.0811         -0.0843          0.0302         -0.0361   
                   (0.89)          (1.04)          (1.95)          (4.44)          (0.47)         (-0.65)          (0.23)         (-0.35)   

stpr_fac84        -0.0628         0.00519         -0.0848           0.170***      -0.0905          -0.280**        -0.102          -0.242** 
                  (-1.12)          (0.12)         (-1.92)          (4.38)         (-0.70)         (-2.89)         (-1.02)         (-3.16)   

stpr_fac85         0.0596         -0.0191          0.0472          0.0218          -0.305*         -0.285**        -0.231*         -0.209*  
                   (0.99)         (-0.39)          (0.99)          (0.52)         (-2.18)         (-2.73)         (-2.15)         (-2.54)   

stpr_fac86         0.0685        -0.00782        -0.00373          0.0145          0.0653          -0.327**       -0.0650          -0.258** 
                   (1.08)         (-0.15)         (-0.07)          (0.33)          (0.45)         (-3.00)         (-0.58)         (-3.01)   

stpr_fac87          0.108*         0.0108          0.0386        -0.00968          -0.233          -0.223*         -0.231*         -0.133   
                   (2.08)          (0.26)          (0.95)         (-0.27)         (-1.95)         (-2.50)         (-2.52)         (-1.89)   

stpr_fac88         0.0801         -0.0499          0.0736          0.0221           0.240         -0.0599           0.208*         -0.138   
                   (1.36)         (-1.09)          (1.58)          (0.56)          (1.82)         (-0.61)          (2.06)         (-1.79)   

stpr_fac89         0.0473         -0.0203          0.0351         -0.0190          -0.125          -0.267***       -0.141          -0.198***
                   (1.11)         (-0.58)          (1.04)         (-0.63)         (-1.24)         (-3.55)         (-1.82)         (-3.35)   

stpr_fac90        -0.0536         -0.0116          0.0363       0.0000870          -0.408***       -0.295***       -0.282**        -0.221***
                  (-1.19)         (-0.30)          (1.02)          (0.00)         (-3.61)         (-3.50)         (-3.24)         (-3.33)   

stpr_fac91         0.0324         -0.0297          0.0316          0.0191         -0.0880          -0.156         -0.0620          -0.135*  
                   (0.68)         (-0.80)          (0.84)          (0.60)         (-0.82)         (-1.94)         (-0.75)         (-2.14)   

stpr_fac92          0.100*        -0.0515          0.0346         0.00297         -0.0769          -0.296***       -0.101          -0.263***
                   (2.01)         (-1.31)          (0.88)          (0.09)         (-0.68)         (-3.48)         (-1.15)         (-3.93)   

stpr_fac93          0.155**       0.00793          0.0366          0.0309           0.166          -0.233*          0.103          -0.259***
                   (2.70)          (0.18)          (0.81)          (0.80)          (1.28)         (-2.41)          (1.03)         (-3.40)   

stpr_fac94         0.0295         -0.0374          0.0453         0.00134           0.192          -0.247**        0.0503          -0.183** 
                   (0.62)         (-0.98)          (1.20)          (0.04)          (1.74)         (-3.00)          (0.59)         (-2.83)   

stpr_fac95         0.0703         -0.0312          0.0369          0.0365           0.238          -0.224*          0.121          -0.229*  
                   (1.06)         (-0.59)          (0.70)          (0.80)          (1.56)         (-1.97)          (1.03)         (-2.56)   

stpr_fac96         0.0235         -0.0320          0.0695          0.0542          -0.166          -0.406***       -0.150          -0.296***
                   (0.52)         (-0.88)          (1.93)          (1.73)         (-1.58)         (-5.17)         (-1.86)         (-4.78)   

stpr_fac97         0.0846         -0.0333          0.0564          0.0164           0.133          -0.154         0.00985          -0.137   
                   (1.49)         (-0.76)          (1.26)          (0.44)          (1.06)         (-1.63)          (0.10)         (-1.85)   

stpr_fac98          0.107*         0.0551          0.0291          0.0135           0.225*         -0.170*         0.0953          -0.208** 
                   (2.15)          (1.40)          (0.74)          (0.40)          (1.99)         (-2.01)          (1.10)         (-3.13)   

stpr_fac99         0.0195          0.0420          0.0781*         0.0423          -0.309**        -0.324***       -0.245**        -0.234***
                   (0.45)          (1.13)          (2.29)          (1.32)         (-2.89)         (-4.05)         (-2.98)         (-3.72)   

stpr_fac100         0.192***     -0.00657           0.126**         0.151***        0.363**        0.0526           0.150          0.0747   
                   (3.33)         (-0.14)          (2.77)          (3.74)          (2.68)          (0.52)          (1.44)          (0.94)   

stpr_fac101         0.126         -0.0524          0.0745          0.0764           0.221          -0.108          0.0987         -0.0293   
                   (1.93)         (-0.99)          (1.44)          (1.68)          (1.45)         (-0.95)          (0.84)         (-0.33)   

stpr_fac102        0.0558           0.122*       0.000776           0.159***        0.279           0.107           0.196         -0.0188   
                   (0.90)          (2.40)          (0.02)          (3.63)          (1.90)          (0.98)          (1.74)         (-0.22)   

stpr_fac103        0.0507          0.0638          0.0673*         0.0485           0.178          -0.197**        0.0330          -0.150*  
                   (1.17)          (1.81)          (1.97)          (1.60)          (1.75)         (-2.60)          (0.42)         (-2.51)   

o.stpr_fac14                            0                               0               0               0               0               0   
                                      (.)                             (.)             (.)             (.)             (.)             (.)   

_cons             -0.0531          0.0148         -0.0407         -0.0255         -0.0584           0.210**        0.0205           0.181** 
                  (-1.15)          (0.42)         (-1.12)         (-0.84)         (-0.58)          (2.78)          (0.26)          (3.04)   
--------------------------------------------------------------------------------------------------------------------------------------------
N                    1208            1211            1208            1211            1210            1211            1210            1211   
R-sq                0.237           0.230           0.223           0.314           0.341           0.247           0.292           0.242   
--------------------------------------------------------------------------------------------------------------------------------------------
t statistics in parentheses
* p<0.05, ** p<0.01, *** p<0.001
