--------------------------------------------------------------------------------------------------------------------------------------------
                      (1)             (2)             (3)             (4)             (5)             (6)             (7)             (8)   
             aginc_back~d    aginc_pred~t    nfincome_b~d    nfincome_p~t    output_bac~d    output_pre~t    percapinc_~d    percapinc_~t   
--------------------------------------------------------------------------------------------------------------------------------------------
lncedc88di~e      -0.0248          0.0608***       0.0133         0.00590         0.00401        -0.00182         -0.0175          0.0279** 
                  (-1.25)          (3.79)          (1.16)          (0.59)          (0.37)         (-0.20)         (-1.58)          (3.06)   

stpr_fac1          -0.155        -0.00163          -0.154**       -0.0786         -0.0348         -0.0331         -0.0825          0.0150   
                  (-1.72)         (-0.02)         (-2.99)         (-1.75)         (-0.71)         (-0.80)         (-1.65)          (0.36)   

stpr_fac2         -0.0787          0.0533         -0.0475         -0.0313         -0.0187         -0.0351         -0.0593         -0.0214   
                  (-0.99)          (0.84)         (-1.04)         (-0.79)         (-0.43)         (-0.96)         (-1.35)         (-0.59)   

stpr_fac3         -0.0960          0.0492         -0.0144         -0.0421        0.000230         -0.0819*        -0.0620          0.0275   
                  (-1.31)          (0.83)         (-0.34)         (-1.14)          (0.01)         (-2.41)         (-1.52)          (0.82)   

stpr_fac4         -0.0264         -0.0241          0.0504         -0.0772          0.0321         -0.0432        -0.00722         -0.0646   
                  (-0.31)         (-0.35)          (1.03)         (-1.81)          (0.69)         (-1.10)         (-0.15)         (-1.65)   

stpr_fac5           0.217         -0.0631         -0.0246         -0.0134         -0.0239         0.00261           0.182**        0.0118   
                   (1.96)         (-0.71)         (-0.39)         (-0.24)         (-0.39)          (0.05)          (2.96)          (0.23)   

stpr_fac6          0.0983           0.308**         0.207**        0.0951          0.0179          0.0406         -0.0517       -0.000898   
                   (0.73)          (2.84)          (2.67)          (1.41)          (0.24)          (0.65)         (-0.69)         (-0.01)   

stpr_fac7          -0.152          0.0762         -0.0121          0.0804          0.0241          0.0199         -0.0920          0.0487   
                  (-1.78)          (1.11)         (-0.25)          (1.88)          (0.52)          (0.50)         (-1.94)          (1.25)   

stpr_fac8         -0.0643         0.00996           0.128*        -0.0291          0.0606         0.00438        -0.00923         -0.0522   
                  (-0.68)          (0.13)          (2.38)         (-0.62)          (1.18)          (0.10)         (-0.18)         (-1.21)   

stpr_fac9         -0.0118        -0.00222         0.00461         -0.0772        -0.00123          0.0198        -0.00591         -0.0629   
                  (-0.15)         (-0.03)          (0.10)         (-1.92)         (-0.03)          (0.53)         (-0.13)         (-1.71)   

stpr_fac10         -0.111          0.0166         -0.0447          -0.129**       -0.0977*         -0.105**       -0.0908          0.0162   
                  (-1.31)          (0.24)         (-0.92)         (-3.04)         (-2.12)         (-2.69)         (-1.93)          (0.42)   

stpr_fac11        -0.0116         0.00614          0.0221         -0.0813*        -0.0121         0.00854        -0.00610         -0.0464   
                  (-0.14)          (0.10)          (0.48)         (-2.02)         (-0.28)          (0.23)         (-0.14)         (-1.26)   

stpr_fac12         0.0203         -0.0242          0.0676        -0.00717        -0.00701          0.0115        -0.00654         -0.0928*  
                   (0.24)         (-0.35)          (1.38)         (-0.17)         (-0.15)          (0.29)         (-0.14)         (-2.38)   

stpr_fac13         -0.157          -0.150         -0.0868          -0.182***     -0.00761         -0.0164         -0.0913         -0.0175   
                  (-1.54)         (-1.82)         (-1.47)         (-3.56)         (-0.14)         (-0.35)         (-1.61)         (-0.37)   

stpr_fac14        -0.0368         0.00709         -0.0522         -0.0109         -0.0488         0.00910         -0.0233          0.0132   
                  (-0.29)          (0.07)         (-0.71)         (-0.17)         (-0.70)          (0.15)         (-0.33)          (0.22)   

stpr_fac15         -0.135*          0.104*        0.00174          -0.111***       0.0506         -0.0622*        -0.0546        -0.00334   
                  (-2.17)          (2.06)          (0.05)         (-3.53)          (1.49)         (-2.16)         (-1.58)         (-0.12)   

stpr_fac16         -0.130          0.0870         0.00750         -0.0166          0.0848         -0.0336         -0.0949*        -0.0236   
                  (-1.49)          (1.25)          (0.15)         (-0.38)          (1.79)         (-0.84)         (-1.97)         (-0.59)   

stpr_fac17         -0.276***       0.0526          0.0569         -0.0172         -0.0817*        -0.0151          -0.207***      -0.0691*  
                  (-4.08)          (0.97)          (1.46)         (-0.51)         (-2.21)         (-0.48)         (-5.51)         (-2.23)   

stpr_fac18         -0.140*          0.282***      -0.0156         -0.0163        -0.00524         0.00634          -0.111**         0.101** 
                  (-1.98)          (4.94)         (-0.38)         (-0.46)         (-0.14)          (0.19)         (-2.82)          (3.12)   

stpr_fac19         -0.163*          0.230***        0.117**        0.0234          0.0679         0.00314          -0.123**         0.111***
                  (-2.36)          (4.14)          (2.96)          (0.68)          (1.81)          (0.10)         (-3.21)          (3.53)   

stpr_fac20        -0.0461           0.212***        0.143***       0.0203          0.0679          0.0222        -0.00764          0.0811** 
                  (-0.69)          (3.93)          (3.72)          (0.60)          (1.86)          (0.72)         (-0.21)          (2.64)   

stpr_fac21         0.0797           0.280***        0.172***       0.0828*          0.105*         0.0243          0.0341          0.0598   
                   (1.05)          (4.57)          (3.91)          (2.17)          (2.52)          (0.69)          (0.80)          (1.71)   

stpr_fac22        -0.0118           0.115          0.0364          0.0195          0.0523         -0.0205         -0.0336          0.0344   
                  (-0.12)          (1.44)          (0.64)          (0.39)          (0.96)         (-0.45)         (-0.61)          (0.76)   

stpr_fac23        -0.0397           0.173*         0.0550          0.0290          0.0910          0.0452         -0.0197           0.102*  
                  (-0.39)          (2.14)          (0.95)          (0.57)          (1.66)          (0.97)         (-0.35)          (2.22)   

stpr_fac24         -0.154           0.173*        -0.0172        -0.00788         -0.0288         -0.0271          -0.111*         0.0741   
                  (-1.56)          (2.17)         (-0.30)         (-0.16)         (-0.53)         (-0.59)         (-2.02)          (1.64)   

stpr_fac25         -0.190*         0.0695         -0.0498         -0.0177         -0.0886         -0.0180          -0.127*        -0.0133   
                  (-2.11)          (0.96)         (-0.96)         (-0.39)         (-1.80)         (-0.43)         (-2.53)         (-0.32)   

stpr_fac26        -0.0341           0.104          0.0429          0.0172         -0.0245          0.0264         -0.0394          0.0242   
                  (-0.25)          (0.93)          (0.54)          (0.25)         (-0.32)          (0.41)         (-0.51)          (0.38)   

stpr_fac27         -0.100          0.0517         -0.0157         -0.0351         -0.0958         -0.0478         -0.0823         -0.0291   
                  (-0.72)          (0.46)         (-0.20)         (-0.51)         (-1.27)         (-0.75)         (-1.07)         (-0.46)   

stpr_fac28      -0.000514         0.00959          0.0738         -0.0501          0.0116         -0.0367         -0.0238         -0.0573   
                  (-0.01)          (0.16)          (1.67)         (-1.30)          (0.28)         (-1.04)         (-0.56)         (-1.63)   

stpr_fac29         0.0627           0.152*         0.0814          0.0667         -0.0343          0.0306        -0.00137          0.0493   
                   (0.68)          (2.03)          (1.53)          (1.43)         (-0.68)          (0.71)         (-0.03)          (1.16)   

stpr_fac30        -0.0903          0.0662          0.0163         -0.0509         -0.0623         -0.0737*        -0.0585         0.00569   
                  (-1.30)          (1.18)          (0.41)         (-1.46)         (-1.64)         (-2.29)         (-1.51)          (0.18)   

stpr_fac31       -0.00191          0.0880          0.0709         -0.0160          0.0855        -0.00872         -0.0552        -0.00648   
                  (-0.02)          (1.33)          (1.49)         (-0.39)          (1.90)         (-0.23)         (-1.20)         (-0.17)   

stpr_fac32        -0.0963         -0.0498         -0.0552         -0.0511          0.0197         -0.0212         -0.0155         -0.0415   
                  (-1.19)         (-0.76)         (-1.18)         (-1.25)          (0.44)         (-0.56)         (-0.34)         (-1.12)   

stpr_fac33         -0.598***      -0.0327          -0.415***       -0.168**      -0.00848         -0.0284          -0.235***        0.153** 
                  (-5.52)         (-0.37)         (-6.65)         (-3.10)         (-0.14)         (-0.57)         (-3.90)          (3.09)   

stpr_fac34        -0.0822          0.0177        -0.00930         0.00244         -0.0232         -0.0212          -0.108         0.00793   
                  (-0.82)          (0.22)         (-0.16)          (0.05)         (-0.42)         (-0.46)         (-1.95)          (0.17)   

stpr_fac35        -0.0992          0.0687         0.00390         -0.0242          0.0465         -0.0597         -0.0758          0.0432   
                  (-1.01)          (0.87)          (0.07)         (-0.49)          (0.87)         (-1.31)         (-1.39)          (0.96)   

stpr_fac36          0.118         -0.0514        -0.00682        -0.00700         -0.0588         -0.0742          0.0663         -0.0399   
                   (1.01)         (-0.54)         (-0.10)         (-0.12)         (-0.92)         (-1.37)          (1.02)         (-0.74)   

stpr_fac37         -0.150         -0.0962         -0.0296          -0.211***        0.114*         -0.105*         -0.126*         -0.109*  
                  (-1.51)         (-1.20)         (-0.52)         (-4.23)          (2.09)         (-2.30)         (-2.28)         (-2.39)   

stpr_fac38         -0.156*         0.0974         -0.0358         -0.0543          0.0102         -0.0233          -0.113**        0.0176   
                  (-2.33)          (1.81)         (-0.93)         (-1.62)          (0.28)         (-0.75)         (-3.04)          (0.57)   

stpr_fac39        -0.0648          0.0916        -0.00275         -0.0366         0.00335         -0.0157         -0.0433          0.0414   
                  (-0.88)          (1.55)         (-0.06)         (-0.99)          (0.08)         (-0.46)         (-1.06)          (1.23)   

stpr_fac40         -0.236**         0.170**       -0.0552         -0.0224         -0.0411          0.0609          -0.188***       0.0512   
                  (-3.06)          (2.74)         (-1.25)         (-0.58)         (-0.98)          (1.72)         (-4.39)          (1.45)   

stpr_fac41         -0.177**        0.0703         -0.0748         -0.0810*       -0.00711         -0.0573          -0.101**        0.0161   
                  (-2.62)          (1.30)         (-1.93)         (-2.40)         (-0.19)         (-1.84)         (-2.70)          (0.52)   

stpr_fac42         0.0434          0.0451          0.0932        -0.00907          0.0328          0.0245          0.0356         -0.0139   
                   (0.51)          (0.65)          (1.89)         (-0.21)          (0.70)          (0.62)          (0.74)         (-0.35)   

stpr_fac43         -0.103           0.132*        -0.0322        -0.00371         -0.0342         0.00828         -0.0921*         0.0623   
                  (-1.44)          (2.29)         (-0.78)         (-0.10)         (-0.87)          (0.25)         (-2.31)          (1.90)   

stpr_fac44         0.0359          0.0424          0.0872         -0.0158         -0.0151         -0.0192          0.0136         -0.0342   
                   (0.38)          (0.55)          (1.59)         (-0.33)         (-0.29)         (-0.44)          (0.26)         (-0.78)   

stpr_fac45        -0.0500          0.0378        -0.00442         -0.0186        -0.00359         -0.0611         -0.0363        -0.00426   
                  (-0.57)          (0.53)         (-0.09)         (-0.42)         (-0.07)         (-1.51)         (-0.74)         (-0.11)   

stpr_fac46        0.00165          -0.118         -0.0341         -0.0884         0.00516         -0.0153        -0.00295         -0.0917   
                   (0.01)         (-1.11)         (-0.45)         (-1.33)          (0.07)         (-0.25)         (-0.04)         (-1.52)   

stpr_fac47         -0.150       -0.000750         -0.0288         -0.0356         -0.0410         -0.0107          -0.124**       -0.0621   
                  (-1.93)         (-0.01)         (-0.64)         (-0.91)         (-0.96)         (-0.30)         (-2.87)         (-1.74)   

stpr_fac48         -0.147         -0.0829         -0.0675          -0.103*       -0.00335         -0.0571         -0.0720         -0.0740   
                  (-1.73)         (-1.22)         (-1.38)         (-2.42)         (-0.07)         (-1.46)         (-1.53)         (-1.91)   

stpr_fac49         -0.161          -0.118          -0.101          -0.267***      -0.0439          -0.141**        -0.127*         -0.132** 
                  (-1.68)         (-1.52)         (-1.83)         (-5.55)         (-0.84)         (-3.19)         (-2.37)         (-3.00)   

stpr_fac50          0.226*        -0.0952         -0.0396         -0.0819         -0.0273         -0.0785           0.108         -0.0651   
                   (2.06)         (-1.08)         (-0.63)         (-1.49)         (-0.46)         (-1.55)          (1.77)         (-1.30)   

stpr_fac51         -0.111          0.0181         -0.0605         -0.0821*       -0.00360         0.00330         -0.0734        -0.00742   
                  (-1.47)          (0.30)         (-1.39)         (-2.16)         (-0.09)          (0.09)         (-1.74)         (-0.21)   

stpr_fac52         -0.312***        0.121         -0.0142         -0.0650         -0.0236         -0.0224          -0.192***       0.0571   
                  (-4.07)          (1.96)         (-0.32)         (-1.69)         (-0.56)         (-0.63)         (-4.49)          (1.63)   

stpr_fac53         0.0153          0.0892          0.0975*        0.00128          0.0695          0.0349         -0.0486          0.0142   
                   (0.21)          (1.55)          (2.37)          (0.04)          (1.78)          (1.06)         (-1.22)          (0.43)   

stpr_fac54         -0.156           0.294***      -0.0224         -0.0245         -0.0480         -0.0360          -0.115          0.0979*  
                  (-1.48)          (3.45)         (-0.37)         (-0.46)         (-0.83)         (-0.74)         (-1.95)          (2.02)   

stpr_fac55        -0.0700         -0.0126         -0.0506         -0.0357          0.0156         -0.0677         -0.0402         -0.0190   
                  (-0.75)         (-0.17)         (-0.94)         (-0.77)          (0.31)         (-1.57)         (-0.78)         (-0.45)   

stpr_fac56         -0.120         0.00165          -0.124**       -0.0734*        -0.0157        -0.00131          -0.111**      -0.00716   
                  (-1.65)          (0.03)         (-2.97)         (-2.01)         (-0.39)         (-0.04)         (-2.74)         (-0.21)   

o.stpr_fac57            0               0               0               0               0               0               0               0   
                      (.)             (.)             (.)             (.)             (.)             (.)             (.)             (.)   

stpr_fac58        -0.0906          -0.148         -0.0126         -0.0999*        0.00430          -0.240***      -0.0816         -0.0819   
                  (-0.90)         (-1.81)         (-0.22)         (-1.97)          (0.08)         (-5.14)         (-1.45)         (-1.77)   

stpr_fac59       -0.00105         -0.0374         -0.0530         -0.0175         -0.0297        -0.00549         -0.0454        -0.00108   
                  (-0.01)         (-0.63)         (-1.25)         (-0.47)         (-0.74)         (-0.16)         (-1.11)         (-0.03)   

stpr_fac60        -0.0310         -0.0539         -0.0336         -0.0310        -0.00832         -0.0111         -0.0276          0.0147   
                  (-0.34)         (-0.74)         (-0.65)         (-0.69)         (-0.17)         (-0.27)         (-0.55)          (0.36)   

stpr_fac61         -0.154          0.0196          -0.103         -0.0201          -0.115         -0.0331         -0.0811         0.00951   
                  (-1.42)          (0.22)         (-1.66)         (-0.37)         (-1.94)         (-0.66)         (-1.35)          (0.19)   

stpr_fac62        -0.0654          0.0625          0.0401         -0.0325         -0.0350         -0.0731*        -0.0591         -0.0198   
                  (-0.91)          (1.08)          (0.96)         (-0.90)         (-0.89)         (-2.19)         (-1.47)         (-0.60)   

stpr_fac63        -0.0518        -0.00705         0.00804         -0.0807         -0.0295         -0.0211         -0.0496         0.00406   
                  (-0.60)         (-0.10)          (0.16)         (-1.85)         (-0.62)         (-0.53)         (-1.03)          (0.10)   

stpr_fac64         -0.163*          0.109         -0.0251         -0.0828*        -0.0555         -0.0216          -0.118**        0.0232   
                  (-2.23)          (1.85)         (-0.59)         (-2.25)         (-1.39)         (-0.64)         (-2.88)          (0.69)   

stpr_fac65         -0.159           0.160*        -0.0331         -0.0210          0.0247         -0.0301         -0.0739          0.0743   
                  (-1.89)          (2.36)         (-0.68)         (-0.50)          (0.54)         (-0.77)         (-1.58)          (1.92)   

stpr_fac66         -0.135          0.0667        -0.00919         -0.0584          0.0103         -0.0534         -0.0731          0.0486   
                  (-1.21)          (0.74)         (-0.14)         (-1.04)          (0.17)         (-1.04)         (-1.18)          (0.95)   

stpr_fac67         -0.109           0.193**        0.0346         -0.0262          0.0528         -0.0317         -0.0880          0.0357   
                  (-1.21)          (2.66)          (0.67)         (-0.58)          (1.07)         (-0.76)         (-1.76)          (0.86)   

stpr_fac68        -0.0673          0.0593          0.0457         -0.0721          0.0137         -0.0918         -0.0484        -0.00626   
                  (-0.60)          (0.66)          (0.71)         (-1.28)          (0.22)         (-1.77)         (-0.78)         (-0.12)   

stpr_fac69        -0.0861          0.0482        0.000173         -0.0156          0.0325         -0.0605         -0.0688         -0.0126   
                  (-0.84)          (0.58)          (0.00)         (-0.30)          (0.58)         (-1.27)         (-1.20)         (-0.27)   

stpr_fac70         -0.169         -0.0231         -0.0695         -0.0795         -0.0252         -0.0572         -0.0780          0.0279   
                  (-1.84)         (-0.31)         (-1.32)         (-1.73)         (-0.50)         (-1.35)         (-1.53)          (0.66)   

o.stpr_fac71            0               0               0               0               0               0               0               0   
                      (.)             (.)             (.)             (.)             (.)             (.)             (.)             (.)   

stpr_fac72         -0.232***      -0.0503         -0.0376          -0.100**        0.0353         -0.0528          -0.145***      -0.0332   
                  (-3.38)         (-0.91)         (-0.95)         (-2.91)          (0.94)         (-1.67)         (-3.80)         (-1.06)   

stpr_fac73        -0.0852           0.266***       0.0732*         0.0404          0.0264         -0.0755**       -0.0881**        0.0796** 
                  (-1.42)          (5.49)          (2.12)          (1.34)          (0.80)         (-2.72)         (-2.64)          (2.89)   

stpr_fac74         -0.196*         0.0573         -0.0892         -0.0448         -0.0329          0.0127          -0.143**      -0.00741   
                  (-2.26)          (0.82)         (-1.79)         (-1.03)         (-0.70)          (0.32)         (-2.97)         (-0.19)   

stpr_fac75         -0.141       -0.000113          -0.140*        -0.0772          -0.183**        0.0398          -0.111          0.0237   
                  (-1.27)         (-0.00)         (-2.20)         (-1.39)         (-3.03)          (0.78)         (-1.80)          (0.47)   

stpr_fac76          0.195           0.109           0.193**        0.0223           0.215***      -0.0461          0.0252         0.00917   
                   (1.65)          (1.14)          (2.82)          (0.38)          (3.32)         (-0.84)          (0.38)          (0.17)   

stpr_fac77        -0.0209          -0.170         -0.0689         -0.0852         -0.0600         -0.0267          -0.107         0.00232   
                  (-0.18)         (-1.80)         (-1.02)         (-1.45)         (-0.94)         (-0.49)         (-1.64)          (0.04)   

stpr_fac78          0.241**       -0.0630        -0.00649          0.0278         -0.0444          0.0438          0.0286         -0.0323   
                   (2.97)         (-0.97)         (-0.14)          (0.68)         (-1.00)          (1.17)          (0.64)         (-0.87)   

stpr_fac79       -0.00382           0.148          -0.119          0.0730          -0.212**        0.0277          0.0507           0.225***
                  (-0.03)          (1.55)         (-1.75)          (1.22)         (-3.27)          (0.50)          (0.77)          (4.14)   

stpr_fac80       -0.00694           0.135*       0.000117         -0.0575         0.00736         -0.0142         -0.0553          0.0271   
                  (-0.08)          (1.98)          (0.00)         (-1.36)          (0.16)         (-0.36)         (-1.18)          (0.70)   

stpr_fac81       -0.00529         -0.0842         -0.0848*         -0.182***      0.00334         -0.0860**       -0.0337         -0.0822*  
                  (-0.08)         (-1.48)         (-2.09)         (-5.13)          (0.09)         (-2.64)         (-0.86)         (-2.54)   

stpr_fac82         0.0560          -0.115         -0.0569         -0.0544          0.0624          0.0243          0.0581          -0.108*  
                   (0.59)         (-1.50)         (-1.04)         (-1.14)          (1.20)          (0.55)          (1.10)         (-2.48)   

stpr_fac83          0.197           0.149           0.199**         0.148*         0.0242         0.00548          0.0740         -0.0326   
                   (1.64)          (1.54)          (2.87)          (2.46)          (0.37)          (0.10)          (1.11)         (-0.59)   

stpr_fac84         0.0211          -0.125          0.0942          -0.120*        -0.0159         -0.0758          0.0452          -0.162***
                   (0.22)         (-1.65)          (1.74)         (-2.55)         (-0.31)         (-1.75)          (0.86)         (-3.77)   

stpr_fac85         0.0183         -0.0164          0.0582         -0.0463          0.0567         -0.0288         0.00478        -0.00214   
                   (0.19)         (-0.21)          (1.05)         (-0.96)          (1.08)         (-0.65)          (0.09)         (-0.05)   

stpr_fac86         -0.140          0.0795         -0.0540         -0.0348         -0.0131        -0.00170         -0.0803          0.0156   
                  (-1.64)          (1.16)         (-1.10)         (-0.81)         (-0.28)         (-0.04)         (-1.70)          (0.40)   

stpr_fac87        -0.0767          0.0479         0.00706         -0.0441          0.0445         -0.0369         -0.0382          0.0286   
                  (-0.95)          (0.74)          (0.15)         (-1.09)          (1.01)         (-0.99)         (-0.85)          (0.77)   

stpr_fac88         -0.121         -0.0181         -0.0389        -0.00380          0.0331          0.0283         -0.0969*        -0.0679   
                  (-1.55)         (-0.29)         (-0.86)         (-0.10)          (0.78)          (0.79)         (-2.23)         (-1.90)   

stpr_fac89        -0.0509         -0.0623        -0.00181          -0.113**       -0.0126         -0.0739*        -0.0288         -0.0333   
                  (-0.63)         (-0.96)         (-0.04)         (-2.78)         (-0.28)         (-1.98)         (-0.64)         (-0.90)   

stpr_fac90         -0.105          0.0284         -0.0483         -0.0605         -0.0718         -0.0592         -0.0773        -0.00785   
                  (-1.15)          (0.39)         (-0.92)         (-1.32)         (-1.44)         (-1.41)         (-1.53)         (-0.19)   

stpr_fac91        -0.0975           0.123*        0.00286        -0.00833         -0.0259         -0.0547         -0.0581          0.0408   
                  (-1.46)          (2.28)          (0.07)         (-0.25)         (-0.71)         (-1.77)         (-1.56)          (1.33)   

stpr_fac92        -0.0307          0.0396          0.0285         -0.0689          0.0513         -0.0430         -0.0379          0.0179   
                  (-0.43)          (0.69)          (0.70)         (-1.94)          (1.32)         (-1.31)         (-0.96)          (0.55)   

stpr_fac93         0.0187          0.0749          0.0466          0.0168          0.0843         -0.0107          0.0156          0.0489   
                   (0.21)          (1.05)          (0.91)          (0.38)          (1.74)         (-0.26)          (0.32)          (1.21)   

stpr_fac94         -0.505***        0.223***      -0.0287         -0.0668         -0.0449         -0.0389          -0.237***       0.0854*  
                  (-6.43)          (3.53)         (-0.64)         (-1.70)         (-1.05)         (-1.07)         (-5.42)          (2.37)   

stpr_fac95        -0.0412         0.00340          0.0159         -0.0536         -0.0238         -0.0320         -0.0397         -0.0335   
                  (-0.43)          (0.04)          (0.29)         (-1.12)         (-0.46)         (-0.73)         (-0.75)         (-0.77)   

stpr_fac96         -0.123           0.131*        -0.0150         -0.0297         -0.0493         -0.0719*         -0.127***       0.0101   
                  (-1.92)          (2.53)         (-0.40)         (-0.92)         (-1.40)         (-2.42)         (-3.56)          (0.34)   

stpr_fac97         0.0208         -0.0249         -0.0419         -0.0148         0.00422         -0.0128         -0.0235         -0.0396   
                   (0.26)         (-0.39)         (-0.91)         (-0.37)          (0.10)         (-0.35)         (-0.53)         (-1.08)   

stpr_fac98          0.136          -0.119         -0.0146         -0.0823          0.0880         0.00862          0.0709          -0.112** 
                   (1.47)         (-1.60)         (-0.27)         (-1.78)          (1.75)          (0.20)          (1.38)         (-2.66)   

stpr_fac99         -0.106           0.212***     -0.00597          0.0174         -0.0170          0.0113          -0.120**        0.0653*  
                  (-1.46)          (3.64)         (-0.14)          (0.48)         (-0.43)          (0.34)         (-2.98)          (1.97)   

stpr_fac100         0.126         -0.0278           0.138*          0.105*         0.0818         -0.0143         -0.0534         -0.0652   
                   (1.33)         (-0.36)          (2.53)          (2.21)          (1.58)         (-0.33)         (-1.01)         (-1.50)   

stpr_fac101        0.0536          0.0864          0.0755          0.0596         -0.0329         -0.0222          0.0270          0.0176   
                   (0.48)          (0.96)          (1.17)          (1.06)         (-0.54)         (-0.43)          (0.43)          (0.34)   

stpr_fac102         0.105           0.278***       0.0914           0.191***     -0.00601           0.133**        0.0747          0.0715   
                   (1.05)          (3.48)          (1.60)          (3.83)         (-0.11)          (2.91)          (1.35)          (1.57)   

stpr_fac103       -0.0360          0.0334          0.0221         -0.0771*         0.0171         -0.0547         -0.0802*        -0.0428   
                  (-0.57)          (0.65)          (0.60)         (-2.42)          (0.49)         (-1.86)         (-2.27)         (-1.47)   

_cons              0.0711         -0.0512         0.00923          0.0325          0.0102          0.0243          0.0610        -0.00293   
                   (1.10)         (-0.99)          (0.25)          (1.01)          (0.29)          (0.82)          (1.70)         (-0.10)   
--------------------------------------------------------------------------------------------------------------------------------------------
N                    1211            1211            1211            1211            1211            1211            1211            1211   
R-sq                0.295           0.279           0.305           0.297           0.198           0.210           0.288           0.307   
--------------------------------------------------------------------------------------------------------------------------------------------
t statistics in parentheses
* p<0.05, ** p<0.01, *** p<0.001
