--------------------------------------------------------------------------------------------------------------------------------------------
                      (1)             (2)             (3)             (4)             (5)             (6)             (7)             (8)   
             aginc_back~d    aginc_pred~t    nfincome_b~d    nfincome_p~t    output_bac~d    output_pre~t    percapinc_~d    percapinc_~t   
--------------------------------------------------------------------------------------------------------------------------------------------
lncedc94di~e       0.0509          0.0565          0.0532*         0.0354         0.00231          0.0132          0.0121         0.00526   
                   (1.48)          (1.74)          (2.41)          (1.64)          (0.12)          (0.55)          (0.63)          (0.28)   

stpr_fac1         -0.0814          -0.184**        -0.145***       -0.129**        0.0101         -0.0161         -0.0228         -0.0462   
                  (-1.19)         (-2.86)         (-3.32)         (-3.02)          (0.27)         (-0.34)         (-0.60)         (-1.25)   

stpr_fac2         -0.0872          -0.224***       -0.122**        -0.111**        0.0137         -0.0591         -0.0801*        -0.0651   
                  (-1.38)         (-3.75)         (-3.01)         (-2.82)          (0.39)         (-1.34)         (-2.28)         (-1.90)   

stpr_fac3         -0.0530          -0.173**        -0.100**       -0.0974**       -0.0324         -0.0425         -0.0219         -0.0288   
                  (-0.89)         (-3.06)         (-2.61)         (-2.60)         (-0.98)         (-1.02)         (-0.66)         (-0.89)   

stpr_fac4         -0.0959          -0.140*         -0.124**       -0.0928*         0.0116          -0.133**       -0.0693         -0.0369   
                  (-1.41)         (-2.19)         (-2.86)         (-2.19)          (0.31)         (-2.81)         (-1.84)         (-1.00)   

stpr_fac5         -0.0350          0.0421        -0.00155          0.0472          0.0455         0.00122          0.0230         -0.0341   
                  (-0.44)          (0.56)         (-0.03)          (0.94)          (1.03)          (0.02)          (0.52)         (-0.78)   

stpr_fac6           0.182          0.0286          0.0861         -0.0133          0.0805          0.0191         -0.0359         0.00198   
                   (1.64)          (0.27)          (1.21)         (-0.19)          (1.31)          (0.25)         (-0.58)          (0.03)   

stpr_fac7        -0.00288          0.0399         0.00440         -0.0217       0.0000756          0.0398        -0.00805          0.0928*  
                  (-0.04)          (0.58)          (0.09)         (-0.47)          (0.00)          (0.78)         (-0.20)          (2.34)   

stpr_fac8          -0.203*         -0.147          -0.176**       -0.0774          0.0236         -0.0420         -0.0883         -0.0219   
                  (-2.14)         (-1.64)         (-2.90)         (-1.30)          (0.45)         (-0.63)         (-1.67)         (-0.43)   

stpr_fac9         -0.0842         -0.0953          -0.150***      -0.0492          0.0567         -0.0239         -0.0882*         0.0469   
                  (-1.33)         (-1.59)         (-3.70)         (-1.24)          (1.61)         (-0.54)         (-2.50)          (1.36)   

stpr_fac10         -0.146*         -0.114          -0.174***      -0.0914*        -0.0768*        -0.0157         -0.0329          0.0585   
                  (-2.17)         (-1.79)         (-4.02)         (-2.16)         (-2.06)         (-0.33)         (-0.88)          (1.60)   

stpr_fac11        -0.0750          -0.134*         -0.134***      -0.0747          0.0312         -0.0808         -0.0591         -0.0281   
                  (-1.22)         (-2.30)         (-3.41)         (-1.94)          (0.92)         (-1.88)         (-1.73)         (-0.84)   

stpr_fac12        -0.0566         -0.0226         -0.0606        -0.00612          0.0621          0.0145         -0.0858*         0.0179   
                  (-0.86)         (-0.36)         (-1.44)         (-0.15)          (1.71)          (0.32)         (-2.34)          (0.50)   

stpr_fac13         -0.223**        -0.283***       -0.274***       -0.172***      0.00440         -0.0973         -0.0265         -0.0515   
                  (-2.75)         (-3.70)         (-5.28)         (-3.40)          (0.10)         (-1.72)         (-0.59)         (-1.18)   

stpr_fac14        -0.0384          -0.141         -0.0777         -0.0621          0.0639          -0.131          0.0251         0.00194   
                  (-0.39)         (-1.53)         (-1.25)         (-1.02)          (1.19)         (-1.93)          (0.46)          (0.04)   

stpr_fac15        -0.0705          -0.149*         -0.184***      -0.0825*        -0.0200         -0.0712         -0.0925**        0.0140   
                  (-1.13)         (-2.52)         (-4.60)         (-2.11)         (-0.58)         (-1.63)         (-2.66)          (0.41)   

stpr_fac16        -0.0605          -0.193**        -0.134**        -0.139**       0.00557         -0.0926         -0.0571         -0.0104   
                  (-0.77)         (-2.61)         (-2.67)         (-2.81)          (0.13)         (-1.69)         (-1.30)         (-0.25)   

stpr_fac17          0.104           0.259*         0.0702           0.146*       -0.00310          0.0851        -0.00497           0.123*  
                   (0.95)          (2.52)          (1.01)          (2.13)         (-0.05)          (1.12)         (-0.08)          (2.09)   

stpr_fac18          0.143           0.212*         0.0507          0.0835           0.106*        -0.0592        -0.00582          0.0720   
                   (1.51)          (2.36)          (0.83)          (1.40)          (2.01)         (-0.89)         (-0.11)          (1.40)   

stpr_fac19          0.120           0.133           0.119           0.113          0.0824          0.0200          0.0327          0.0116   
                   (1.04)          (1.22)          (1.62)          (1.57)          (1.30)          (0.25)          (0.51)          (0.19)   

stpr_fac20         0.0116        0.000526         -0.0304          0.0467          0.0377         -0.0218        -0.00216        -0.00435   
                   (0.17)          (0.01)         (-0.70)          (1.10)          (1.00)         (-0.46)         (-0.06)         (-0.12)   

stpr_fac21          0.196           0.179           0.177*          0.136          0.0874         -0.0308          0.0129      -0.0000249   
                   (1.65)          (1.59)          (2.33)          (1.82)          (1.33)         (-0.37)          (0.19)         (-0.00)   

stpr_fac22        -0.0205          -0.151         -0.0986         -0.0678          0.0134         -0.0722         -0.0197         -0.0228   
                  (-0.25)         (-1.94)         (-1.86)         (-1.31)          (0.29)         (-1.25)         (-0.43)         (-0.51)   

stpr_fac23         0.0867        -0.00117          0.0247          0.0164           0.153**        0.0237          0.0604          0.0333   
                   (0.96)         (-0.01)          (0.43)          (0.29)          (3.06)          (0.37)          (1.20)          (0.68)   

stpr_fac24         0.0286          -0.109         -0.0134         -0.0635          0.0363         -0.0667          0.0267         -0.0443   
                   (0.32)         (-1.31)         (-0.24)         (-1.14)          (0.74)         (-1.07)          (0.54)         (-0.92)   

stpr_fac25        -0.0386         -0.0940          -0.108*        -0.0139         0.00592         -0.0351         -0.0875*        -0.0268   
                  (-0.56)         (-1.44)         (-2.45)         (-0.32)          (0.15)         (-0.73)         (-2.27)         (-0.72)   

stpr_fac26        -0.0355         -0.0645         -0.0950         -0.0218          0.0557         -0.0180         -0.0608        -0.00814   
                  (-0.32)         (-0.62)         (-1.34)         (-0.31)          (0.91)         (-0.23)         (-0.99)         (-0.14)   

stpr_fac27        -0.0501          -0.165          -0.124         -0.0881        -0.00505          -0.104          -0.107         -0.0815   
                  (-0.46)         (-1.59)         (-1.76)         (-1.28)         (-0.08)         (-1.36)         (-1.75)         (-1.37)   

stpr_fac28         -0.136*        -0.0888          -0.135***      -0.0376        -0.00129         -0.0119          -0.113**        0.0325   
                  (-2.13)         (-1.47)         (-3.30)         (-0.94)         (-0.04)         (-0.27)         (-3.18)          (0.94)   

stpr_fac29          0.125         -0.0583          0.0795          0.0141          0.0735         -0.0139          0.0794         -0.0347   
                   (1.68)         (-0.83)          (1.68)          (0.30)          (1.79)         (-0.27)          (1.92)         (-0.86)   

stpr_fac30       -0.00158         -0.0848         -0.0645         -0.0320         -0.0203         -0.0163         -0.0276         -0.0276   
                  (-0.03)         (-1.44)         (-1.62)         (-0.82)         (-0.59)         (-0.37)         (-0.80)         (-0.82)   

stpr_fac31         0.0264         -0.0676         -0.0217        -0.00483          0.0141         -0.0430       -0.000612         -0.0254   
                   (0.38)         (-1.02)         (-0.48)         (-0.11)          (0.36)         (-0.87)         (-0.02)         (-0.67)   

stpr_fac32         -0.149*         -0.201**        -0.113**       -0.0959*         0.0714         -0.0677         -0.0650         -0.0381   
                  (-2.18)         (-3.11)         (-2.59)         (-2.24)          (1.89)         (-1.42)         (-1.71)         (-1.03)   

stpr_fac33         -0.183*         0.0196          -0.134*         0.0611         -0.0454          -0.105        -0.00349           0.119*  
                  (-2.13)          (0.24)         (-2.44)          (1.14)         (-0.96)         (-1.76)         (-0.07)          (2.57)   

stpr_fac34        -0.0595         -0.0122         -0.0539         -0.0101         0.00139          -0.120*      -0.000745          0.0615   
                  (-0.75)         (-0.16)         (-1.06)         (-0.20)          (0.03)         (-2.17)         (-0.02)          (1.43)   

stpr_fac35         -0.217*         -0.172          -0.195**        -0.119         -0.0657         -0.0414         -0.0545          0.0317   
                  (-2.13)         (-1.79)         (-3.00)         (-1.86)         (-1.17)         (-0.58)         (-0.96)          (0.58)   

stpr_fac36         -0.103          -0.251*         -0.139*         -0.125         -0.0113          -0.124         -0.0230         -0.0498   
                  (-0.97)         (-2.51)         (-2.06)         (-1.88)         (-0.19)         (-1.67)         (-0.39)         (-0.87)   

stpr_fac37         -0.163*         -0.231**        -0.211***       -0.205***       0.0163          -0.107*         -0.119**        -0.128** 
                  (-2.13)         (-3.20)         (-4.31)         (-4.29)          (0.39)         (-1.99)         (-2.79)         (-3.10)   

stpr_fac38         0.0598         -0.0816         0.00902       -0.000556        -0.00236         -0.0411         -0.0144         -0.0405   
                   (0.69)         (-0.99)          (0.16)         (-0.01)         (-0.05)         (-0.68)         (-0.30)         (-0.86)   

stpr_fac39         0.0379         -0.0516         -0.0176        -0.00784          0.0232         -0.0173          0.0252        -0.00441   
                   (0.53)         (-0.76)         (-0.38)         (-0.18)          (0.59)         (-0.35)          (0.63)         (-0.11)   

stpr_fac40         0.0607         -0.0676         -0.0150         -0.0608          0.0186          -0.105         -0.0136         -0.0159   
                   (0.65)         (-0.76)         (-0.25)         (-1.03)          (0.36)         (-1.60)         (-0.26)         (-0.31)   

stpr_fac41       0.000715         -0.0427         -0.0487         -0.0309         -0.0558         -0.0527         -0.0315         0.00752   
                   (0.01)         (-0.57)         (-0.95)         (-0.62)         (-1.26)         (-0.94)         (-0.71)          (0.17)   

stpr_fac42        0.00917          -0.103         -0.0724         -0.0233          0.0439          -0.109*        -0.0150         -0.0138   
                   (0.14)         (-1.64)         (-1.71)         (-0.56)          (1.20)         (-2.35)         (-0.41)         (-0.39)   

stpr_fac43         0.0436         -0.0783         -0.0555         -0.0487         0.00911          0.0465          0.0381          0.0285   
                   (0.74)         (-1.41)         (-1.48)         (-1.33)          (0.28)          (1.14)          (1.17)          (0.90)   

stpr_fac44       -0.00907          -0.130         -0.0766         -0.0435          0.0174          0.0110         -0.0410         -0.0386   
                  (-0.13)         (-1.94)         (-1.68)         (-0.98)          (0.44)          (0.22)         (-1.04)         (-1.00)   

stpr_fac45        -0.0465          -0.145*         -0.105*        -0.0637         -0.0243         -0.0319         -0.0164         -0.0309   
                  (-0.66)         (-2.17)         (-2.33)         (-1.44)         (-0.62)         (-0.64)         (-0.42)         (-0.81)   

stpr_fac46        -0.0764          -0.324**        -0.259***       -0.173*         0.0313         -0.0673         0.00632         -0.0758   
                  (-0.63)         (-2.85)         (-3.36)         (-2.29)          (0.47)         (-0.80)          (0.09)         (-1.16)   

stpr_fac47        -0.0784         -0.0558         -0.0678       -0.000587         0.00339         -0.0490         -0.0752*        0.00781   
                  (-1.24)         (-0.93)         (-1.67)         (-0.01)          (0.10)         (-1.11)         (-2.13)          (0.23)   

stpr_fac48        -0.0420          -0.124*         -0.140***      -0.0780          0.0209         -0.0755         -0.0185         -0.0131   
                  (-0.65)         (-2.03)         (-3.36)         (-1.92)          (0.58)         (-1.67)         (-0.51)         (-0.37)   

stpr_fac49         -0.357***       -0.268***       -0.328***       -0.224***      -0.0910*         -0.185***       -0.263***      -0.0405   
                  (-4.49)         (-3.58)         (-6.45)         (-4.49)         (-2.07)         (-3.34)         (-5.93)         (-0.94)   

stpr_fac50         -0.106          -0.215*         -0.195***      -0.0540         -0.0151         -0.0415         -0.0461         -0.0298   
                  (-1.20)         (-2.57)         (-3.44)         (-0.97)         (-0.31)         (-0.67)         (-0.94)         (-0.62)   

stpr_fac51        -0.0552          -0.142*         -0.126***      -0.0802*         0.0270         -0.0847*        -0.0216         -0.0322   
                  (-0.92)         (-2.51)         (-3.30)         (-2.14)          (0.82)         (-2.03)         (-0.65)         (-0.99)   

stpr_fac52          0.159*         -0.183**        -0.107**        -0.118**        0.0650          -0.189***        0.128***      -0.0653   
                   (2.49)         (-3.05)         (-2.63)         (-2.98)          (1.85)         (-4.26)          (3.61)         (-1.90)   

stpr_fac53         0.0108          -0.151**       -0.0339         -0.0544          0.0788*        -0.0333          0.0187         -0.0468   
                   (0.18)         (-2.71)         (-0.90)         (-1.48)          (2.42)         (-0.81)          (0.57)         (-1.47)   

stpr_fac54          0.114          -0.123         -0.0601         -0.0522         -0.0176        -0.00646          0.0504         -0.0626   
                   (1.40)         (-1.60)         (-1.15)         (-1.02)         (-0.39)         (-0.11)          (1.11)         (-1.42)   

stpr_fac55        -0.0802          -0.236***       -0.125**        -0.114*        0.00188         -0.0250         -0.0230         -0.0604   
                  (-1.08)         (-3.36)         (-2.63)         (-2.45)          (0.05)         (-0.48)         (-0.55)         (-1.50)   

stpr_fac56         -0.107          -0.132*         -0.134***      -0.0757*         0.0107         -0.0259         -0.0408         0.00313   
                  (-1.84)         (-2.39)         (-3.59)         (-2.07)          (0.33)         (-0.63)         (-1.26)          (0.10)   

stpr_fac57        -0.0764          -0.158          -0.109         -0.0791         -0.0220         -0.0343         -0.0220         -0.0271   
                  (-0.84)         (-1.84)         (-1.88)         (-1.39)         (-0.44)         (-0.54)         (-0.44)         (-0.55)   

stpr_fac58         -0.222**       -0.0774          -0.144**      -0.00910          -0.197***      -0.0709          -0.120**       0.00832   
                  (-2.77)         (-1.02)         (-2.80)         (-0.18)         (-4.44)         (-1.26)         (-2.68)          (0.19)   

stpr_fac59         0.0174          -0.158**      -0.00695          -0.119**        0.0420         -0.0305          0.0796*        -0.0695*  
                   (0.29)         (-2.79)         (-0.18)         (-3.17)          (1.27)         (-0.73)          (2.39)         (-2.14)   

stpr_fac60         -0.128          -0.229***       -0.125**        -0.122**        0.0175         -0.0726        -0.00222         -0.0654   
                  (-1.89)         (-3.59)         (-2.89)         (-2.88)          (0.47)         (-1.54)         (-0.06)         (-1.79)   

stpr_fac61        -0.0599          -0.169*         -0.105*        -0.0650       -0.000993          -0.107         -0.0209        -0.00651   
                  (-0.73)         (-2.20)         (-2.01)         (-1.27)         (-0.02)         (-1.88)         (-0.46)         (-0.15)   

stpr_fac62        -0.0177          -0.108         -0.0532         -0.0312         -0.0207         -0.0501         -0.0312         -0.0199   
                  (-0.28)         (-1.83)         (-1.33)         (-0.80)         (-0.60)         (-1.15)         (-0.90)         (-0.59)   

stpr_fac63         -0.138          -0.243***       -0.117*         -0.171***       0.0209          -0.174**       -0.0312         -0.0172   
                  (-1.82)         (-3.41)         (-2.42)         (-3.61)          (0.50)         (-3.29)         (-0.74)         (-0.42)   

stpr_fac64        -0.0509          -0.107         -0.0848         -0.0534          0.0163         -0.0239         -0.0557         -0.0146   
                  (-0.61)         (-1.37)         (-1.60)         (-1.03)          (0.36)         (-0.41)         (-1.21)         (-0.33)   

stpr_fac65         0.0659         -0.0466          0.0339         -0.0137          0.0314         -0.0473          0.0236         -0.0156   
                   (0.64)         (-0.48)          (0.52)         (-0.21)          (0.56)         (-0.66)          (0.42)         (-0.28)   

stpr_fac66       0.000607         0.00435        -0.00825          0.0262          0.0176         0.00982          0.0160          0.0272   
                   (0.01)          (0.04)         (-0.12)          (0.38)          (0.29)          (0.13)          (0.26)          (0.46)   

stpr_fac67          0.106          0.0329          0.0648          0.0427          0.0142        -0.00409          0.0429          0.0174   
                   (1.11)          (0.37)          (1.07)          (0.72)          (0.27)         (-0.06)          (0.81)          (0.34)   

o.stpr_fac68            0               0               0               0               0               0               0               0   
                      (.)             (.)             (.)             (.)             (.)             (.)             (.)             (.)   

stpr_fac69        -0.0592         -0.0603         -0.0751         -0.0254        -0.00878         -0.0411         -0.0172          0.0204   
                  (-0.71)         (-0.76)         (-1.40)         (-0.48)         (-0.19)         (-0.70)         (-0.37)          (0.45)   

stpr_fac70         -0.201*         -0.294***       -0.248***       -0.200***      -0.0237         -0.0556         -0.0380         -0.0821   
                  (-2.24)         (-3.48)         (-4.33)         (-3.56)         (-0.48)         (-0.89)         (-0.76)         (-1.69)   

stpr_fac71         -0.252           0.304*         0.0801          0.0768         -0.0110         -0.0144          -0.171*          0.142*  
                  (-1.94)          (2.47)          (0.96)          (0.94)         (-0.15)         (-0.16)         (-2.37)          (2.02)   

stpr_fac72         -0.195           0.132          0.0377          0.0388         -0.0106          0.0140          -0.153*         0.0464   
                  (-1.41)          (1.01)          (0.43)          (0.45)         (-0.14)          (0.15)         (-1.99)          (0.62)   

stpr_fac73          0.109        -0.00919          0.0573          0.0425         -0.0353          0.0338         0.00631        -0.00390   
                   (1.25)         (-0.11)          (1.03)          (0.78)         (-0.74)          (0.56)          (0.13)         (-0.08)   

stpr_fac74        -0.0258          -0.202**        -0.102*         -0.122**        0.0636         -0.0534         -0.0282         -0.0522   
                  (-0.38)         (-3.11)         (-2.32)         (-2.84)          (1.67)         (-1.11)         (-0.74)         (-1.40)   

stpr_fac75          0.165          -0.298***       -0.168**        -0.149**        0.0708         -0.0805           0.155**        -0.115*  
                   (1.81)         (-3.47)         (-2.88)         (-2.61)          (1.40)         (-1.26)          (3.05)         (-2.33)   

stpr_fac76         0.0345          0.0649          0.0229          0.0130         -0.0305          0.0700          0.0419          0.0423   
                   (0.36)          (0.73)          (0.38)          (0.22)         (-0.58)          (1.06)          (0.80)          (0.83)   

stpr_fac77        -0.0900           0.111          -0.124*         0.0385        -0.00584          0.0545          0.0865           0.101*  
                  (-0.95)          (1.25)         (-2.05)          (0.65)         (-0.11)          (0.82)          (1.64)          (1.98)   

stpr_fac78        -0.0814          0.0418        -0.00555        -0.00450          0.0140          0.0440         -0.0533          0.0555   
                  (-1.17)          (0.64)         (-0.12)         (-0.10)          (0.36)          (0.91)         (-1.37)          (1.47)   

stpr_fac79         -0.283**      -0.00413          0.0747         -0.0810       -0.000529          0.0111        -0.00807         -0.0816   
                  (-2.84)         (-0.04)          (1.17)         (-1.30)         (-0.01)          (0.16)         (-0.15)         (-1.51)   

stpr_fac80        0.00738         -0.0642         -0.0499          -0.111*         0.0488         -0.0900         -0.0405         -0.0403   
                   (0.10)         (-0.94)         (-1.08)         (-2.45)          (1.22)         (-1.78)         (-1.01)         (-1.03)   

stpr_fac81         -0.310***      -0.0592          -0.184***      -0.0483         -0.0309         -0.0404          -0.211***       0.0155   
                  (-4.73)         (-0.96)         (-4.38)         (-1.18)         (-0.85)         (-0.88)         (-5.80)          (0.44)   

stpr_fac82         -0.266***       -0.118         -0.0478         -0.0743           0.157***      -0.0204          -0.203***      -0.0424   
                  (-3.33)         (-1.57)         (-0.93)         (-1.48)          (3.56)         (-0.36)         (-4.57)         (-0.98)   

o.stpr_fac83            0               0               0               0               0               0               0               0   
                      (.)             (.)             (.)             (.)             (.)             (.)             (.)             (.)   

stpr_fac84         -0.304**        -0.505***       -0.320***       -0.299***     -0.00217          0.0366          -0.120*         -0.130*  
                  (-2.95)         (-5.20)         (-4.86)         (-4.63)         (-0.04)          (0.51)         (-2.10)         (-2.33)   

stpr_fac85        -0.0564         -0.0793         -0.0911*        -0.0697        -0.00114        -0.00212       -0.000832         -0.0288   
                  (-0.78)         (-1.17)         (-1.98)         (-1.55)         (-0.03)         (-0.04)         (-0.02)         (-0.74)   

stpr_fac86         0.0458         -0.0620         -0.0323         -0.0197          0.0343        -0.00377         -0.0186         -0.0157   
                   (0.58)         (-0.84)         (-0.65)         (-0.40)          (0.79)         (-0.07)         (-0.43)         (-0.37)   

stpr_fac87        0.00605         -0.0855         -0.0542         -0.0234          0.0191        -0.00333          0.0154         0.00503   
                   (0.09)         (-1.35)         (-1.26)         (-0.55)          (0.51)         (-0.07)          (0.41)          (0.14)   

stpr_fac88        -0.0887          -0.195***      -0.0785*         -0.107**        0.0517          -0.174***       -0.114***      -0.0558   
                  (-1.46)         (-3.41)         (-2.02)         (-2.81)          (1.54)         (-4.10)         (-3.38)         (-1.70)   

stpr_fac89         -0.157*         -0.217***       -0.196***       -0.120**       -0.0453         -0.0750         -0.0574         -0.0200   
                  (-2.44)         (-3.56)         (-4.75)         (-2.97)         (-1.27)         (-1.66)         (-1.60)         (-0.57)   

stpr_fac90        -0.0370          -0.254***      -0.0879          -0.193***     -0.00383         -0.0929        -0.00814         -0.0936*  
                  (-0.52)         (-3.79)         (-1.94)         (-4.34)         (-0.10)         (-1.88)         (-0.21)         (-2.44)   

stpr_fac91      -0.000531         -0.0895         -0.0668        -0.00298         -0.0181         -0.0305         -0.0264          0.0140   
                  (-0.01)         (-1.64)         (-1.80)         (-0.08)         (-0.56)         (-0.75)         (-0.82)          (0.45)   

stpr_fac92        -0.0561         -0.0840          -0.115**       -0.0118        -0.00276         -0.0359       -0.000965          0.0247   
                  (-0.92)         (-1.46)         (-2.95)         (-0.31)         (-0.08)         (-0.84)         (-0.03)          (0.75)   

stpr_fac93         0.0209         -0.0499         -0.0641          0.0326        -0.00745          0.0165          0.0293          0.0604   
                   (0.32)         (-0.81)         (-1.54)          (0.80)         (-0.21)          (0.36)          (0.81)          (1.71)   

stpr_fac94          0.138*         -0.269***      -0.0900*        -0.0464          0.0286         -0.0270          0.0840*         -0.125***
                   (2.22)         (-4.58)         (-2.26)         (-1.19)          (0.83)         (-0.62)          (2.42)         (-3.70)   

stpr_fac95        -0.0322          -0.174**       -0.0868         -0.0832          0.0329         -0.0926         -0.0215         -0.0439   
                  (-0.45)         (-2.58)         (-1.90)         (-1.86)          (0.83)         (-1.85)         (-0.54)         (-1.13)   

stpr_fac96         0.0493         0.00909         -0.0103          0.0233         -0.0144        0.000496         0.00366          0.0216   
                   (0.73)          (0.14)         (-0.24)          (0.55)         (-0.38)          (0.01)          (0.10)          (0.59)   

stpr_fac97        -0.0512          -0.188***      -0.0749          -0.105**        0.0267          -0.101*       -0.00572         -0.0357   
                  (-0.85)         (-3.31)         (-1.95)         (-2.79)          (0.80)         (-2.40)         (-0.17)         (-1.10)   

stpr_fac98         -0.120          -0.256***       -0.192***      -0.0852          0.0343         -0.0598         -0.0758         -0.0427   
                  (-1.57)         (-3.55)         (-3.93)         (-1.79)          (0.81)         (-1.12)         (-1.79)         (-1.03)   

stpr_fac99         0.0817          0.0753          0.0170          0.0675          0.0443          0.0705          0.0137          0.0435   
                   (1.07)          (1.05)          (0.35)          (1.41)          (1.05)          (1.32)          (0.32)          (1.05)   

stpr_fac100        0.0860          -0.160*         0.0716         -0.0952*         0.0676          -0.137**        0.0589         -0.0501   
                   (1.17)         (-2.30)          (1.52)         (-2.07)          (1.66)         (-2.66)          (1.44)         (-1.26)   

stpr_fac101        0.0425         -0.0633         -0.0285          0.0166        -0.00815         -0.0353        -0.00307          0.0267   
                   (0.53)         (-0.84)         (-0.56)          (0.33)         (-0.18)         (-0.63)         (-0.07)          (0.62)   

stpr_fac102         0.339**         0.183           0.309***        0.137*          0.220***      -0.0545          0.0690         -0.0690   
                   (3.14)          (1.80)          (4.49)          (2.03)          (3.69)         (-0.72)          (1.15)         (-1.18)   

stpr_fac103       -0.0785         -0.0402         -0.0829*         0.0181         -0.0102         -0.0313         -0.0721*        0.00229   
                  (-1.20)         (-0.65)         (-1.98)          (0.44)         (-0.28)         (-0.68)         (-1.98)          (0.06)   

_cons              0.0375           0.114*         0.0851*         0.0509        -0.00823          0.0324          0.0233          0.0150   
                   (0.72)          (2.32)          (2.56)          (1.56)         (-0.29)          (0.89)          (0.80)          (0.53)   
--------------------------------------------------------------------------------------------------------------------------------------------
N                    1211            1211            1211            1211            1211            1211            1211            1211   
R-sq                0.388           0.292           0.333           0.290           0.251           0.233           0.447           0.284   
--------------------------------------------------------------------------------------------------------------------------------------------
t statistics in parentheses
* p<0.05, ** p<0.01, *** p<0.001
