--------------------------------------------------------------------------------------------------------------------------------------------
                      (1)             (2)             (3)             (4)             (5)             (6)             (7)             (8)   
             avwage_bac~d    avwage_pre~t    pop_backward     pop_predict    wagebill_b~d    wagebill_p~t    wageemp_ba~d    wageemp_pr~t   
--------------------------------------------------------------------------------------------------------------------------------------------
lncedc92di~e      -0.0125        -0.00254        0.000564         0.00799         -0.0191         -0.0236        0.000812         -0.0129   
                  (-1.56)         (-0.36)          (0.08)          (1.14)         (-1.10)         (-1.32)          (0.06)         (-0.88)   

stpr_fac1         -0.0636          0.0303         -0.0678*        -0.0627         0.00938          0.0327         -0.0259          0.0289   
                  (-1.68)          (0.90)         (-2.08)         (-1.89)          (0.11)          (0.39)         (-0.40)          (0.42)   

stpr_fac2         -0.0451          0.0142          0.0208         0.00520           0.147*         0.0386          0.0999          0.0384   
                  (-1.35)          (0.48)          (0.73)          (0.18)          (2.04)          (0.52)          (1.76)          (0.63)   

stpr_fac3         -0.0907**       0.00994         -0.0185         -0.0280          0.0706         -0.0517          0.0328         -0.0213   
                  (-2.82)          (0.35)         (-0.67)         (-1.00)          (1.02)         (-0.72)          (0.60)         (-0.36)   

stpr_fac4         0.00401         -0.0199          0.0175         -0.0121           0.118          0.0173          0.0193          0.0596   
                   (0.10)         (-0.56)          (0.51)         (-0.35)          (1.37)          (0.20)          (0.29)          (0.82)   

stpr_fac5         -0.0711           0.104*        -0.0766           0.129**        -0.109         -0.0214          -0.219**       -0.0869   
                  (-1.45)          (2.38)         (-1.82)          (3.02)         (-1.03)         (-0.20)         (-2.64)         (-0.97)   

stpr_fac6        -0.00969          0.0524           0.149**        0.0667           0.166          0.0204          0.0677          0.0100   
                  (-0.16)          (0.95)          (2.78)          (1.23)          (1.24)          (0.15)          (0.64)          (0.09)   

stpr_fac7          0.0654          0.0106          0.0587        -0.00746           0.168*         0.0751          0.0940           0.168*  
                   (1.75)          (0.32)          (1.82)         (-0.23)          (2.08)          (0.90)          (1.48)          (2.46)   

stpr_fac8          0.0269          0.0385           0.103*       -0.00508          0.0560          0.0236         -0.0997         -0.0257   
                   (0.52)          (0.84)          (2.31)         (-0.11)          (0.50)          (0.21)         (-1.14)         (-0.27)   

stpr_fac9         -0.0137          0.0535          0.0200         -0.0409           0.119           0.129          0.0493           0.105   
                  (-0.39)          (1.70)          (0.66)         (-1.33)          (1.57)          (1.65)          (0.83)          (1.64)   

stpr_fac10        -0.0910*        -0.0670*        -0.0445         -0.0743*         0.0543         -0.0153         -0.0266         0.00675   
                  (-2.43)         (-2.00)         (-1.38)         (-2.27)          (0.67)         (-0.18)         (-0.42)          (0.10)   

stpr_fac11         0.0167         -0.0160         0.00813         0.00226           0.106           0.141          0.0249           0.125   
                   (0.47)         (-0.50)          (0.26)          (0.07)          (1.38)          (1.78)          (0.41)          (1.91)   

stpr_fac12        0.00654          0.0526          0.0688*         0.0502          0.0274           0.131         -0.0399           0.111   
                   (0.18)          (1.61)          (2.18)          (1.57)          (0.35)          (1.61)         (-0.64)          (1.66)   

stpr_fac13         0.0153          0.0428         -0.0858*         -0.147***       0.0208         -0.0692         -0.0723         -0.0210   
                   (0.32)          (1.01)         (-2.09)         (-3.52)          (0.20)         (-0.65)         (-0.89)         (-0.24)   

stpr_fac14        0.00641        -0.00637         -0.0205         -0.0240           0.301*          0.171           0.215*          0.151   
                   (0.11)         (-0.12)         (-0.42)         (-0.48)          (2.44)          (1.35)          (2.22)          (1.45)   

stpr_fac15        -0.0668*        -0.0173         -0.0442         -0.0394           0.131*         0.0347          0.0566           0.111*  
                  (-2.30)         (-0.67)         (-1.77)         (-1.55)          (2.09)          (0.54)          (1.15)          (2.10)   

stpr_fac16        -0.0237         -0.0528          0.0866*        -0.0571           0.143         -0.0530          0.0867          0.0221   
                  (-0.60)         (-1.51)          (2.57)         (-1.67)          (1.69)         (-0.61)          (1.30)          (0.31)   

stpr_fac17        -0.0464         -0.0112          0.0515          0.0306          0.0950          0.0811          0.0558           0.113*  
                  (-1.49)         (-0.40)          (1.93)          (1.13)          (1.42)          (1.17)          (1.06)          (2.00)   

stpr_fac18        -0.0640*       -0.00952          0.0307          0.0855**        -0.131          0.0567          -0.102          0.0869   
                  (-1.96)         (-0.33)          (1.10)          (3.00)         (-1.86)          (0.78)         (-1.85)          (1.46)   

stpr_fac19         0.0717*         0.0229          0.0278          0.0739**         0.180**        0.0698           0.146**         0.108   
                   (2.27)          (0.81)          (1.02)          (2.68)          (2.65)          (0.99)          (2.72)          (1.88)   

stpr_fac20         0.0219          0.0537          0.0370          0.0487          0.0961           0.135        -0.00711          0.0883   
                   (0.57)          (1.57)          (1.12)          (1.45)          (1.16)          (1.58)         (-0.11)          (1.26)   

stpr_fac21        -0.0442          0.0143          0.0952**        0.0887**         0.115           0.102          0.0688           0.112   
                  (-1.26)          (0.46)          (3.17)          (2.91)          (1.54)          (1.31)          (1.16)          (1.76)   

stpr_fac22        0.00828          0.0113          0.0280         0.00543           0.122           0.140        -0.00224           0.131   
                   (0.17)          (0.27)          (0.69)          (0.13)          (1.19)          (1.33)         (-0.03)          (1.51)   

stpr_fac23         0.0414           0.149**       -0.0103        -0.00824           0.141           0.141          0.0154           0.119   
                   (0.82)          (3.29)         (-0.24)         (-0.19)          (1.29)          (1.25)          (0.18)          (1.28)   

stpr_fac24        -0.0335          0.0101         0.00995          0.0131         0.00933           0.102         -0.0201           0.112   
                  (-0.71)          (0.24)          (0.25)          (0.32)          (0.09)          (0.98)         (-0.25)          (1.31)   

stpr_fac25        -0.0601          0.0296          0.0217          0.0371           0.106          0.0798          0.0565          0.0628   
                  (-1.48)          (0.81)          (0.62)          (1.04)          (1.21)          (0.88)          (0.82)          (0.84)   

stpr_fac26        -0.0617          0.0717          0.0331          0.0373           0.125         0.00143          0.0109          0.0384   
                  (-0.98)          (1.28)          (0.61)          (0.68)          (0.93)          (0.01)          (0.10)          (0.34)   

stpr_fac27        -0.0800          0.0312          0.0459          0.0274          0.0154          0.0469       -0.000752          0.0662   
                  (-1.28)          (0.56)          (0.85)          (0.50)          (0.11)          (0.34)         (-0.01)          (0.58)   

stpr_fac28        -0.0577        -0.00703          0.0625*        0.00315           0.119          0.0223          0.0783          0.0401   
                  (-1.67)         (-0.23)          (2.10)          (0.10)          (1.60)          (0.29)          (1.34)          (0.64)   

stpr_fac29        -0.0287          0.0713          0.0751*         0.0379           0.202*          0.289**         0.118           0.213** 
                  (-0.68)          (1.90)          (2.08)          (1.03)          (2.23)          (3.09)          (1.66)          (2.77)   

stpr_fac30        -0.0916**        0.0211         -0.0140         0.00294         -0.0786          0.0692         -0.0780          0.0808   
                  (-2.92)          (0.76)         (-0.52)          (0.11)         (-1.17)          (0.99)         (-1.47)          (1.41)   

stpr_fac31         0.0102          0.0336          0.0568          0.0287           0.224**        0.0948           0.115          0.0901   
                   (0.26)          (0.96)          (1.68)          (0.84)          (2.65)          (1.09)          (1.72)          (1.26)   

stpr_fac32         0.0419          0.0649*       -0.00476         -0.0262           0.153*          0.150          0.0458          0.0768   
                   (1.20)          (2.09)         (-0.16)         (-0.86)          (2.03)          (1.94)          (0.77)          (1.21)   

stpr_fac33        -0.0699         0.00824          -0.338***      -0.0784          0.0903         0.00774        -0.00740          0.0238   
                  (-1.42)          (0.19)         (-7.96)         (-1.82)          (0.85)          (0.07)         (-0.09)          (0.26)   

stpr_fac34        -0.0616          0.0335          0.0156          0.0258          0.0361           0.154         -0.0169          0.0943   
                  (-1.43)          (0.87)          (0.42)          (0.68)          (0.39)          (1.61)         (-0.23)          (1.20)   

stpr_fac35         0.0848           0.120*       0.000280         -0.0438          0.0956          0.0709         -0.0845          0.0339   
                   (1.58)          (2.50)          (0.01)         (-0.93)          (0.83)          (0.59)         (-0.93)          (0.35)   

stpr_fac36        -0.0483          0.0221          0.0103          0.0245          0.0381          0.0858         -0.0374          0.0347   
                  (-0.89)          (0.46)          (0.22)          (0.52)          (0.33)          (0.71)         (-0.41)          (0.35)   

stpr_fac37         0.0302          0.0371         -0.0304         -0.0762*        -0.0280          0.0465          -0.123          0.0828   
                   (0.70)          (0.96)         (-0.82)         (-2.02)         (-0.30)          (0.48)         (-1.68)          (1.05)   

stpr_fac38        -0.0192         -0.0190        -0.00397       -0.000252           0.153*         0.0438          0.0807          0.0748   
                  (-0.67)         (-0.75)         (-0.16)         (-0.01)          (2.48)          (0.69)          (1.67)          (1.43)   

stpr_fac39        -0.0324           0.101***     -0.00787         0.00539          0.0843          0.0512          0.0442          0.0440   
                  (-1.02)          (3.57)         (-0.29)          (0.19)          (1.23)          (0.72)          (0.82)          (0.76)   

stpr_fac40         0.0396          0.0165         -0.0176         -0.0359           0.271***      -0.0119           0.137*        -0.0427   
                   (1.18)          (0.55)         (-0.61)         (-1.23)          (3.77)         (-0.16)          (2.42)         (-0.70)   

stpr_fac41        -0.0605*       0.000228         -0.0249         -0.0318         -0.0184          0.0849         -0.0413          0.0872   
                  (-2.15)          (0.01)         (-1.03)         (-1.29)         (-0.30)          (1.36)         (-0.86)          (1.70)   

stpr_fac42        -0.0461          0.0329          0.0343          0.0295           0.198*          0.222**        0.0873           0.143*  
                  (-1.24)          (0.99)          (1.07)          (0.91)          (2.46)          (2.68)          (1.38)          (2.10)   

stpr_fac43        -0.0496          0.0764**      -0.00224         -0.0299          0.0338          0.0509         -0.0198          0.0157   
                  (-1.60)          (2.77)         (-0.08)         (-1.11)          (0.51)          (0.74)         (-0.38)          (0.28)   

stpr_fac44        -0.0254          0.0337          0.0449          0.0414           0.125          0.0575          0.0796          0.0600   
                  (-0.63)          (0.94)          (1.30)          (1.18)          (1.45)          (0.64)          (1.17)          (0.82)   

stpr_fac45        -0.0631          0.0625          0.0175          0.0181           0.166*         0.0442          0.0152          0.0648   
                  (-1.72)          (1.91)          (0.56)          (0.57)          (2.10)          (0.54)          (0.25)          (0.97)   

stpr_fac46         0.0255          0.0427          0.0123         -0.0334           0.140           0.166          0.0145           0.126   
                   (0.48)          (0.90)          (0.27)         (-0.72)          (1.23)          (1.41)          (0.16)          (1.31)   

stpr_fac47        -0.0970**        0.0538          0.0310        -0.00267          0.0781         0.00988          0.0343          0.0280   
                  (-2.89)          (1.80)          (1.08)         (-0.09)          (1.08)          (0.13)          (0.60)          (0.46)   

stpr_fac48        -0.0900**      -0.00664         -0.0357         -0.0306           0.142           0.338***       0.0852           0.323***
                  (-2.60)         (-0.22)         (-1.20)         (-1.01)          (1.90)          (4.39)          (1.45)          (5.11)   

stpr_fac49         -0.145***       -0.123***      -0.0327          -0.137***       -0.387***       -0.399***       -0.325***       -0.236** 
                  (-3.47)         (-3.30)         (-0.91)         (-3.77)         (-4.30)         (-4.30)         (-4.59)         (-3.10)   

stpr_fac50        -0.0272          0.0152        -0.00513         -0.0235           0.161           0.186          0.0581           0.165   
                  (-0.55)          (0.35)         (-0.12)         (-0.55)          (1.52)          (1.70)          (0.70)          (1.84)   

stpr_fac51        -0.0220          0.0169         -0.0226         -0.0268        -0.00315        -0.00496         -0.0327          0.0234   
                  (-0.66)          (0.57)         (-0.79)         (-0.92)         (-0.04)         (-0.07)         (-0.58)          (0.38)   

stpr_fac52        -0.0809**        0.0209        -0.00746         0.00193         -0.0372          0.0314         -0.0510          0.0217   
                  (-2.59)          (0.75)         (-0.28)          (0.07)         (-0.55)          (0.45)         (-0.96)          (0.38)   

stpr_fac53         0.0144          0.0743**        0.0501        -0.00677           0.126          0.0934          0.0228          0.0540   
                   (0.48)          (2.77)          (1.94)         (-0.26)          (1.95)          (1.40)          (0.45)          (0.99)   

stpr_fac54        0.00864          0.0117          0.0274          0.0149           0.123          0.0343        -0.00506          0.0334   
                   (0.18)          (0.28)          (0.68)          (0.36)          (1.21)          (0.33)         (-0.06)          (0.39)   

stpr_fac55        -0.0574          0.0433       -0.000135        -0.00702           0.101          0.0849          0.0645          0.0547   
                  (-1.45)          (1.23)         (-0.00)         (-0.20)          (1.19)          (0.97)          (0.96)          (0.76)   

stpr_fac56         0.0147         -0.0219         -0.0222         -0.0581*          0.114           0.136        -0.00468           0.179** 
                   (0.44)         (-0.73)         (-0.76)         (-1.97)          (1.56)          (1.80)         (-0.08)          (2.89)   

o.stpr_fac57            0               0               0               0               0               0               0               0   
                      (.)             (.)             (.)             (.)             (.)             (.)             (.)             (.)   

stpr_fac58         -0.125**       -0.0128          0.0289          0.0143          -0.141         -0.0935         -0.0862         -0.0267   
                  (-2.77)         (-0.32)          (0.75)          (0.36)         (-1.45)         (-0.93)         (-1.13)         (-0.32)   

stpr_fac59       -0.00724        -0.00964         -0.0168        -0.00752         -0.0263          0.0492         -0.0963          0.0726   
                  (-0.22)         (-0.33)         (-0.60)         (-0.26)         (-0.38)          (0.68)         (-1.75)          (1.22)   

stpr_fac60        -0.0187          0.0174         -0.0409         -0.0560          0.0939          0.0594         0.00666          0.0628   
                  (-0.48)          (0.50)         (-1.22)         (-1.64)          (1.11)          (0.68)          (0.10)          (0.88)   

stpr_fac61        -0.0164         -0.0210         -0.0161         -0.0216          0.0310        -0.00558         -0.0610          0.0462   
                  (-0.34)         (-0.50)         (-0.39)         (-0.52)          (0.30)         (-0.05)         (-0.76)          (0.53)   

stpr_fac62        -0.0332        -0.00571          0.0445          0.0263           0.106          0.0237          0.0273          0.0569   
                  (-1.07)         (-0.21)          (1.67)          (0.97)          (1.59)          (0.34)          (0.52)          (1.01)   

stpr_fac63        -0.0127         0.00596        -0.00499          -0.119**        0.0905          0.0850        -0.00728          0.0752   
                  (-0.30)          (0.16)         (-0.14)         (-3.19)          (0.98)          (0.89)         (-0.10)          (0.96)   

stpr_fac64         0.0173          0.0761*        -0.0158         -0.0287         -0.0199          0.0835         -0.0320           0.104   
                   (0.51)          (2.51)         (-0.54)         (-0.97)         (-0.27)          (1.11)         (-0.56)          (1.68)   

stpr_fac65        -0.0679          0.0394        -0.00822        -0.00976           0.278***     -0.00448           0.157*         0.0527   
                  (-1.75)          (1.14)         (-0.25)         (-0.29)          (3.34)         (-0.05)          (2.39)          (0.75)   

stpr_fac66        -0.0773          0.0479         -0.0339        -0.00800           0.130         -0.0241           0.155        -0.00728   
                  (-1.47)          (1.02)         (-0.75)         (-0.17)          (1.14)         (-0.21)          (1.74)         (-0.08)   

stpr_fac67        -0.0498         0.00681          0.0303          0.0383           0.180*         0.0604           0.176*          0.106   
                  (-1.20)          (0.18)          (0.85)          (1.06)          (2.02)          (0.66)          (2.50)          (1.41)   

stpr_fac68        -0.0829          0.0269          0.0141         -0.0201          0.0281          -0.163        -0.00258        -0.00714   
                  (-1.61)          (0.59)          (0.32)         (-0.45)          (0.25)         (-1.43)         (-0.03)         (-0.08)   

stpr_fac69      -0.000759          0.0244          0.0299          0.0148           0.141          0.0993          0.0656          0.0884   
                  (-0.02)          (0.59)          (0.75)          (0.37)          (1.42)          (0.96)          (0.84)          (1.05)   

stpr_fac70        -0.0475         -0.0186         -0.0584         -0.0714           0.225*          0.123           0.103          0.0975   
                  (-1.10)         (-0.48)         (-1.58)         (-1.90)          (2.43)          (1.28)          (1.40)          (1.24)   

o.stpr_fac71            0               0               0               0               0               0               0               0   
                      (.)             (.)             (.)             (.)             (.)             (.)             (.)             (.)   

stpr_fac72        -0.0628*        0.00431         -0.0436         -0.0187          -0.108         -0.0508         -0.0986        -0.00260   
                  (-2.03)          (0.16)         (-1.64)         (-0.69)         (-1.63)         (-0.74)         (-1.88)         (-0.05)   

stpr_fac73        -0.0905***      0.00625          0.0645**        0.0500*          0.123*          0.171**        0.0773           0.176***
                  (-3.32)          (0.26)          (2.75)          (2.10)          (2.09)          (2.82)          (1.67)          (3.53)   

stpr_fac74       -0.00898          0.0247          0.0105         -0.0155           0.123           0.168          0.0732           0.155*  
                  (-0.22)          (0.68)          (0.30)         (-0.44)          (1.41)          (1.87)          (1.06)          (2.09)   

stpr_fac75        -0.0488         -0.0520         -0.0311         -0.0608          0.0123         -0.0756         -0.0366         -0.0363   
                  (-1.02)         (-1.21)         (-0.75)         (-1.45)          (0.12)         (-0.71)         (-0.45)         (-0.41)   

stpr_fac76        -0.0259           0.114*         0.0770          0.0525           0.197         0.00228          0.0538          0.0417   
                  (-0.49)          (2.43)          (1.70)          (1.14)          (1.74)          (0.02)          (0.60)          (0.43)   

stpr_fac77         0.0206         0.00507         -0.0347          -0.112*          0.121           0.358**        0.0262           0.341***
                   (0.38)          (0.11)         (-0.75)         (-2.37)          (1.04)          (2.98)          (0.29)          (3.45)   

stpr_fac78         0.0293          0.0312          0.0476          0.0110         -0.0466           0.122         -0.0670          0.0962   
                   (0.82)          (0.98)          (1.55)          (0.35)         (-0.60)          (1.53)         (-1.10)          (1.47)   

stpr_fac79        -0.0644           0.195***      -0.0728          0.0320       -0.000146           0.163         -0.0260        -0.00152   
                  (-1.19)          (4.05)         (-1.57)          (0.68)         (-0.00)          (1.36)         (-0.28)         (-0.02)   

stpr_fac80        -0.0313          0.0126         0.00212         -0.0286          0.0544          0.0596         -0.0134          0.0679   
                  (-0.85)          (0.38)          (0.07)         (-0.89)          (0.68)          (0.73)         (-0.21)          (1.01)   

stpr_fac81        -0.0137         -0.0223         -0.0545         -0.0405         -0.0309         -0.0429         -0.0769         -0.0317   
                  (-0.42)         (-0.77)         (-1.96)         (-1.44)         (-0.44)         (-0.60)         (-1.40)         (-0.54)   

stpr_fac82         0.0372           0.130***      0.00694         -0.0269           0.154           0.156          0.0467           0.120   
                   (0.87)          (3.40)          (0.19)         (-0.72)          (1.67)          (1.65)          (0.64)          (1.54)   

stpr_fac83         0.0664          0.0673           0.210***        0.114*          0.215           0.179           0.177*          0.108   
                   (1.28)          (1.46)          (4.72)          (2.53)          (1.93)          (1.56)          (2.02)          (1.14)   

stpr_fac84         0.0201          0.0505           0.151***      -0.0974*         0.0547           0.139         -0.0419          0.0544   
                   (0.40)          (1.12)          (3.46)         (-2.20)          (0.50)          (1.23)         (-0.49)          (0.59)   

stpr_fac85        -0.0226          0.0613         0.00318         0.00282          0.0145           0.130        -0.00328           0.113   
                  (-0.53)          (1.62)          (0.09)          (0.08)          (0.16)          (1.37)         (-0.05)          (1.46)   

stpr_fac86       -0.00532          0.0338        -0.00499        -0.00516         -0.0239          0.0506         -0.0494       -0.000611   
                  (-0.12)          (0.86)         (-0.13)         (-0.13)         (-0.25)          (0.52)         (-0.66)         (-0.01)   

stpr_fac87       -0.00788          0.0461         -0.0265         -0.0189          0.0651           0.221**        0.0655           0.164*  
                  (-0.22)          (1.46)         (-0.87)         (-0.61)          (0.85)          (2.80)          (1.09)          (2.52)   

stpr_fac88        -0.0497          0.0259         0.00266          0.0499           0.239**         0.108          0.0717         -0.0152   
                  (-1.38)          (0.80)          (0.09)          (1.58)          (3.07)          (1.35)          (1.17)         (-0.23)   

stpr_fac89        -0.0575         -0.0151         -0.0335         -0.0476         0.00867          0.0494        -0.00910          0.0242   
                  (-1.95)         (-0.57)         (-1.32)         (-1.85)          (0.14)          (0.75)         (-0.18)          (0.45)   

stpr_fac90        -0.0488          0.0168         -0.0130         -0.0519        -0.00622           0.116         -0.0417           0.144*  
                  (-1.30)          (0.50)         (-0.40)         (-1.58)         (-0.08)          (1.38)         (-0.66)          (2.09)   

stpr_fac91        -0.0535         0.00707         0.00264          0.0331           0.126*          0.111          0.0629           0.105*  
                  (-1.83)          (0.27)          (0.10)          (1.30)          (2.00)          (1.71)          (1.27)          (1.97)   

stpr_fac92        -0.0690*         0.0721*        -0.0139         -0.0201        -0.00619           0.105         -0.0641          0.0803   
                  (-2.08)          (2.43)         (-0.49)         (-0.69)         (-0.09)          (1.42)         (-1.14)          (1.32)   

stpr_fac93         0.0148          0.0358          0.0115         0.00719          0.0796          0.0247         -0.0518          0.0328   
                   (0.36)          (0.98)          (0.33)          (0.20)          (0.90)          (0.27)         (-0.75)          (0.44)   

stpr_fac94        -0.0535          0.0666*        -0.0151         -0.0108          0.0497          0.0257          0.0115          0.0437   
                  (-1.52)          (2.12)         (-0.50)         (-0.35)          (0.66)          (0.33)          (0.19)          (0.68)   

stpr_fac95        -0.0409          0.0338          0.0170       -0.000799          0.0556          0.0838         -0.0159          0.0898   
                  (-1.05)          (0.98)          (0.51)         (-0.02)          (0.66)          (0.97)         (-0.24)          (1.26)   

stpr_fac96        -0.0646*         0.0235          0.0387          0.0110          -0.132*         -0.106          -0.101*        -0.0123   
                  (-2.22)          (0.91)          (1.55)          (0.43)         (-2.10)         (-1.64)         (-2.05)         (-0.23)   

stpr_fac97        -0.0325      -0.0000140        -0.00288         -0.0362           0.148          0.0531          0.0712          0.0581   
                  (-0.92)         (-0.00)         (-0.09)         (-1.17)          (1.94)          (0.67)          (1.18)          (0.90)   

stpr_fac98         0.0629         -0.0349        -0.00459         -0.0405           0.159          0.0525         -0.0108          0.0859   
                   (1.42)         (-0.89)         (-0.12)         (-1.05)          (1.67)          (0.53)         (-0.14)          (1.06)   

stpr_fac99        0.00304          0.0906**        0.0291          0.0314         -0.0389        -0.00818         -0.0535          0.0455   
                   (0.09)          (2.92)          (0.97)          (1.03)         (-0.52)         (-0.11)         (-0.91)          (0.72)   

stpr_fac100       -0.0211         -0.0278           0.134***       0.0258           0.344***      -0.0383           0.275***      0.00824   
                  (-0.51)         (-0.75)          (3.76)          (0.71)          (3.86)         (-0.42)          (3.93)          (0.11)   

stpr_fac101       -0.0440          0.0176          0.0568          0.0356           0.206           0.159           0.178*          0.154   
                  (-0.89)          (0.40)          (1.34)          (0.83)          (1.94)          (1.45)          (2.13)          (1.71)   

stpr_fac102        0.0768          0.0728*          0.143***        0.220***        0.350***        0.296**         0.185**         0.265***
                   (1.87)          (1.98)          (4.05)          (6.13)          (3.95)          (3.23)          (2.65)          (3.53)   

stpr_fac103        0.0148          0.0321          0.0345          0.0380          0.0596          0.0834          0.0402           0.119*  
                   (0.53)          (1.28)          (1.43)          (1.55)          (0.99)          (1.34)          (0.84)          (2.31)   

_cons              0.0307         -0.0248        -0.00840       -0.000236         -0.0806         -0.0716         -0.0188         -0.0709   
                   (1.11)         (-1.00)         (-0.35)         (-0.01)         (-1.35)         (-1.16)         (-0.40)         (-1.40)   
--------------------------------------------------------------------------------------------------------------------------------------------
N                    1211            1211            1211            1211            1211            1211            1211            1211   
R-sq                0.230           0.230           0.314           0.271           0.247           0.190           0.242           0.191   
--------------------------------------------------------------------------------------------------------------------------------------------
t statistics in parentheses
* p<0.05, ** p<0.01, *** p<0.001
