--------------------------------------------------------------------------------------------------------------------------------------------
                      (1)             (2)             (3)             (4)             (5)             (6)             (7)             (8)   
             avwage_bac~d    avwage_pre~t    pop_backward     pop_predict    wagebill_b~d    wagebill_p~t    wageemp_ba~d    wageemp_pr~t   
--------------------------------------------------------------------------------------------------------------------------------------------
lncedc90di~e     -0.00442         0.00703         0.00291        0.000910          0.0598*         0.0283          0.0625**        0.0177   
                  (-0.39)          (0.70)          (0.30)          (0.10)          (2.11)          (1.21)          (3.02)          (0.93)   

stpr_fac1         -0.0973*         0.0248         -0.0736         -0.0407          -0.234*         -0.105          -0.217*        -0.0941   
                  (-2.04)          (0.59)         (-1.80)         (-1.09)         (-1.98)         (-1.07)         (-2.49)         (-1.19)   

stpr_fac2         -0.0850*       -0.00111         0.00822          0.0574         -0.0771          -0.125         -0.0635         -0.0810   
                  (-1.96)         (-0.03)          (0.22)          (1.69)         (-0.71)         (-1.40)         (-0.80)         (-1.12)   

stpr_fac3         -0.0999*        -0.0287         -0.0180          0.0135          -0.141          -0.141          -0.135         -0.0799   
                  (-2.39)         (-0.78)         (-0.50)          (0.41)         (-1.35)         (-1.63)         (-1.76)         (-1.15)   

stpr_fac4         -0.0363          0.0296          0.0214          0.0335          -0.109          -0.150          -0.144          -0.127   
                  (-0.76)          (0.71)          (0.52)          (0.90)         (-0.91)         (-1.51)         (-1.65)         (-1.59)   

stpr_fac5         -0.0986          0.0232          -0.109*         0.0850          -0.359*         -0.316**        -0.378***       -0.311** 
                  (-1.70)          (0.46)         (-2.18)          (1.88)         (-2.49)         (-2.64)         (-3.57)         (-3.22)   

stpr_fac6         -0.0467          0.0736           0.124*          0.175**        -0.187         -0.0842          -0.217         -0.0836   
                  (-0.67)          (1.19)          (2.06)          (3.19)         (-1.07)         (-0.58)         (-1.69)         (-0.71)   

stpr_fac7          0.0247         -0.0120          0.0709          0.0558          0.0150         -0.0747        -0.00410        -0.00192   
                   (0.53)         (-0.30)          (1.79)          (1.54)          (0.13)         (-0.78)         (-0.05)         (-0.02)   

stpr_fac8          0.0272         0.00388          0.0873          0.0532          -0.316*         -0.224          -0.378***       -0.229*  
                   (0.46)          (0.07)          (1.72)          (1.15)         (-2.14)         (-1.83)         (-3.50)         (-2.33)   

stpr_fac9         -0.0538          0.0430          0.0162         0.00525         -0.0164         -0.0936        -0.00213         -0.0862   
                  (-1.19)          (1.09)          (0.42)          (0.15)         (-0.15)         (-1.01)         (-0.03)         (-1.15)   

stpr_fac10         -0.119*        -0.0865*        -0.0286         -0.0357          -0.224          -0.166          -0.200*         -0.143   
                  (-2.56)         (-2.11)         (-0.71)         (-0.98)         (-1.93)         (-1.73)         (-2.36)         (-1.85)   

stpr_fac11        -0.0388         -0.0104          0.0135          0.0336          -0.107          -0.134          -0.110         -0.0952   
                  (-0.85)         (-0.26)          (0.34)          (0.94)         (-0.94)         (-1.41)         (-1.31)         (-1.25)   

stpr_fac12        -0.0556          0.0499          0.0529          0.0836*         -0.143          -0.142          -0.146          -0.117   
                  (-1.19)          (1.22)          (1.32)          (2.29)         (-1.23)         (-1.47)         (-1.72)         (-1.50)   

stpr_fac13        -0.0126        -0.00574         -0.0576          -0.128**        -0.283*         -0.153          -0.289**        -0.102   
                  (-0.23)         (-0.12)         (-1.21)         (-2.97)         (-2.06)         (-1.34)         (-2.87)         (-1.11)   

o.stpr_fac14            0               0               0               0               0               0               0               0   
                      (.)             (.)             (.)             (.)             (.)             (.)             (.)             (.)   

stpr_fac15        -0.0179         -0.0570         -0.0105         -0.0316          0.0779          -0.138          0.0254         -0.0708   
                  (-0.47)         (-1.71)         (-0.32)         (-1.06)          (0.82)         (-1.75)          (0.37)         (-1.12)   

stpr_fac16         0.0308         -0.0779          0.0720       -0.000420         -0.0327          -0.213*         -0.122          -0.107   
                   (0.59)         (-1.70)          (1.61)         (-0.01)         (-0.25)         (-1.97)         (-1.28)         (-1.23)   

stpr_fac17        -0.0737*         0.0564          0.0105          0.0615*         0.0474        -0.00995          0.0444         -0.0363   
                  (-2.17)          (1.89)          (0.36)          (2.31)          (0.56)         (-0.14)          (0.71)         (-0.64)   

stpr_fac18        -0.0756*         0.0674*        0.00831          0.0956***       -0.219*         -0.152*         -0.109          -0.177** 
                  (-2.06)          (2.09)          (0.26)          (3.33)         (-2.40)         (-2.00)         (-1.62)         (-2.90)   

stpr_fac19        -0.0147           0.132***       0.0410          0.0499          0.0409          0.0271          0.0410          0.0296   
                  (-0.42)          (4.26)          (1.35)          (1.80)          (0.46)          (0.37)          (0.63)          (0.50)   

stpr_fac20         0.0412          0.0414          0.0733*         0.0525          0.0631          -0.132         -0.0335          -0.131   
                   (0.98)          (1.12)          (2.03)          (1.59)          (0.60)         (-1.52)         (-0.44)         (-1.87)   

stpr_fac21         0.0214          0.0604          0.0779*          0.100**         0.172          0.0288          0.0778        -0.00854   
                   (0.55)          (1.77)          (2.33)          (3.30)          (1.77)          (0.36)          (1.09)         (-0.13)   

stpr_fac22       0.000414         0.00613          0.0381          0.0493        -0.00705         -0.0837          -0.122         -0.0542   
                   (0.01)          (0.14)          (0.90)          (1.29)         (-0.06)         (-0.83)         (-1.37)         (-0.66)   

stpr_fac23         0.0198           0.120**       0.00583          0.0207           0.196         -0.0931          0.0454         -0.0693   
                   (0.41)          (2.81)          (0.14)          (0.54)          (1.62)         (-0.93)          (0.51)         (-0.85)   

stpr_fac24         -0.107*         0.0448          0.0204          0.0317         -0.0972         -0.0222         -0.0603         -0.0277   
                  (-2.23)          (1.07)          (0.50)          (0.85)         (-0.82)         (-0.22)         (-0.69)         (-0.35)   

stpr_fac25         -0.134**        0.0130          0.0150          0.0765*         -0.187         -0.0425          -0.163*        -0.0144   
                  (-2.98)          (0.33)          (0.39)          (2.17)         (-1.67)         (-0.46)         (-1.98)         (-0.19)   

stpr_fac26       -0.00513        -0.00600          0.0310          0.0735          0.0186          -0.232         -0.0468          -0.164   
                  (-0.07)         (-0.09)          (0.50)          (1.31)          (0.10)         (-1.56)         (-0.36)         (-1.37)   

stpr_fac27         -0.140*        -0.0168          0.0342          0.0613          -0.190          -0.137          -0.121         -0.0731   
                  (-2.02)         (-0.28)          (0.57)          (1.13)         (-1.10)         (-0.96)         (-0.96)         (-0.63)   

stpr_fac28        -0.0669         -0.0104          0.0658          0.0564         -0.0362          -0.169         -0.0462          -0.125   
                  (-1.53)         (-0.27)          (1.75)          (1.65)         (-0.33)         (-1.87)         (-0.58)         (-1.71)   

stpr_fac29        -0.0555          0.0509          0.0796          0.0675        -0.00335           0.101         -0.0117          0.0832   
                  (-1.04)          (1.08)          (1.73)          (1.61)         (-0.03)          (0.91)         (-0.12)          (0.93)   

stpr_fac30         -0.113**       -0.0165         -0.0113          0.0329          -0.253*         -0.120          -0.207**       -0.0584   
                  (-2.73)         (-0.45)         (-0.32)          (1.02)         (-2.45)         (-1.41)         (-2.75)         (-0.85)   

stpr_fac31         0.0458          0.0117          0.0797          0.0550           0.140         -0.0922          0.0180         -0.0592   
                   (0.97)          (0.28)          (1.96)          (1.49)          (1.18)         (-0.94)          (0.21)         (-0.75)   

stpr_fac32        -0.0200          0.0410         -0.0206         0.00378         -0.0236         -0.0684          -0.121         -0.0874   
                  (-0.45)          (1.04)         (-0.54)          (0.11)         (-0.21)         (-0.74)         (-1.47)         (-1.17)   

stpr_fac33         -0.127*        -0.0656          -0.390***      -0.0457          -0.183          -0.136          -0.215*         -0.117   
                  (-2.15)         (-1.27)         (-7.69)         (-0.99)         (-1.25)         (-1.12)         (-2.00)         (-1.19)   

stpr_fac34        -0.0665         -0.0242          0.0525          0.0532          -0.234         -0.0849          -0.266*        -0.0641   
                  (-1.14)         (-0.47)          (1.04)          (1.16)         (-1.60)         (-0.70)         (-2.48)         (-0.66)   

stpr_fac35        -0.0259         -0.0173         -0.0153       -0.000254          -0.299          -0.172          -0.316**        -0.136   
                  (-0.42)         (-0.32)         (-0.29)         (-0.01)         (-1.95)         (-1.35)         (-2.81)         (-1.33)   

stpr_fac36         -0.132*        -0.0107         0.00580          0.0706          -0.267          -0.265          -0.277*         -0.192   
                  (-1.99)         (-0.18)          (0.10)          (1.36)         (-1.62)         (-1.94)         (-2.30)         (-1.74)   

stpr_fac37        -0.0428          0.0712         -0.0115         -0.0445           0.103          -0.174          0.0309          -0.154   
                  (-0.81)          (1.53)         (-0.25)         (-1.08)          (0.78)         (-1.59)          (0.32)         (-1.75)   

stpr_fac38        -0.0322        -0.00346         0.00375          0.0328         -0.0466         -0.0643         -0.0552         -0.0507   
                  (-0.90)         (-0.11)          (0.12)          (1.18)         (-0.53)         (-0.87)         (-0.85)         (-0.85)   

stpr_fac39        -0.0403          0.0534        -0.00606          0.0243         -0.0907         -0.0784         -0.0868         -0.0628   
                  (-1.09)          (1.65)         (-0.19)          (0.84)         (-0.99)         (-1.03)         (-1.29)         (-1.02)   

stpr_fac40         0.0440         0.00446        -0.00630         0.00314          0.0658         -0.0928         -0.0256          -0.109   
                   (1.14)          (0.13)         (-0.19)          (0.10)          (0.69)         (-1.17)         (-0.36)         (-1.70)   

stpr_fac41        -0.0665         -0.0118         -0.0279        -0.00621         -0.0829          -0.126         -0.0740          -0.105   
                  (-1.93)         (-0.39)         (-0.94)         (-0.23)         (-0.96)         (-1.76)         (-1.17)         (-1.83)   

stpr_fac42        -0.0393          0.0200          0.0401          0.0638*        -0.0743          0.0976          -0.108          0.0112   
                  (-0.95)          (0.55)          (1.13)          (1.97)         (-0.72)          (1.14)         (-1.43)          (0.16)   

stpr_fac43        -0.0611          0.0310         0.00642         0.00353          -0.211*        -0.0793          -0.239***      -0.0801   
                  (-1.56)          (0.90)          (0.19)          (0.12)         (-2.16)         (-0.98)         (-3.35)         (-1.23)   

stpr_fac44        -0.0826          0.0280          0.0445          0.0817*         -0.186          -0.212*         -0.194*         -0.126   
                  (-1.69)          (0.65)          (1.06)          (2.15)         (-1.54)         (-2.10)         (-2.18)         (-1.56)   

stpr_fac45        -0.0420         -0.0108          0.0118          0.0546          -0.280*         -0.120          -0.259**        -0.106   
                  (-0.91)         (-0.27)          (0.30)          (1.51)         (-2.43)         (-1.26)         (-3.07)         (-1.37)   

stpr_fac46        -0.0243         -0.0136         0.00386          0.0155          -0.251          -0.198          -0.277          -0.128   
                  (-0.31)         (-0.20)          (0.06)          (0.25)         (-1.27)         (-1.21)         (-1.92)         (-0.97)   

stpr_fac47        -0.0695        -0.00443          0.0307          0.0293          -0.119          -0.150          -0.106          -0.108   
                  (-1.55)         (-0.11)          (0.80)          (0.84)         (-1.07)         (-1.62)         (-1.30)         (-1.45)   

stpr_fac48         -0.100*        -0.0140         -0.0363         0.00298         -0.0944        -0.00815         -0.0730         0.00971   
                  (-2.08)         (-0.33)         (-0.88)          (0.08)         (-0.79)         (-0.08)         (-0.83)          (0.12)   

stpr_fac49         -0.112*         -0.113*        -0.0327         -0.0694          -0.357**        -0.775***       -0.290**        -0.567***
                  (-2.11)         (-2.43)         (-0.72)         (-1.67)         (-2.70)         (-7.06)         (-2.99)         (-6.41)   

stpr_fac50        -0.0599         -0.0211         -0.0159          0.0126         -0.0554         -0.0873         -0.0912         -0.0875   
                  (-1.05)         (-0.42)         (-0.32)          (0.28)         (-0.39)         (-0.74)         (-0.87)         (-0.92)   

stpr_fac51        -0.0454          0.0234         -0.0239        0.000586          -0.206          -0.205*         -0.183*         -0.167*  
                  (-1.04)          (0.61)         (-0.64)          (0.02)         (-1.90)         (-2.28)         (-2.31)         (-2.30)   

stpr_fac52        -0.0668         0.00649          0.0178          0.0155          -0.297**        -0.175          -0.258**        -0.159*  
                  (-1.50)          (0.17)          (0.47)          (0.44)         (-2.68)         (-1.91)         (-3.18)         (-2.14)   

stpr_fac53        -0.0169          0.0831*         0.0754*         0.0276         -0.0124         -0.0622         -0.0688         -0.0988   
                  (-0.42)          (2.33)          (2.16)          (0.87)         (-0.12)         (-0.74)         (-0.93)         (-1.46)   

stpr_fac54         -0.104         0.00790          0.0269          0.0321         -0.0146          -0.139         -0.0443          -0.135   
                  (-1.84)          (0.16)          (0.56)          (0.73)         (-0.10)         (-1.19)         (-0.43)         (-1.44)   

stpr_fac55        -0.0343         -0.0206         -0.0160          0.0318         -0.0785          -0.198          -0.116          -0.133   
                  (-0.68)         (-0.46)         (-0.37)          (0.80)         (-0.62)         (-1.89)         (-1.25)         (-1.57)   

stpr_fac56        -0.0771        -0.00282         -0.0152         -0.0169          -0.221*        -0.0604          -0.220**       -0.0187   
                  (-1.80)         (-0.07)         (-0.41)         (-0.50)         (-2.06)         (-0.68)         (-2.80)         (-0.26)   

stpr_fac57        -0.0602         -0.0154         0.00599          0.0346          -0.410*         -0.264*         -0.303**        -0.152   
                  (-0.94)         (-0.27)          (0.11)          (0.69)         (-2.58)         (-2.00)         (-2.60)         (-1.43)   

stpr_fac58         -0.121*        -0.0864          0.0103          0.0661          -0.392**        -0.309**        -0.296**        -0.164   
                  (-2.26)         (-1.83)          (0.22)          (1.58)         (-2.93)         (-2.79)         (-3.02)         (-1.84)   

stpr_fac59        -0.0711          0.0147         -0.0236          0.0321          -0.435***      -0.0681          -0.415***      -0.0391   
                  (-1.69)          (0.40)         (-0.65)          (0.98)         (-4.16)         (-0.78)         (-5.41)         (-0.56)   

stpr_fac60        -0.0362          0.0275         -0.0439         -0.0129          -0.234          -0.123          -0.259**        -0.119   
                  (-0.68)          (0.59)         (-0.96)         (-0.31)         (-1.77)         (-1.12)         (-2.68)         (-1.34)   

stpr_fac61         -0.110        -0.00572         -0.0408          0.0179          0.0583          -0.289*        -0.0377          -0.198*  
                  (-1.91)         (-0.11)         (-0.82)          (0.40)          (0.41)         (-2.43)         (-0.36)         (-2.06)   

stpr_fac62        -0.0635         -0.0109          0.0528          0.0562         -0.0466          -0.153          -0.106          -0.102   
                  (-1.44)         (-0.28)          (1.40)          (1.63)         (-0.43)         (-1.69)         (-1.32)         (-1.39)   

stpr_fac63        -0.0519         0.00414         0.00950         -0.0552          0.0129          -0.117         -0.0167         -0.0966   
                  (-1.13)          (0.10)          (0.24)         (-1.53)          (0.11)         (-1.23)         (-0.20)         (-1.26)   

stpr_fac64        -0.0125          0.0654        -0.00442        -0.00470        -0.00678          -0.122         0.00270         -0.0941   
                  (-0.33)          (1.95)         (-0.13)         (-0.16)         (-0.07)         (-1.55)          (0.04)         (-1.48)   

stpr_fac65        -0.0789          0.0379         -0.0338          0.0140           0.262*         0.0288           0.178*         0.0142   
                  (-1.89)          (1.03)         (-0.94)          (0.43)          (2.52)          (0.33)          (2.33)          (0.20)   

stpr_fac66        -0.0909         0.00242         -0.0178         0.00164           0.146          -0.109           0.142         -0.0259   
                  (-1.64)          (0.05)         (-0.37)          (0.04)          (1.06)         (-0.95)          (1.40)         (-0.28)   

stpr_fac67        -0.0525        0.000900          0.0362          0.0550          0.0902         -0.0200           0.109          0.0220   
                  (-1.17)          (0.02)          (0.94)          (1.57)          (0.81)         (-0.22)          (1.33)          (0.30)   

stpr_fac68        -0.0989          0.0113          0.0330         0.00855         -0.0467          -0.229*         0.0288          -0.122   
                  (-1.80)          (0.24)          (0.70)          (0.20)         (-0.34)         (-2.02)          (0.29)         (-1.34)   

stpr_fac69        0.00984          0.0273          0.0374          0.0420         -0.0621         -0.0961          -0.135         -0.0877   
                   (0.18)          (0.56)          (0.78)          (0.97)         (-0.45)         (-0.84)         (-1.33)         (-0.95)   

stpr_fac70        -0.0372         -0.0674         -0.0495         -0.0501           0.178          -0.166         0.00974          -0.116   
                  (-0.75)         (-1.54)         (-1.16)         (-1.29)          (1.44)         (-1.61)          (0.11)         (-1.40)   

o.stpr_fac71            0               0               0               0               0               0               0               0   
                      (.)             (.)             (.)             (.)             (.)             (.)             (.)             (.)   

stpr_fac72        -0.0481         0.00206         -0.0346         -0.0138        -0.00292          -0.113         -0.0233         -0.0796   
                  (-1.49)          (0.07)         (-1.25)         (-0.55)         (-0.04)         (-1.69)         (-0.40)         (-1.48)   

stpr_fac73        -0.0751*       -0.00871          0.0743**        0.0711**         0.171*         0.0731           0.112*         0.0901   
                  (-2.54)         (-0.34)          (2.93)          (3.08)          (2.32)          (1.20)          (2.07)          (1.83)   

stpr_fac74        -0.0300          0.0146          0.0129          0.0319          -0.253*        -0.0992          -0.237**       -0.0368   
                  (-0.62)          (0.34)          (0.31)          (0.84)         (-2.09)         (-0.99)         (-2.67)         (-0.45)   

stpr_fac75        -0.0185         -0.0637         -0.0176         -0.0375          -0.375*         -0.163          -0.276**        -0.171   
                  (-0.32)         (-1.24)         (-0.35)         (-0.82)         (-2.57)         (-1.35)         (-2.59)         (-1.76)   

stpr_fac76          0.146*         0.0601           0.117*         0.0645           0.298*         -0.216          0.0729          -0.224*  
                   (2.40)          (1.13)          (2.24)          (1.36)          (1.97)         (-1.72)          (0.66)         (-2.21)   

stpr_fac77        -0.0692          0.0493          0.0335          -0.111*         -0.243           0.148          -0.201           0.132   
                  (-1.13)          (0.92)          (0.64)         (-2.32)         (-1.60)          (1.18)         (-1.80)          (1.29)   

stpr_fac78        -0.0176          0.0338          0.0574          0.0583          -0.448***       -0.102          -0.339***      -0.0726   
                  (-0.40)          (0.88)          (1.53)          (1.70)         (-4.11)         (-1.13)         (-4.24)         (-1.00)   

stpr_fac79        -0.0578         -0.0330          -0.104          0.0310          -0.250          -0.115          -0.259*        -0.0519   
                  (-0.93)         (-0.61)         (-1.96)          (0.64)         (-1.62)         (-0.90)         (-2.28)         (-0.50)   

stpr_fac80        -0.0931*         0.0257          0.0285        -0.00534          -0.200          -0.103          -0.180*         -0.102   
                  (-1.98)          (0.62)          (0.70)         (-0.15)         (-1.70)         (-1.06)         (-2.09)         (-1.30)   

stpr_fac81        -0.0326        -0.00762         -0.0634         -0.0115         -0.0896          -0.306***       -0.141          -0.229***
                  (-0.79)         (-0.21)         (-1.79)         (-0.36)         (-0.87)         (-3.59)         (-1.87)         (-3.32)   

stpr_fac82         0.0489           0.127**       -0.0375         0.00872          0.0962         -0.0669         -0.0165         -0.0782   
                   (0.95)          (2.80)         (-0.85)          (0.22)          (0.75)         (-0.63)         (-0.18)         (-0.91)   

stpr_fac83         0.0601          0.0216           0.229***        0.131**        -0.192        -0.00451          -0.184          0.0322   
                   (0.93)          (0.38)          (4.15)          (2.61)         (-1.20)         (-0.03)         (-1.56)          (0.30)   

stpr_fac84         0.0719         -0.0433           0.213***      -0.0632         -0.0161          -0.170          -0.104          -0.135   
                   (1.26)         (-0.86)          (4.34)         (-1.41)         (-0.11)         (-1.44)         (-1.00)         (-1.42)   

stpr_fac85       -0.00741          0.0123          0.0304          0.0313          -0.364**        -0.135          -0.279**       -0.0982   
                  (-0.14)          (0.27)          (0.69)          (0.78)         (-2.86)         (-1.28)         (-2.99)         (-1.15)   

stpr_fac86        -0.0255          0.0153         -0.0156          0.0313          -0.192          -0.146          -0.204*         -0.146*  
                  (-0.58)          (0.40)         (-0.42)          (0.92)         (-1.77)         (-1.62)         (-2.56)         (-2.01)   

stpr_fac87        -0.0199          0.0387         -0.0123        0.000175          -0.266*         0.0929          -0.178*         0.0787   
                  (-0.48)          (1.05)         (-0.34)          (0.01)         (-2.55)          (1.08)         (-2.34)          (1.13)   

stpr_fac88        -0.0503          0.0257         -0.0158          0.0744*         0.0124         -0.0569         -0.0727          -0.171*  
                  (-1.06)          (0.62)         (-0.39)          (2.01)          (0.11)         (-0.58)         (-0.84)         (-2.17)   

stpr_fac89        -0.0350         -0.0380         -0.0177         -0.0238          -0.217          -0.175          -0.227**        -0.145   
                  (-0.77)         (-0.95)         (-0.45)         (-0.67)         (-1.91)         (-1.86)         (-2.72)         (-1.91)   

stpr_fac90        -0.0999*         0.0220         -0.0111        -0.00791          -0.294*        -0.0616          -0.207*        -0.0374   
                  (-2.11)          (0.53)         (-0.27)         (-0.21)         (-2.49)         (-0.63)         (-2.40)         (-0.47)   

stpr_fac91        -0.0767*        0.00693        -0.00512          0.0567*        -0.0792         -0.0701         -0.0854         -0.0407   
                  (-2.09)          (0.21)         (-0.16)          (1.97)         (-0.86)         (-0.92)         (-1.27)         (-0.66)   

stpr_fac92        -0.0420          0.0368          0.0104        -0.00478          -0.128          -0.145          -0.166*         -0.143*  
                  (-1.07)          (1.06)          (0.31)         (-0.16)         (-1.31)         (-1.78)         (-2.31)         (-2.18)   

stpr_fac93      -0.000550         0.00562          0.0110          0.0438          -0.149          -0.197*         -0.163          -0.176*  
                  (-0.01)          (0.14)          (0.28)          (1.22)         (-1.30)         (-2.08)         (-1.95)         (-2.30)   

stpr_fac94        -0.0468         0.00199        -0.00306          0.0111         -0.0151          -0.266**       -0.0778          -0.158*  
                  (-1.01)          (0.05)         (-0.08)          (0.31)         (-0.13)         (-2.77)         (-0.92)         (-2.04)   

stpr_fac95        -0.0826         0.00988          0.0194          0.0293          -0.215         -0.0754          -0.208*        -0.0620   
                  (-1.49)          (0.20)          (0.41)          (0.68)         (-1.56)         (-0.66)         (-2.05)         (-0.67)   

stpr_fac96        -0.0850*        -0.0156          0.0515          0.0341          -0.258**        -0.282***       -0.198**        -0.160** 
                  (-2.30)         (-0.48)          (1.62)          (1.18)         (-2.80)         (-3.69)         (-2.93)         (-2.59)   

stpr_fac97        -0.0582        -0.00480          0.0185          0.0194          -0.110          -0.159          -0.119          -0.126   
                  (-1.18)         (-0.11)          (0.44)          (0.50)         (-0.89)         (-1.55)         (-1.32)         (-1.53)   

stpr_fac98       -0.00820         0.00956         -0.0186          0.0191         -0.0640          -0.189          -0.132          -0.149   
                  (-0.16)          (0.22)         (-0.43)          (0.48)         (-0.51)         (-1.82)         (-1.44)         (-1.77)   

stpr_fac99        -0.0522          0.0791*         0.0384          0.0498          -0.141          -0.154*         -0.103          -0.120   
                  (-1.41)          (2.43)          (1.20)          (1.72)         (-1.53)         (-2.00)         (-1.52)         (-1.94)   

stpr_fac100        0.0490         -0.0271           0.177***       0.0830*          0.257*         -0.161           0.139         -0.0862   
                   (0.96)         (-0.61)          (4.03)          (2.08)          (2.03)         (-1.52)          (1.49)         (-1.01)   

stpr_fac101       -0.0743        -0.00560          0.0448          0.0923*        -0.0758        -0.00684         -0.0457          0.0476   
                  (-1.29)         (-0.11)          (0.90)          (2.04)         (-0.53)         (-0.06)         (-0.43)          (0.49)   

stpr_fac102     -0.000240           0.205***        0.144***        0.195***        0.425***        0.258**         0.346***       0.0939   
                  (-0.01)          (4.96)          (3.57)          (5.30)          (3.63)          (2.66)          (4.03)          (1.20)   

stpr_fac103        0.0356          0.0421          0.0502          0.0421          0.0883         -0.0964          0.0252         -0.0703   
                   (0.98)          (1.32)          (1.61)          (1.49)          (0.98)         (-1.29)          (0.38)         (-1.16)   

_cons              0.0546         -0.0104         -0.0127         -0.0312           0.122           0.120           0.138          0.0886   
                   (1.42)         (-0.31)         (-0.38)         (-1.03)          (1.27)          (1.50)          (1.96)          (1.38)   
--------------------------------------------------------------------------------------------------------------------------------------------
N                    1211            1211            1211            1211            1211            1211            1211            1211   
R-sq                0.215           0.214           0.344           0.269           0.306           0.226           0.309           0.210   
--------------------------------------------------------------------------------------------------------------------------------------------
t statistics in parentheses
* p<0.05, ** p<0.01, *** p<0.001
