--------------------------------------------------------------------------------------------------------------------------------------------
                      (1)             (2)             (3)             (4)             (5)             (6)             (7)             (8)   
             aginc_back~d    aginc_pred~t    nfincome_b~d    nfincome_p~t    output_bac~d    output_pre~t    percapinc_~d    percapinc_~t   
--------------------------------------------------------------------------------------------------------------------------------------------
lncedc91di~e       0.0792***      -0.0134         0.00490         0.00222         0.00208         0.00753          0.0473***     -0.00972   
                   (3.43)         (-0.59)          (0.37)          (0.17)          (0.16)          (0.66)          (3.57)         (-0.80)   

stpr_fac1         -0.0392          -0.118          -0.116*        -0.0748          -0.131*         0.0221        -0.00600         -0.0573   
                  (-0.41)         (-1.26)         (-2.13)         (-1.37)         (-2.46)          (0.47)         (-0.11)         (-1.14)   

stpr_fac2          0.0542          -0.138         -0.0168         -0.0604         -0.0689         0.00562        -0.00362          -0.122** 
                   (0.61)         (-1.58)         (-0.33)         (-1.19)         (-1.39)          (0.13)         (-0.07)         (-2.61)   

stpr_fac3          0.0186          -0.158         -0.0350         -0.0862          -0.111*        -0.0220          0.0223          -0.121** 
                   (0.22)         (-1.93)         (-0.73)         (-1.80)         (-2.38)         (-0.53)          (0.47)         (-2.75)   

stpr_fac4          0.0340          -0.135         0.00706         -0.0823         -0.0333         -0.0387         0.00682          -0.113*  
                   (0.36)         (-1.45)          (0.13)         (-1.51)         (-0.63)         (-0.83)          (0.13)         (-2.25)   

stpr_fac5         -0.0676          0.0663         -0.0367           0.107         -0.0428          0.0455          0.0434         -0.0460   
                  (-0.55)          (0.55)         (-0.52)          (1.52)         (-0.63)          (0.75)          (0.62)         (-0.71)   

stpr_fac6           0.163          0.0785          0.0623          0.0594         -0.0666          0.0696         -0.0266         -0.0817   
                   (1.16)          (0.57)          (0.77)          (0.74)         (-0.85)          (1.00)         (-0.33)         (-1.10)   

stpr_fac7          0.0561         -0.0240          0.0726         -0.0146          0.0926          0.0164          0.0311         -0.0595   
                   (0.64)         (-0.28)          (1.44)         (-0.29)          (1.89)          (0.38)          (0.62)         (-1.29)   

stpr_fac8          -0.127          -0.121          0.0950          -0.101          0.0189        -0.00465         -0.0926         -0.0964   
                  (-0.94)         (-0.92)          (1.24)         (-1.31)          (0.25)         (-0.07)         (-1.20)         (-1.36)   

stpr_fac9          0.0394         -0.0629        -0.00334         -0.0557          0.0242          0.0479         -0.0207         -0.0463   
                   (0.44)         (-0.72)         (-0.07)         (-1.09)          (0.49)          (1.09)         (-0.41)         (-0.99)   

stpr_fac10         -0.153          -0.189*        -0.0928          -0.151**        -0.142**       -0.0685         -0.0823         -0.0793   
                  (-1.66)         (-2.08)         (-1.76)         (-2.85)         (-2.75)         (-1.51)         (-1.56)         (-1.63)   

stpr_fac11         0.0394         -0.0950         -0.0359         -0.0511         -0.0327         -0.0181         -0.0237         -0.0743   
                   (0.43)         (-1.05)         (-0.68)         (-0.97)         (-0.64)         (-0.40)         (-0.45)         (-1.53)   

stpr_fac12         0.0120          0.0116          0.0189          0.0126          0.0162          0.0409         -0.0428         -0.0673   
                   (0.13)          (0.13)          (0.36)          (0.24)          (0.32)          (0.90)         (-0.81)         (-1.39)   

stpr_fac13        -0.0332          -0.274*        -0.0842          -0.238***      -0.0172         -0.0768         0.00876         -0.0685   
                  (-0.31)         (-2.56)         (-1.35)         (-3.82)         (-0.28)         (-1.43)          (0.14)         (-1.20)   

o.stpr_fac14            0               0               0               0               0               0               0               0   
                      (.)             (.)             (.)             (.)             (.)             (.)             (.)             (.)   

stpr_fac15         0.0490          -0.160*        -0.0937*         -0.106*        -0.0585         -0.0154         -0.0171         -0.0930*  
                   (0.67)         (-2.21)         (-2.22)         (-2.52)         (-1.42)         (-0.43)         (-0.41)         (-2.39)   

stpr_fac16          0.156          -0.172          0.0327          -0.125*       -0.00189         -0.0395         0.00531          -0.119*  
                   (1.74)         (-1.95)          (0.63)         (-2.42)         (-0.04)         (-0.89)          (0.10)         (-2.51)   

stpr_fac17         0.0122          0.0596          0.0232          0.0309        -0.00665          0.0468         -0.0216          0.0188   
                   (0.18)          (0.88)          (0.59)          (0.78)         (-0.17)          (1.38)         (-0.55)          (0.52)   

stpr_fac18          0.380***      -0.0393         -0.0468          0.0301         -0.0377         0.00395           0.202***       -0.106** 
                   (5.29)         (-0.56)         (-1.14)          (0.73)         (-0.94)          (0.11)          (4.92)         (-2.81)   

stpr_fac19          0.243***       0.0272          0.0666          0.0386          0.0567          0.0395          0.0937*        -0.0396   
                   (3.61)          (0.41)          (1.73)          (1.00)          (1.51)          (1.19)          (2.44)         (-1.12)   

stpr_fac20         0.0957          0.0220           0.145*        0.00992          0.0297          0.0365          0.0696         -0.0177   
                   (0.96)          (0.23)          (2.54)          (0.17)          (0.54)          (0.74)          (1.22)         (-0.34)   

stpr_fac21          0.329***       0.0596           0.122**         0.132**        0.0703          0.0737           0.130**       0.00763   
                   (4.25)          (0.78)          (2.76)          (2.97)          (1.63)          (1.93)          (2.94)          (0.19)   

stpr_fac22         0.0989         -0.0504          0.0275       -0.000208         -0.0276        -0.00347         0.00719         -0.0466   
                   (0.94)         (-0.49)          (0.46)         (-0.00)         (-0.47)         (-0.07)          (0.12)         (-0.84)   

stpr_fac23          0.186          0.0479          0.0362          0.0688          0.0498           0.143**         0.132*         0.0271   
                   (1.95)          (0.51)          (0.66)          (1.26)          (0.93)          (3.03)          (2.41)          (0.54)   

stpr_fac24          0.131          -0.108         -0.0117         -0.0352         -0.0597         0.00706          0.0403         -0.0827   
                   (1.33)         (-1.11)         (-0.21)         (-0.62)         (-1.08)          (0.15)          (0.71)         (-1.59)   

stpr_fac25         0.0313         -0.0560         -0.0106        -0.00590         -0.0386        -0.00263         0.00488         -0.0903   
                   (0.35)         (-0.63)         (-0.21)         (-0.11)         (-0.76)         (-0.06)          (0.09)         (-1.89)   

stpr_fac26          0.133         -0.0461          0.0655         -0.0142         0.00399         -0.0145          0.0758         -0.0942   
                   (0.99)         (-0.35)          (0.85)         (-0.18)          (0.05)         (-0.22)          (0.98)         (-1.33)   

stpr_fac27         0.0819          -0.141          0.0128         -0.0878         -0.0565         -0.0817          0.0129          -0.153*  
                   (0.61)         (-1.07)          (0.17)         (-1.14)         (-0.75)         (-1.23)          (0.17)         (-2.15)   

stpr_fac28         0.0328         -0.0849          0.0376         -0.0391         -0.0563        -0.00448         -0.0457         -0.0820   
                   (0.37)         (-0.98)          (0.74)         (-0.77)         (-1.14)         (-0.10)         (-0.90)         (-1.76)   

stpr_fac29          0.157          0.0708          0.0969          0.0864        0.000898          0.0895          0.0457        -0.00735   
                   (1.55)          (0.71)          (1.67)          (1.49)          (0.02)          (1.79)          (0.79)         (-0.14)   

stpr_fac30        0.00152         -0.0554         -0.0390         -0.0337          -0.139**       -0.0154          0.0174         -0.0677   
                   (0.02)         (-0.69)         (-0.83)         (-0.72)         (-3.05)         (-0.38)          (0.37)         (-1.57)   

stpr_fac31         0.0501         -0.0185          0.0107          0.0196         -0.0165          0.0479         -0.0266         -0.0404   
                   (0.54)         (-0.21)          (0.20)          (0.37)         (-0.32)          (1.06)         (-0.50)         (-0.83)   

stpr_fac32         0.0730         -0.0547         0.00343         -0.0227         -0.0185          0.0506          0.0454         -0.0191   
                   (0.88)         (-0.67)          (0.07)         (-0.48)         (-0.40)          (1.24)          (0.95)         (-0.44)   

stpr_fac33         -0.426***       -0.165          -0.432***      -0.0517          -0.117         -0.0401         -0.0265         -0.0648   
                  (-3.55)         (-1.40)         (-6.29)         (-0.75)         (-1.75)         (-0.68)         (-0.39)         (-1.02)   

stpr_fac34        -0.0280          0.0646         -0.0198          0.0754         -0.0881          0.0203         -0.0397        -0.00622   
                  (-0.26)          (0.61)         (-0.32)          (1.22)         (-1.47)          (0.38)         (-0.64)         (-0.11)   

stpr_fac35         -0.157        -0.00336          0.0752         -0.0411         -0.0591          0.0163         -0.0626          0.0273   
                  (-1.13)         (-0.02)          (0.95)         (-0.52)         (-0.76)          (0.24)         (-0.79)          (0.37)   

stpr_fac36         -0.105        -0.00311        -0.00298          0.0468          -0.150         -0.0123         -0.0737         -0.0224   
                  (-0.73)         (-0.02)         (-0.04)          (0.57)         (-1.87)         (-0.17)         (-0.90)         (-0.30)   

stpr_fac37          0.297**        -0.105           0.125*         -0.120*          0.103        -0.00255           0.168**       -0.0793   
                   (2.82)         (-1.01)          (2.07)         (-1.98)          (1.75)         (-0.05)          (2.79)         (-1.42)   

stpr_fac38         0.0538          -0.114         -0.0484         -0.0283         -0.0461          0.0236          0.0164         -0.0938*  
                   (0.72)         (-1.55)         (-1.13)         (-0.66)         (-1.11)          (0.64)          (0.39)         (-2.39)   

stpr_fac39        0.00905         -0.0432         -0.0362          0.0128         -0.0220          0.0547       -0.000209         -0.0296   
                   (0.11)         (-0.56)         (-0.80)          (0.28)         (-0.50)          (1.40)         (-0.00)         (-0.71)   

stpr_fac40         0.0675         -0.0938         -0.0757         -0.0470          0.0143         0.00917        -0.00634         -0.0582   
                   (0.85)         (-1.19)         (-1.66)         (-1.03)          (0.32)          (0.23)         (-0.14)         (-1.38)   

stpr_fac41         0.0726         -0.0960         -0.0633         -0.0484         -0.0841*       -0.00249          0.0307         -0.0432   
                   (0.98)         (-1.32)         (-1.49)         (-1.14)         (-2.04)         (-0.07)          (0.72)         (-1.10)   

stpr_fac42         0.0848         -0.0148          0.0212          0.0357         -0.0808          0.0213          0.0291         -0.0228   
                   (1.01)         (-0.18)          (0.44)          (0.74)         (-1.72)          (0.52)          (0.61)         (-0.52)   

stpr_fac43         0.0526         -0.0173         -0.0207        -0.00704         -0.0743          0.0552         -0.0104         0.00699   
                   (0.66)         (-0.22)         (-0.45)         (-0.15)         (-1.67)          (1.40)         (-0.23)          (0.17)   

stpr_fac44         0.0521         -0.0188          0.0326          0.0217         -0.0258         0.00905        -0.00931         -0.0547   
                   (0.52)         (-0.19)          (0.57)          (0.38)         (-0.46)          (0.18)         (-0.16)         (-1.03)   

stpr_fac45        -0.0453        0.000239         0.00440          0.0104         -0.0580         0.00106         -0.0366         -0.0365   
                  (-0.42)          (0.00)          (0.07)          (0.17)         (-0.97)          (0.02)         (-0.60)         (-0.65)   

stpr_fac46         -0.261          0.0737         -0.0398         -0.0478         -0.0504         -0.0168          -0.194*         0.0225   
                  (-1.66)          (0.48)         (-0.44)         (-0.53)         (-0.57)         (-0.22)         (-2.15)          (0.27)   

stpr_fac47        -0.0274         -0.0709        -0.00482         -0.0175          -0.119*        0.00268         -0.0374         -0.0604   
                  (-0.31)         (-0.82)         (-0.10)         (-0.35)         (-2.44)          (0.06)         (-0.75)         (-1.31)   

stpr_fac48         -0.171         -0.0125         -0.0734         -0.0715         -0.0784         -0.0515         -0.0896         -0.0379   
                  (-1.79)         (-0.13)         (-1.34)         (-1.31)         (-1.47)         (-1.09)         (-1.64)         (-0.75)   

stpr_fac49         -0.188          -0.304**        -0.126*         -0.323***       -0.130*         -0.168***       -0.133*         -0.191***
                  (-1.82)         (-2.99)         (-2.13)         (-5.45)         (-2.26)         (-3.31)         (-2.24)         (-3.51)   

stpr_fac50      -0.000964         0.00273         -0.0657         0.00263         -0.0756        -0.00351         -0.0106         0.00146   
                  (-0.01)          (0.03)         (-1.06)          (0.04)         (-1.26)         (-0.07)         (-0.17)          (0.03)   

stpr_fac51       -0.00535         -0.0886         -0.0691         -0.0758         -0.0690         -0.0113         -0.0128         -0.0703   
                  (-0.07)         (-1.12)         (-1.50)         (-1.64)         (-1.54)         (-0.28)         (-0.28)         (-1.66)   

stpr_fac52         -0.131          0.0416         -0.0588         -0.0192         -0.0455         -0.0128         -0.0929         0.00596   
                  (-1.56)          (0.50)         (-1.23)         (-0.40)         (-0.97)         (-0.31)         (-1.94)          (0.13)   

stpr_fac53          0.193**        0.0180          0.0453         -0.0144          0.0522          0.0402          0.0474         -0.0164   
                   (2.60)          (0.25)          (1.07)         (-0.34)          (1.26)          (1.10)          (1.12)         (-0.42)   

stpr_fac54       -0.00827          0.0319         -0.0818          0.0348         -0.0722          0.0181         -0.0676         -0.0198   
                  (-0.07)          (0.29)         (-1.29)          (0.55)         (-1.17)          (0.33)         (-1.06)         (-0.34)   

stpr_fac55        -0.0280         -0.0619        -0.00436         -0.0211         -0.0500          0.0152         -0.0181         -0.0559   
                  (-0.25)         (-0.55)         (-0.07)         (-0.32)         (-0.79)          (0.27)         (-0.28)         (-0.93)   

stpr_fac56        -0.0484         -0.0582         -0.0703         -0.0792         -0.0186         0.00292         -0.0305         -0.0448   
                  (-0.57)         (-0.69)         (-1.43)         (-1.61)         (-0.39)          (0.07)         (-0.62)         (-0.99)   

stpr_fac57        -0.0253         -0.0761          0.0367         -0.0646         -0.0231         -0.0614         0.00259         -0.0904   
                  (-0.20)         (-0.61)          (0.50)         (-0.88)         (-0.32)         (-0.97)          (0.04)         (-1.34)   

stpr_fac58        -0.0239          -0.168         0.00854         -0.0680          -0.120*         -0.112*         0.0137          -0.136*  
                  (-0.23)         (-1.62)          (0.14)         (-1.13)         (-2.04)         (-2.15)          (0.23)         (-2.46)   

stpr_fac59         0.0419         -0.0532         -0.0566         -0.0318         -0.0728         0.00417          0.0336         -0.0640   
                   (0.50)         (-0.64)         (-1.17)         (-0.66)         (-1.55)          (0.10)          (0.70)         (-1.44)   

stpr_fac60        -0.0497         -0.0617        -0.00753         -0.0619        -0.00921          0.0453          0.0273         -0.0389   
                  (-0.49)         (-0.62)         (-0.13)         (-1.06)         (-0.16)          (0.90)          (0.47)         (-0.73)   

stpr_fac61        -0.0654         -0.0731         -0.0547         -0.0401         -0.0968         -0.0390         -0.0555         -0.0420   
                  (-0.53)         (-0.60)         (-0.77)         (-0.57)         (-1.40)         (-0.64)         (-0.78)         (-0.64)   

stpr_fac62         0.0398         -0.0758       -0.000988         -0.0124         -0.0952*        -0.0191         -0.0172         -0.0749   
                   (0.46)         (-0.90)         (-0.02)         (-0.25)         (-1.99)         (-0.45)         (-0.35)         (-1.66)   

stpr_fac63         0.0663          -0.222*        0.00609          -0.154**       -0.0369         -0.0103          0.0379         -0.0976*  
                   (0.73)         (-2.49)          (0.12)         (-2.96)         (-0.73)         (-0.23)          (0.73)         (-2.04)   

stpr_fac64          0.171*         -0.158*        -0.0176         -0.0869*        -0.0427          0.0644           0.102*         -0.104** 
                   (2.34)         (-2.20)         (-0.42)         (-2.07)         (-1.05)          (1.79)          (2.45)         (-2.71)   

stpr_fac65          0.104         -0.0950         -0.0282         -0.0615         -0.0523          0.0243          0.0633         -0.0848   
                   (1.21)         (-1.12)         (-0.57)         (-1.24)         (-1.09)          (0.57)          (1.28)         (-1.86)   

stpr_fac66         0.0813         -0.0604          0.0308         -0.0787         -0.0396          0.0132           0.151*         -0.109*  
                   (0.77)         (-0.59)          (0.51)         (-1.31)         (-0.68)          (0.26)          (2.52)         (-1.98)   

stpr_fac67          0.138         -0.0132         -0.0194          0.0261         -0.0203         0.00337          0.0340         -0.0497   
                   (1.54)         (-0.15)         (-0.38)          (0.51)         (-0.40)          (0.08)          (0.66)         (-1.05)   

stpr_fac68          0.138         -0.0976          0.0222         -0.0614         -0.0854          0.0517          0.0793         -0.0833   
                   (1.30)         (-0.94)          (0.37)         (-1.01)         (-1.44)          (0.99)          (1.31)         (-1.49)   

stpr_fac69        -0.0523          0.0358         0.00449          0.0296         -0.0357          0.0309         -0.0613       0.0000344   
                  (-0.45)          (0.31)          (0.07)          (0.44)         (-0.55)          (0.54)         (-0.91)          (0.00)   

stpr_fac70         0.0364          -0.164         -0.0327          -0.111*        -0.0715         0.00809          0.0668         -0.0775   
                   (0.39)         (-1.79)         (-0.61)         (-2.08)         (-1.38)          (0.18)          (1.25)         (-1.58)   

o.stpr_fac71            0               0               0               0               0               0               0               0   
                      (.)             (.)             (.)             (.)             (.)             (.)             (.)             (.)   

stpr_fac72         0.0363          -0.168**        -0.103**       -0.0571         -0.0528          0.0270          0.0289          -0.115***
                   (0.59)         (-2.77)         (-2.91)         (-1.61)         (-1.53)          (0.89)          (0.82)         (-3.52)   

stpr_fac73          0.353***       -0.103          0.0618          0.0246         -0.0528          0.0170           0.168***      -0.0887** 
                   (6.15)         (-1.82)          (1.88)          (0.75)         (-1.64)          (0.60)          (5.10)         (-2.92)   

stpr_fac74        -0.0740         -0.0587         -0.0828         -0.0380         -0.0650         0.00897         -0.0745         -0.0596   
                  (-0.77)         (-0.62)         (-1.50)         (-0.69)         (-1.20)          (0.19)         (-1.35)         (-1.17)   

stpr_fac75        -0.0423         -0.0570         -0.0277         -0.0787          0.0235         -0.0608         -0.0187         -0.0254   
                  (-0.37)         (-0.50)         (-0.42)         (-1.18)          (0.36)         (-1.06)         (-0.28)         (-0.42)   

stpr_fac76         0.0844           0.107          0.0913          0.0821          0.0979          0.0131         -0.0241          0.0291   
                   (0.72)          (0.92)          (1.35)          (1.21)          (1.49)          (0.23)         (-0.36)          (0.47)   

stpr_fac77         0.0592          0.0264         -0.0128         -0.0244         -0.0404          0.0734          0.0490          0.0922   
                   (0.50)          (0.23)         (-0.19)         (-0.36)         (-0.61)          (1.25)          (0.72)          (1.47)   

stpr_fac78          0.280**        -0.296***      -0.0457          0.0310         -0.0672          0.0475          0.0660          -0.164***
                   (3.11)         (-3.35)         (-0.89)          (0.60)         (-1.34)          (1.07)          (1.28)         (-3.45)   

stpr_fac79          0.207          -0.381**       -0.0217         -0.0722         -0.0163         -0.0800           0.268***       -0.220***
                   (1.67)         (-3.13)         (-0.31)         (-1.02)         (-0.24)         (-1.31)          (3.79)         (-3.38)   

stpr_fac80         0.0846          -0.228*        0.00804         -0.0632           0.104         -0.0577         0.00281          -0.156** 
                   (0.84)         (-2.30)          (0.14)         (-1.09)          (1.84)         (-1.16)          (0.05)         (-2.92)   

stpr_fac81          0.143          -0.180*         -0.152**        -0.107*        -0.0703         -0.0259          0.0390          -0.149***
                   (1.77)         (-2.26)         (-3.28)         (-2.30)         (-1.55)         (-0.65)          (0.84)         (-3.49)   

stpr_fac82         0.0237          -0.127         -0.0663          0.0194          0.0687           0.171***      -0.0888         -0.0859   
                   (0.23)         (-1.24)         (-1.12)          (0.33)          (1.19)          (3.33)         (-1.50)         (-1.57)   

stpr_fac83          0.352**         0.218           0.346***        0.105          0.0968          0.0641           0.110         0.00204   
                   (3.07)          (1.93)          (5.25)          (1.59)          (1.51)          (1.13)          (1.67)          (0.03)   

stpr_fac84         0.0648          -0.195           0.203**        -0.167*         0.0139          0.0501         -0.0933         -0.0928   
                   (0.52)         (-1.60)          (2.85)         (-2.35)          (0.20)          (0.82)         (-1.31)         (-1.41)   

stpr_fac85         0.0593         -0.0328          0.0520         -0.0107        -0.00942         0.00659          0.0628         -0.0419   
                   (0.65)         (-0.37)          (1.00)         (-0.21)         (-0.19)          (0.15)          (1.21)         (-0.87)   

stpr_fac86         0.0578         -0.0528         -0.0454         -0.0166         -0.0261          0.0128          0.0262         -0.0621   
                   (0.69)         (-0.64)         (-0.94)         (-0.35)         (-0.56)          (0.31)          (0.55)         (-1.40)   

stpr_fac87       -0.00190         -0.0433         -0.0234         -0.0172         -0.0327          0.0389          0.0219         -0.0277   
                  (-0.02)         (-0.49)         (-0.45)         (-0.33)         (-0.65)          (0.87)          (0.42)         (-0.58)   

stpr_fac88         -0.126          0.0116         -0.0202         -0.0168         -0.0141        -0.00699         -0.0732         -0.0340   
                  (-1.35)          (0.13)         (-0.38)         (-0.31)         (-0.27)         (-0.15)         (-1.37)         (-0.69)   

stpr_fac89        -0.0977          -0.154         -0.0668          -0.111         -0.0683         -0.0409         -0.0485         -0.0786   
                  (-0.95)         (-1.53)         (-1.14)         (-1.89)         (-1.19)         (-0.81)         (-0.83)         (-1.45)   

stpr_fac90       -0.00702          -0.140         -0.0450          -0.108          -0.101        -0.00808         -0.0190         -0.0877   
                  (-0.07)         (-1.44)         (-0.79)         (-1.91)         (-1.82)         (-0.17)         (-0.33)         (-1.67)   

stpr_fac91         0.0540         -0.0512        -0.00760         0.00115         -0.0746         -0.0104          0.0354         -0.0692   
                   (0.70)         (-0.67)         (-0.17)          (0.03)         (-1.73)         (-0.27)          (0.80)         (-1.70)   

stpr_fac92        -0.0280         -0.0137         -0.0601         0.00539         -0.0661          0.0253         -0.0246        0.000707   
                  (-0.35)         (-0.17)         (-1.30)          (0.12)         (-1.46)          (0.63)         (-0.53)          (0.02)   

stpr_fac93         0.0105          0.0548          0.0269          0.0500         -0.0270          0.0148          0.0162          0.0265   
                   (0.11)          (0.57)          (0.48)          (0.90)         (-0.50)          (0.31)          (0.29)          (0.52)   

stpr_fac94         0.0392           0.105         -0.0562         -0.0520         -0.0381          0.0525          0.0161          0.0140   
                   (0.42)          (1.16)         (-1.06)         (-0.98)         (-0.74)          (1.15)          (0.30)          (0.29)   

stpr_fac95        -0.0536         -0.0549         -0.0581         -0.0232         -0.0979         0.00320         -0.0612         -0.0536   
                  (-0.54)         (-0.56)         (-1.02)         (-0.41)         (-1.77)          (0.07)         (-1.08)         (-1.02)   

stpr_fac96          0.127*        -0.0535         -0.0204         -0.0159         -0.0912*        -0.0112          0.0147         -0.0652   
                   (1.97)         (-0.85)         (-0.56)         (-0.43)         (-2.54)         (-0.35)          (0.40)         (-1.92)   

stpr_fac97         -0.133         -0.0784        -0.00264         -0.0324         -0.0877         -0.0162         -0.0997         -0.0445   
                  (-1.39)         (-0.83)         (-0.05)         (-0.59)         (-1.65)         (-0.34)         (-1.82)         (-0.88)   

stpr_fac98         -0.154          -0.101         -0.0327         -0.0586         0.00331         -0.0566          -0.111         -0.0642   
                  (-1.26)         (-0.84)         (-0.47)         (-0.84)          (0.05)         (-0.94)         (-1.59)         (-1.00)   

stpr_fac99          0.200**       -0.0170          0.0295         0.00792         -0.0257          0.0711*         0.0919*        -0.0682   
                   (2.78)         (-0.24)          (0.72)          (0.19)         (-0.64)          (2.00)          (2.23)         (-1.80)   

stpr_fac100        0.0636          0.0893           0.220***       0.0108           0.130*        -0.0392         -0.0520          0.0390   
                   (0.61)          (0.87)          (3.68)          (0.18)          (2.22)         (-0.76)         (-0.87)          (0.71)   

stpr_fac101       0.00729       -0.000962          0.0575          0.0470          -0.120        -0.00505         -0.0223         -0.0418   
                   (0.06)         (-0.01)          (0.86)          (0.70)         (-1.85)         (-0.09)         (-0.33)         (-0.68)   

stpr_fac102         0.585***        0.175*          0.229***        0.310***        0.138**         0.125**         0.218***      -0.0225   
                   (6.83)          (2.07)          (4.66)          (6.30)          (2.88)          (2.97)          (4.43)         (-0.50)   

stpr_fac103         0.151*        -0.0760         0.00423         -0.0181        -0.00904          0.0347          0.0385         -0.0866*  
                   (2.17)         (-1.11)          (0.11)         (-0.45)         (-0.23)          (1.01)          (0.97)         (-2.36)   

_cons             -0.0229          0.0604          0.0127          0.0282          0.0508        -0.00656         0.00146          0.0621   
                  (-0.29)          (0.79)          (0.29)          (0.63)          (1.17)         (-0.17)          (0.03)          (1.52)   
--------------------------------------------------------------------------------------------------------------------------------------------
N                    1211            1211            1211            1211            1211            1211            1211            1211   
R-sq                0.283           0.227           0.368           0.308           0.274           0.190           0.252           0.231   
--------------------------------------------------------------------------------------------------------------------------------------------
t statistics in parentheses
* p<0.05, ** p<0.01, *** p<0.001
