--------------------------------------------------------------------------------------------------------------------------------------------
                      (1)             (2)             (3)             (4)             (5)             (6)             (7)             (8)   
             avwage_bac~d    avwage_pre~t    pop_backward     pop_predict    wagebill_b~d    wagebill_p~t    wageemp_ba~d    wageemp_pr~t   
--------------------------------------------------------------------------------------------------------------------------------------------
lncedc93di~e       0.0231         0.00951        -0.00523        0.000915          0.0129          0.0560        -0.00466          0.0153   
                   (1.77)          (0.82)         (-0.48)          (0.08)          (0.45)          (1.90)         (-0.20)          (0.64)   

stpr_fac1         -0.0199         -0.0206         -0.0611         -0.0359          0.0253           0.134          0.0244          0.0651   
                  (-0.52)         (-0.60)         (-1.89)         (-1.09)          (0.30)          (1.53)          (0.35)          (0.91)   

stpr_fac2         -0.0269         -0.0516          0.0334          0.0300          0.0795           0.129          0.0879           0.102   
                  (-0.88)         (-1.91)          (1.31)          (1.16)          (1.19)          (1.87)          (1.60)          (1.82)   

stpr_fac3         -0.0466         -0.0302         -0.0167        -0.00774          0.0497          0.0963          0.0663          0.0322   
                  (-1.28)         (-0.93)         (-0.55)         (-0.25)          (0.63)          (1.17)          (1.01)          (0.48)   

stpr_fac4        -0.00839         -0.0812*         0.0231          0.0161          0.0259           0.122          0.0271           0.112   
                  (-0.22)         (-2.36)          (0.71)          (0.49)          (0.31)          (1.39)          (0.39)          (1.56)   

stpr_fac5         -0.0134         0.00201         -0.0360           0.171***       -0.193*          0.103          -0.255**        0.0209   
                  (-0.30)          (0.05)         (-0.96)          (4.49)         (-1.97)          (1.02)         (-3.17)          (0.25)   

stpr_fac6          0.0611          0.0199           0.144**        0.0460           0.117           0.234          0.0427           0.111   
                   (0.92)          (0.34)          (2.60)          (0.82)          (0.81)          (1.55)          (0.36)          (0.91)   

stpr_fac7          0.0926         -0.0414          0.0482         -0.0158           0.142           0.288**        0.0958           0.238** 
                   (1.93)         (-0.98)          (1.20)         (-0.39)          (1.36)          (2.66)          (1.12)          (2.70)   

stpr_fac8          0.0228         -0.0768*         0.0807*         0.0438         -0.0106         0.00985          -0.118          0.0262   
                   (0.55)         (-2.10)          (2.34)          (1.25)         (-0.12)          (0.11)         (-1.60)          (0.34)   

stpr_fac9          0.0317          0.0145         0.00485         -0.0138          0.0807           0.264**        0.0600           0.172*  
                   (0.86)          (0.44)          (0.16)         (-0.44)          (1.00)          (3.15)          (0.90)          (2.52)   

stpr_fac10        -0.0752         -0.0641         -0.0512         -0.0576          0.0450           0.156         0.00269          0.0799   
                  (-1.90)         (-1.83)         (-1.55)         (-1.72)          (0.52)          (1.74)          (0.04)          (1.10)   

stpr_fac11        0.00204         -0.0282         0.00123          0.0399          0.0581           0.235**        0.0587           0.153*  
                   (0.06)         (-0.97)          (0.04)          (1.44)          (0.82)          (3.17)          (1.00)          (2.54)   

stpr_fac12         0.0411          0.0303          0.0679*         0.0646*        -0.0314           0.268**       -0.0521           0.181** 
                   (1.12)          (0.93)          (2.21)          (2.08)         (-0.39)          (3.22)         (-0.79)          (2.67)   

stpr_fac13         0.0283         -0.0202          -0.134***      -0.0647          0.0859       -0.000535          0.0128          0.0242   
                   (0.62)         (-0.50)         (-3.53)         (-1.68)          (0.87)         (-0.01)          (0.16)          (0.29)   

stpr_fac14       -0.00130         -0.0381         -0.0198          0.0122           0.257*          0.259*          0.220*          0.193*  
                  (-0.02)         (-0.82)         (-0.45)          (0.28)          (2.26)          (2.20)          (2.36)          (2.01)   

stpr_fac15         0.0122         -0.0585         -0.0398         -0.0444          0.0867           0.275**        0.0440           0.223** 
                   (0.28)         (-1.50)         (-1.08)         (-1.19)          (0.90)          (2.76)          (0.56)          (2.76)   

stpr_fac16         0.0352          -0.128**        0.0551         -0.0330           0.137           0.136          0.0851           0.162   
                   (0.77)         (-3.15)          (1.43)         (-0.85)          (1.37)          (1.31)          (1.03)          (1.92)   

stpr_fac17         0.0709        -0.00207          0.0313          0.0658           0.142           0.398**        0.0613           0.249*  
                   (1.28)         (-0.04)          (0.67)          (1.40)          (1.17)          (3.16)          (0.62)          (2.44)   

stpr_fac18         0.0405         -0.0228          0.0195          0.0959*        -0.0599           0.288*        -0.0709           0.169   
                   (0.77)         (-0.49)          (0.44)          (2.15)         (-0.52)          (2.42)         (-0.75)          (1.74)   

stpr_fac19          0.127*         0.0268         0.00762          0.0967*          0.212           0.359**         0.149           0.243*  
                   (2.23)          (0.53)          (0.16)          (2.01)          (1.70)          (2.79)          (1.46)          (2.32)   

stpr_fac20         0.0751*        -0.0317          0.0327          0.0972***       0.0512           0.203**       -0.0399           0.173** 
                   (2.17)         (-1.03)          (1.13)          (3.31)          (0.68)          (2.59)         (-0.64)          (2.72)   

stpr_fac21         0.0740        -0.00525          0.0915*          0.108*          0.197           0.343**        0.0979           0.204*  
                   (1.36)         (-0.11)          (2.00)          (2.34)          (1.66)          (2.77)          (1.00)          (2.02)   

stpr_fac22        0.00487         -0.0450          0.0266          0.0395          0.0620           0.235*         0.0328           0.179*  
                   (0.12)         (-1.21)          (0.76)          (1.11)          (0.67)          (2.46)          (0.43)          (2.30)   

stpr_fac23         0.0613          0.0992*       -0.00617          0.0211         0.00257           0.369**       -0.0246           0.239*  
                   (1.13)          (2.07)         (-0.14)          (0.46)          (0.02)          (3.01)         (-0.25)          (2.39)   

stpr_fac24         0.0338         -0.0359        -0.00256          0.0262          0.0258           0.298*        0.00148           0.202*  
                   (0.61)         (-0.72)         (-0.05)          (0.55)          (0.21)          (2.35)          (0.01)          (1.97)   

stpr_fac25        -0.0345        -0.00657          0.0385          0.0708*         0.0816           0.195*         0.0923           0.118   
                  (-0.88)         (-0.19)          (1.17)          (2.13)          (0.95)          (2.19)          (1.31)          (1.63)   

stpr_fac26       -0.00434          0.0677          0.0351          0.0632       -0.000700           0.253         -0.0226           0.160   
                  (-0.07)          (1.17)          (0.64)          (1.15)         (-0.00)          (1.71)         (-0.19)          (1.34)   

stpr_fac27        -0.0137         -0.0166          0.0385          0.0511          0.0181           0.222          0.0130           0.148   
                  (-0.21)         (-0.28)          (0.70)          (0.91)          (0.13)          (1.48)          (0.11)          (1.22)   

stpr_fac28        -0.0331         -0.0349          0.0464          0.0329          0.0114           0.153*         0.0160           0.110   
                  (-1.02)         (-1.22)          (1.71)          (1.20)          (0.16)          (2.09)          (0.28)          (1.84)   

stpr_fac29         0.0615         -0.0187          0.0580          0.0689           0.248*          0.427***        0.134           0.293***
                   (1.34)         (-0.46)          (1.51)          (1.77)          (2.48)          (4.12)          (1.62)          (3.47)   

stpr_fac30        -0.0215         -0.0243        -0.00684          0.0296         -0.0346           0.237**       -0.0207           0.151*  
                  (-0.54)         (-0.69)         (-0.21)          (0.88)         (-0.40)          (2.64)         (-0.29)          (2.07)   

stpr_fac31         0.0506          0.0169          0.0394          0.0679           0.134           0.323**        0.0721           0.200*  
                   (1.16)          (0.44)          (1.08)          (1.84)          (1.40)          (3.27)          (0.92)          (2.48)   

stpr_fac32         0.0252          0.0262        -0.00920          0.0151          0.0564           0.319***     0.000898           0.153*  
                   (0.69)          (0.81)         (-0.30)          (0.49)          (0.71)          (3.88)          (0.01)          (2.28)   

stpr_fac33        -0.0184         -0.0710          -0.260***      -0.0391          0.0583           0.180        -0.00471           0.110   
                  (-0.37)         (-1.62)         (-6.26)         (-0.93)          (0.54)          (1.60)         (-0.05)          (1.21)   

stpr_fac34        -0.0532         -0.0398         0.00295          0.0575         -0.0217           0.267**       -0.0144           0.156*  
                  (-1.41)         (-1.19)          (0.09)          (1.80)         (-0.26)          (3.12)         (-0.21)          (2.25)   

o.stpr_fac35            0               0               0               0               0               0               0               0   
                      (.)             (.)             (.)             (.)             (.)             (.)             (.)             (.)   

stpr_fac36        -0.0873*        -0.0569          0.0426          0.0572         -0.0819          0.0849         -0.0284          0.0675   
                  (-2.31)         (-1.70)          (1.35)          (1.79)         (-0.99)          (0.99)         (-0.42)          (0.97)   

stpr_fac37        -0.0220          0.0618         -0.0541         -0.0375          -0.169           0.276**        -0.145           0.148   
                  (-0.51)          (1.60)         (-1.49)         (-1.02)         (-1.78)          (2.80)         (-1.86)          (1.85)   

stpr_fac38         0.0364         -0.0643        -0.00137          0.0156           0.165           0.281**        0.0917           0.196*  
                   (0.87)         (-1.73)         (-0.04)          (0.44)          (1.80)          (2.95)          (1.22)          (2.53)   

stpr_fac39         0.0258          0.0415         -0.0107          0.0249          0.0860           0.236*         0.0352           0.158*  
                   (0.64)          (1.16)         (-0.32)          (0.72)          (0.97)          (2.58)          (0.48)          (2.11)   

stpr_fac40         0.0932*        -0.0739         -0.0191         -0.0256           0.142           0.192          0.0504          0.0572   
                   (2.01)         (-1.80)         (-0.49)         (-0.65)          (1.41)          (1.83)          (0.61)          (0.67)   

stpr_fac41        0.00402         -0.0417         -0.0294         -0.0158         -0.0187           0.284**       -0.0384           0.206** 
                   (0.10)         (-1.20)         (-0.90)         (-0.48)         (-0.22)          (3.21)         (-0.55)          (2.86)   

stpr_fac42        -0.0342        -0.00980          0.0458          0.0491           0.161*          0.345***       0.0966           0.218***
                  (-0.96)         (-0.31)          (1.54)          (1.63)          (2.08)          (4.29)          (1.52)          (3.33)   

stpr_fac43        0.00649          0.0235         -0.0123        -0.00290          0.0749           0.180*         0.0280           0.111   
                   (0.19)          (0.77)         (-0.42)         (-0.10)          (0.99)          (2.31)          (0.45)          (1.75)   

stpr_fac44       -0.00309         0.00263          0.0521          0.0667*         0.0507           0.211*         0.0697           0.150*  
                  (-0.08)          (0.08)          (1.62)          (2.05)          (0.60)          (2.43)          (1.01)          (2.13)   

stpr_fac45        -0.0494         0.00418          0.0278          0.0520*         0.0723           0.158*        0.00305           0.141*  
                  (-1.60)          (0.15)          (1.07)          (1.98)          (1.07)          (2.26)          (0.05)          (2.48)   

stpr_fac46        -0.0464         -0.0416          0.0218          0.0210         -0.0100          0.0160          0.0404          0.0855   
                  (-1.14)         (-1.15)          (0.64)          (0.61)         (-0.11)          (0.17)          (0.55)          (1.14)   

stpr_fac47        0.00917         -0.0329          0.0251          0.0311          0.0180           0.205*         0.0121           0.123   
                   (0.25)         (-1.02)          (0.82)          (1.01)          (0.23)          (2.48)          (0.19)          (1.84)   

stpr_fac48        -0.0277         -0.0254         -0.0298        -0.00935           0.136           0.449***        0.131*          0.378***
                  (-0.78)         (-0.80)         (-1.00)         (-0.31)          (1.74)          (5.55)          (2.05)          (5.75)   

stpr_fac49        -0.0619          -0.218***      -0.0429          -0.130**        -0.462***       -0.205          -0.364***      -0.0912   
                  (-1.33)         (-5.29)         (-1.10)         (-3.30)         (-4.55)         (-1.94)         (-4.37)         (-1.07)   

stpr_fac50        -0.0491         -0.0130        -0.00218         0.00997          0.0815           0.267**        0.0645           0.234** 
                  (-1.14)         (-0.34)         (-0.06)          (0.27)          (0.87)          (2.73)          (0.83)          (2.95)   

stpr_fac51         0.0122         -0.0391         -0.0289         0.00235         -0.0210           0.161*        -0.0227           0.142*  
                   (0.35)         (-1.26)         (-0.98)          (0.08)         (-0.27)          (2.02)         (-0.36)          (2.20)   

stpr_fac52        -0.0493         -0.0444         -0.0176          0.0299         -0.0437           0.147*        -0.0383          0.0965   
                  (-1.55)         (-1.58)         (-0.66)          (1.11)         (-0.63)          (2.04)         (-0.67)          (1.65)   

stpr_fac53         0.0826*         0.0283          0.0242         0.00377           0.108           0.245**        0.0145           0.123   
                   (2.34)          (0.90)          (0.82)          (0.13)          (1.40)          (3.07)          (0.23)          (1.90)   

stpr_fac54        -0.0247         -0.0293          0.0172          0.0574           0.171           0.147          0.0948          0.0835   
                  (-0.55)         (-0.73)          (0.46)          (1.50)          (1.74)          (1.44)          (1.17)          (1.01)   

stpr_fac55        -0.0633         -0.0306          0.0112          0.0242          0.0248           0.110          0.0650          0.0878   
                  (-1.94)         (-1.06)          (0.41)          (0.88)          (0.35)          (1.49)          (1.11)          (1.46)   

stpr_fac56         0.0158         -0.0483         -0.0253         -0.0279          0.0883           0.258***       0.0471           0.225***
                   (0.49)         (-1.70)         (-0.94)         (-1.03)          (1.26)          (3.55)          (0.82)          (3.81)   

stpr_fac57        -0.0410         -0.0612          0.0127          0.0358         -0.0480          0.0506          0.0123          0.0599   
                  (-0.87)         (-1.47)          (0.32)          (0.90)         (-0.47)          (0.48)          (0.15)          (0.69)   

stpr_fac58        -0.0984*        -0.0440          0.0261          0.0527         -0.0648          0.0361         -0.0464          0.0400   
                  (-2.11)         (-1.07)          (0.67)          (1.34)         (-0.64)          (0.34)         (-0.56)          (0.47)   

stpr_fac59         0.0442         -0.0526         -0.0127         0.00552          0.0286           0.139         -0.0243           0.101   
                   (1.27)         (-1.70)         (-0.43)          (0.19)          (0.38)          (1.77)         (-0.39)          (1.58)   

stpr_fac60        -0.0112         -0.0452         -0.0354        -0.00489          0.0402           0.165*         0.0199           0.150*  
                  (-0.34)         (-1.56)         (-1.30)         (-0.18)          (0.57)          (2.24)          (0.34)          (2.50)   

stpr_fac61         0.0107         -0.0918*       0.000432         0.00719          -0.118           0.186         -0.0831           0.147   
                   (0.24)         (-2.32)          (0.01)          (0.19)         (-1.21)          (1.83)         (-1.04)          (1.79)   

stpr_fac62         0.0208         -0.0401          0.0356          0.0466          0.0770           0.257**        0.0246           0.168*  
                   (0.50)         (-1.08)          (1.02)          (1.32)          (0.84)          (2.71)          (0.33)          (2.18)   

stpr_fac63         0.0473          -0.169***      -0.0445         -0.0985*        -0.0146           0.346**       -0.0308           0.189*  
                   (0.94)         (-3.79)         (-1.06)         (-2.31)         (-0.13)          (3.03)         (-0.34)          (2.04)   

stpr_fac64          0.102          0.0644         -0.0318         -0.0138        -0.00931           0.427***      -0.0373           0.254*  
                   (1.79)          (1.27)         (-0.67)         (-0.29)         (-0.07)          (3.30)         (-0.36)          (2.42)   

stpr_fac65         0.0490         -0.0161         -0.0177         0.00306           0.185           0.290*          0.112           0.163   
                   (0.86)         (-0.32)         (-0.37)          (0.06)          (1.48)          (2.24)          (1.09)          (1.55)   

stpr_fac66        -0.0178          0.0128         -0.0373          0.0137          0.0360           0.155           0.120          0.0778   
                  (-0.29)          (0.23)         (-0.72)          (0.26)          (0.27)          (1.11)          (1.08)          (0.68)   

stpr_fac67         0.0357         -0.0128          0.0198          0.0475           0.209           0.329*          0.159           0.226*  
                   (0.63)         (-0.25)          (0.42)          (0.99)          (1.68)          (2.56)          (1.56)          (2.16)   

o.stpr_fac68            0               0               0               0               0               0               0               0   
                      (.)             (.)             (.)             (.)             (.)             (.)             (.)             (.)   

stpr_fac69       -0.00503         -0.0155          0.0370          0.0431          0.0820           0.241*         0.0886           0.168*  
                  (-0.11)         (-0.40)          (1.01)          (1.16)          (0.86)          (2.43)          (1.13)          (2.09)   

stpr_fac70        -0.0608         -0.0452         -0.0563         -0.0314          0.0792           0.179*         0.0973           0.117   
                  (-1.63)         (-1.37)         (-1.80)         (-0.99)          (0.97)          (2.12)          (1.45)          (1.70)   

stpr_fac71          0.134        -0.00484         -0.0322         0.00734           0.109           0.431*         0.0106           0.174   
                   (1.81)         (-0.07)         (-0.52)          (0.12)          (0.68)          (2.58)          (0.08)          (1.28)   

stpr_fac72         0.0696          0.0245         -0.0618         -0.0165         -0.0300           0.412*        -0.0837           0.178   
                   (0.94)          (0.37)         (-1.00)         (-0.26)         (-0.19)          (2.46)         (-0.63)          (1.31)   

stpr_fac73        -0.0121        -0.00144          0.0481          0.0544           0.126           0.498***       0.0942           0.316** 
                  (-0.22)         (-0.03)          (1.04)          (1.17)          (1.04)          (4.00)          (0.95)          (3.12)   

stpr_fac74         0.0205         -0.0476          0.0110          0.0192          0.0761           0.244**        0.0797           0.188** 
                   (0.55)         (-1.43)          (0.35)          (0.60)          (0.93)          (2.87)          (1.18)          (2.71)   

stpr_fac75         0.0436          -0.105*        -0.0406         -0.0306           0.119          0.0897          0.0369          0.0715   
                   (0.91)         (-2.47)         (-1.01)         (-0.75)          (1.13)          (0.83)          (0.43)          (0.81)   

stpr_fac76         0.0521          0.0745          0.0635          0.0691          0.0515           0.242         -0.0471           0.164   
                   (0.94)          (1.53)          (1.38)          (1.48)          (0.43)          (1.94)         (-0.48)          (1.61)   

stpr_fac77         0.0415         0.00955          -0.119**       -0.0159          0.0544           0.615***       0.0131           0.497***
                   (0.76)          (0.20)         (-2.59)         (-0.34)          (0.45)          (4.95)          (0.13)          (4.91)   

stpr_fac78         0.0905*        -0.0406          0.0394          0.0256          0.0333           0.259**        0.0134           0.178*  
                   (2.18)         (-1.10)          (1.13)          (0.73)          (0.37)          (2.75)          (0.18)          (2.33)   

stpr_fac79         0.0466          0.0736         -0.0472          0.0510          0.0852           0.361**        0.0266           0.185   
                   (0.82)          (1.46)         (-0.99)          (1.05)          (0.68)          (2.79)          (0.26)          (1.76)   

stpr_fac80        0.00144         -0.0408        -0.00275         -0.0219          0.0500           0.203*         0.0172           0.158*  
                   (0.04)         (-1.22)         (-0.09)         (-0.69)          (0.61)          (2.37)          (0.25)          (2.28)   

stpr_fac81        0.00857         -0.0375         -0.0555         -0.0215         -0.0995           0.188*         -0.111           0.107   
                   (0.21)         (-1.06)         (-1.66)         (-0.63)         (-1.14)          (2.08)         (-1.55)          (1.46)   

stpr_fac82         0.0980*          0.131***    -0.000292       -0.000746           0.135           0.234*         0.0489           0.141   
                   (2.21)          (3.35)         (-0.01)         (-0.02)          (1.40)          (2.33)          (0.62)          (1.72)   

stpr_fac83         0.0267        -0.00755           0.185***        0.137***        0.201           0.240*          0.218*          0.166   
                   (0.56)         (-0.18)          (4.62)          (3.39)          (1.93)          (2.21)          (2.54)          (1.89)   

stpr_fac84        -0.0728         -0.0163          0.0913**       -0.0588         -0.0207          0.0656        -0.00277          0.0420   
                  (-1.84)         (-0.46)          (2.75)         (-1.75)         (-0.24)          (0.73)         (-0.04)          (0.57)   

stpr_fac85        -0.0139         0.00344        -0.00550          0.0375         0.00724           0.171        0.000487           0.129   
                  (-0.35)          (0.10)         (-0.16)          (1.10)          (0.08)          (1.88)          (0.01)          (1.74)   

stpr_fac86         0.0285         -0.0255       -0.000378          0.0273         -0.0182           0.166         -0.0119          0.0295   
                   (0.65)         (-0.65)         (-0.01)          (0.73)         (-0.19)          (1.66)         (-0.15)          (0.36)   

stpr_fac87         0.0369        -0.00693         -0.0282         0.00913           0.173*          0.305***        0.134           0.198** 
                   (0.95)         (-0.20)         (-0.87)          (0.28)          (2.05)          (3.47)          (1.92)          (2.77)   

stpr_fac88         0.0170         -0.0707*         0.0503          0.0483           0.170*          0.180*         0.0291          0.0333   
                   (0.54)         (-2.54)          (1.92)          (1.82)          (2.49)          (2.54)          (0.52)          (0.58)   

stpr_fac89        -0.0256         -0.0469         -0.0389         -0.0265          0.0198           0.225**        0.0157           0.107   
                  (-0.76)         (-1.57)         (-1.38)         (-0.93)          (0.27)          (2.95)          (0.26)          (1.74)   

stpr_fac90       -0.00108         -0.0315        -0.00983         -0.0390          0.0322           0.247*        -0.0214           0.204*  
                  (-0.03)         (-0.83)         (-0.27)         (-1.07)          (0.34)          (2.54)         (-0.28)          (2.58)   

stpr_fac91        -0.0139         -0.0266          0.0173          0.0430          0.0828           0.249**        0.0628           0.160*  
                  (-0.40)         (-0.87)          (0.60)          (1.48)          (1.10)          (3.20)          (1.02)          (2.54)   

stpr_fac92        0.00395      -0.0000349         -0.0208         0.00921         -0.0754           0.243**       -0.0932           0.165*  
                   (0.11)         (-0.00)         (-0.70)          (0.31)         (-0.97)          (3.03)         (-1.47)          (2.53)   

stpr_fac93         0.0282        -0.00494          0.0148          0.0529         -0.0348           0.130         -0.0492          0.0876   
                   (0.88)         (-0.17)          (0.55)          (1.94)         (-0.50)          (1.78)         (-0.85)          (1.48)   

stpr_fac94        -0.0126          0.0241         -0.0140          0.0322       -0.000386           0.204*         0.0216           0.151*  
                  (-0.35)          (0.75)         (-0.46)          (1.04)         (-0.00)          (2.48)          (0.33)          (2.26)   

stpr_fac95        -0.0103         -0.0423          0.0112          0.0248          0.0603           0.175          0.0343           0.142   
                  (-0.26)         (-1.18)          (0.33)          (0.73)          (0.68)          (1.92)          (0.47)          (1.91)   

stpr_fac96         0.0195          0.0273          0.0227          0.0356          -0.117           0.193         -0.0788           0.127   
                   (0.44)          (0.70)          (0.61)          (0.95)         (-1.21)          (1.92)         (-0.99)          (1.56)   

stpr_fac97        0.00361         -0.0714**        0.0165        -0.00122           0.127*          0.137*         0.0871           0.131*  
                   (0.12)         (-2.74)          (0.67)         (-0.05)          (1.97)          (2.06)          (1.65)          (2.42)   

stpr_fac98        0.00736         -0.0937***      0.00955         0.00113          0.0363           0.117         0.00862           0.156** 
                   (0.24)         (-3.40)          (0.37)          (0.04)          (0.54)          (1.66)          (0.15)          (2.71)   

stpr_fac99         0.0896          0.0756          0.0217          0.0513         -0.0403           0.235*        -0.0436           0.161   
                   (1.83)          (1.74)          (0.53)          (1.24)         (-0.38)          (2.12)         (-0.50)          (1.79)   

stpr_fac100      -0.00679         -0.0373           0.108**        0.0266           0.219*          0.126           0.211**        0.0814   
                  (-0.17)         (-1.06)          (3.25)          (0.79)          (2.53)          (1.40)          (2.96)          (1.11)   

stpr_fac101       -0.0530         -0.0152          0.0702*         0.0687           0.209*          0.205*          0.255***        0.157*  
                  (-1.28)         (-0.41)          (2.02)          (1.95)          (2.31)          (2.18)          (3.42)          (2.05)   

stpr_fac102         0.189**        0.0460           0.140*          0.205***        0.315*          0.609***        0.120           0.381** 
                   (2.91)          (0.80)          (2.58)          (3.71)          (2.21)          (4.13)          (1.03)          (3.18)   

stpr_fac103        0.0635          0.0249          0.0194          0.0469          0.0760           0.387***       0.0519           0.244** 
                   (1.48)          (0.66)          (0.54)          (1.29)          (0.81)          (3.99)          (0.68)          (3.09)   

_cons            -0.00578          0.0208        -0.00782         -0.0256         -0.0570          -0.214**       -0.0352          -0.143*  
                  (-0.19)          (0.78)         (-0.31)         (-1.00)         (-0.86)         (-3.14)         (-0.65)         (-2.58)   
--------------------------------------------------------------------------------------------------------------------------------------------
N                    1211            1211            1211            1211            1211            1211            1211            1211   
R-sq                0.190           0.268           0.292           0.284           0.225           0.180           0.219           0.180   
--------------------------------------------------------------------------------------------------------------------------------------------
t statistics in parentheses
* p<0.05, ** p<0.01, *** p<0.001
