--------------------------------------------------------------------------------------------------------------------------------------------
                      (1)             (2)             (3)             (4)             (5)             (6)             (7)             (8)   
             avwage_bac~d    avwage_pre~t    pop_backward     pop_predict    wagebill_b~d    wagebill_p~t    wageemp_ba~d    wageemp_pr~t   
--------------------------------------------------------------------------------------------------------------------------------------------
lncedpi95d~e      -0.0182          0.0430         -0.0390         -0.0304          0.0405           0.137          0.0351          0.0945   
                  (-0.21)          (0.48)         (-0.50)         (-0.38)          (0.20)          (0.70)          (0.21)          (0.61)   

stpr_fac1          0.0512         -0.0129         -0.0876*        -0.0485          0.0298          -0.158         -0.0257          -0.157*  
                   (1.23)         (-0.31)         (-2.37)         (-1.28)          (0.30)         (-1.71)         (-0.33)         (-2.14)   

stpr_fac2          0.0223         -0.0197         0.00289         -0.0147          0.0203         -0.0356        -0.00435         -0.0242   
                   (0.50)         (-0.43)          (0.07)         (-0.36)          (0.19)         (-0.36)         (-0.05)         (-0.31)   

stpr_fac3        -0.00939         -0.0135         -0.0459         -0.0548         0.00151          -0.184        -0.00388          -0.146   
                  (-0.18)         (-0.25)         (-0.99)         (-1.16)          (0.01)         (-1.58)         (-0.04)         (-1.58)   

stpr_fac4          0.0586         -0.0840*       -0.00827        -0.00143         -0.0189         -0.0984         -0.0627         -0.0187   
                   (1.44)         (-2.03)         (-0.23)         (-0.04)         (-0.20)         (-1.08)         (-0.81)         (-0.26)   

stpr_fac5          0.0470         -0.0522          0.0258          0.0839          -0.155         -0.0335          -0.223         -0.0943   
                   (0.78)         (-0.85)          (0.48)          (1.53)         (-1.09)         (-0.25)         (-1.95)         (-0.89)   

stpr_fac6           0.104         -0.0262           0.140*       -0.00283          0.0311         -0.0985         -0.0305         -0.0840   
                   (1.61)         (-0.40)          (2.44)         (-0.05)          (0.20)         (-0.68)         (-0.25)         (-0.74)   

stpr_fac7         0.00753        -0.00678        0.000515         -0.0827          0.0561         -0.0898          0.0658         -0.0412   
                   (0.15)         (-0.13)          (0.01)         (-1.81)          (0.47)         (-0.80)          (0.69)         (-0.46)   

stpr_fac8          0.0335         -0.0754        0.000684          0.0291         -0.0571         -0.0799          -0.140         -0.0459   
                   (0.66)         (-1.46)          (0.02)          (0.63)         (-0.48)         (-0.71)         (-1.45)         (-0.51)   

stpr_fac9          0.0686         0.00398         -0.0427         -0.0449          0.0413        -0.00996         -0.0177         -0.0128   
                   (1.70)          (0.10)         (-1.19)         (-1.23)          (0.44)         (-0.11)         (-0.23)         (-0.18)   

stpr_fac10        -0.0653          0.0267         -0.0921*        -0.0935*        -0.0252         -0.0533         -0.0689         -0.0608   
                  (-1.29)          (0.52)         (-2.04)         (-2.03)         (-0.21)         (-0.47)         (-0.72)         (-0.68)   

stpr_fac11         0.0152         -0.0195         -0.0190         0.00221          0.0155         -0.0127         -0.0165         -0.0191   
                   (0.35)         (-0.45)         (-0.50)          (0.06)          (0.15)         (-0.13)         (-0.20)         (-0.25)   

stpr_fac12         0.0741          0.0627          0.0312          0.0278        0.000506          0.0124         -0.0427         -0.0129   
                   (1.65)          (1.37)          (0.78)          (0.68)          (0.00)          (0.12)         (-0.50)         (-0.16)   

stpr_fac13         0.0251         -0.0103          -0.167***      -0.0784         -0.0236          -0.181         -0.0392          -0.100   
                   (0.52)         (-0.21)         (-3.93)         (-1.81)         (-0.21)         (-1.70)         (-0.43)         (-1.18)   

stpr_fac14         0.0386        -0.00963         -0.0341        -0.00615           0.150          0.0248          0.0744          0.0154   
                   (0.68)         (-0.17)         (-0.67)         (-0.12)          (1.12)          (0.19)          (0.69)          (0.15)   

stpr_fac15        -0.0287         -0.0205         -0.0627         -0.0409         -0.0432         -0.0180         -0.0319          0.0173   
                  (-0.61)         (-0.43)         (-1.49)         (-0.95)         (-0.39)         (-0.17)         (-0.36)          (0.21)   

stpr_fac16        -0.0446         -0.0599         -0.0355         -0.0604         -0.0841          -0.185         -0.0455          -0.114   
                  (-0.95)         (-1.26)         (-0.85)         (-1.42)         (-0.76)         (-1.78)         (-0.51)         (-1.38)   

stpr_fac17         0.0645         -0.0172         0.00452          0.0305          0.0752          0.0503         0.00301          0.0668   
                   (1.34)         (-0.35)          (0.11)          (0.70)          (0.66)          (0.47)          (0.03)          (0.78)   

stpr_fac18         0.0779         -0.0442          0.0396          0.0684         -0.0593         -0.0414          -0.133          0.0267   
                   (1.62)         (-0.90)          (0.92)          (1.56)         (-0.52)         (-0.38)         (-1.46)          (0.31)   

stpr_fac19          0.140*        -0.0303         -0.0112          0.0345           0.122          0.0549          0.0760          0.0976   
                   (2.56)         (-0.55)         (-0.23)          (0.70)          (0.95)          (0.45)          (0.73)          (1.01)   

stpr_fac20         0.0588         -0.0245        -0.00582          0.0596        -0.00122          0.0495         -0.0628          0.0706   
                   (1.14)         (-0.46)         (-0.13)          (1.27)         (-0.01)          (0.43)         (-0.64)          (0.77)   

stpr_fac21         0.0758        -0.00587          0.0555           0.109**         0.109          0.0753          0.0245          0.0727   
                   (1.79)         (-0.14)          (1.48)          (2.83)          (1.09)          (0.80)          (0.30)          (0.97)   

stpr_fac22         0.0265         -0.0393        -0.00358         0.00300          0.0431        -0.00970          0.0103         -0.0285   
                   (0.53)         (-0.78)         (-0.08)          (0.07)          (0.37)         (-0.09)          (0.11)         (-0.32)   

stpr_fac23          0.130*         0.0893         -0.0346         -0.0260        -0.00673           0.153         -0.0297          0.0906   
                   (2.35)          (1.59)         (-0.70)         (-0.52)         (-0.05)          (1.25)         (-0.28)          (0.93)   

stpr_fac24         0.0515         -0.0663         -0.0234         -0.0301          0.0514         -0.0603         0.00393        -0.00930   
                   (0.94)         (-1.19)         (-0.48)         (-0.60)          (0.40)         (-0.49)          (0.04)         (-0.10)   

stpr_fac25         0.0300          0.0197          0.0156          0.0253          0.0941         -0.0225          0.0582         -0.0194   
                   (0.52)          (0.34)          (0.31)          (0.49)          (0.70)         (-0.18)          (0.54)         (-0.19)   

stpr_fac26         0.0154           0.105          0.0149          0.0203         -0.0826          0.0939         -0.0844          0.0571   
                   (0.22)          (1.44)          (0.23)          (0.31)         (-0.49)          (0.59)         (-0.62)          (0.45)   

o.stpr_fac27            0               0               0               0               0               0               0               0   
                      (.)             (.)             (.)             (.)             (.)             (.)             (.)             (.)   

stpr_fac28        0.00865         -0.0109        -0.00601         -0.0305         -0.0185        -0.00318         -0.0430         0.00442   
                   (0.15)         (-0.19)         (-0.12)         (-0.58)         (-0.14)         (-0.02)         (-0.39)          (0.04)   

stpr_fac29         0.0732         -0.0388         0.00652          0.0264           0.261           0.168           0.171           0.120   
                   (1.22)         (-0.63)          (0.12)          (0.48)          (1.85)          (1.25)          (1.50)          (1.13)   

stpr_fac30        0.00151         0.00976         -0.0288         -0.0136          0.0232          0.0292          0.0189          0.0155   
                   (0.03)          (0.17)         (-0.58)         (-0.27)          (0.18)          (0.24)          (0.18)          (0.16)   

stpr_fac31         0.0393        -0.00319          0.0128          0.0428          0.0339          0.0501         0.00237          0.0461   
                   (0.95)         (-0.08)          (0.35)          (1.14)          (0.35)          (0.54)          (0.03)          (0.63)   

stpr_fac32         0.0685         -0.0174         -0.0404         -0.0301          0.0631        -0.00313         -0.0219         -0.0371   
                   (1.78)         (-0.44)         (-1.18)         (-0.86)          (0.70)         (-0.04)         (-0.30)         (-0.55)   

stpr_fac33        -0.0300          -0.102         -0.0756         0.00585         -0.0132          -0.144         -0.0608          -0.117   
                  (-0.52)         (-1.73)         (-1.47)          (0.11)         (-0.10)         (-1.12)         (-0.56)         (-1.15)   

stpr_fac34         0.0163         -0.0725          0.0193          0.0297          0.0721         -0.0476          0.0149         -0.0719   
                   (0.36)         (-1.58)          (0.48)          (0.73)          (0.68)         (-0.47)          (0.17)         (-0.90)   

stpr_fac35         0.0178          0.0350         -0.0473         -0.0416         0.00233         -0.0280         -0.0432         -0.0735   
                   (0.40)          (0.76)         (-1.18)         (-1.02)          (0.02)         (-0.28)         (-0.51)         (-0.92)   

stpr_fac36         0.0389         -0.0675          0.0448          0.0338         -0.0929          -0.150          -0.105          -0.145   
                   (0.72)         (-1.23)          (0.93)          (0.69)         (-0.73)         (-1.25)         (-1.03)         (-1.52)   

stpr_fac37          0.104*        -0.0430         -0.0781         -0.0665         -0.0508          -0.155         -0.0964          -0.150   
                   (2.11)         (-0.85)         (-1.77)         (-1.48)         (-0.44)         (-1.40)         (-1.02)         (-1.71)   

stpr_fac38         0.0129         -0.0503         -0.0212         -0.0220          0.0483          0.0248         0.00523          0.0305   
                   (0.30)         (-1.14)         (-0.55)         (-0.56)          (0.47)          (0.26)          (0.06)          (0.40)   

stpr_fac39         0.0655          0.0104         -0.0364         -0.0223          0.0364          0.0229        -0.00391          0.0129   
                   (1.21)          (0.19)         (-0.76)         (-0.45)          (0.29)          (0.19)         (-0.04)          (0.13)   

stpr_fac40         0.0142          0.0170         -0.0600         -0.0611          0.0190           0.106         -0.0516         0.00965   
                   (0.24)          (0.28)         (-1.14)         (-1.14)          (0.14)          (0.81)         (-0.46)          (0.09)   

stpr_fac41        0.00180         -0.0391         -0.0662         -0.0520        -0.00679          0.0658         -0.0437          0.0654   
                   (0.04)         (-0.75)         (-1.45)         (-1.11)         (-0.06)          (0.57)         (-0.45)          (0.72)   

stpr_fac42         0.0332         -0.0152       -0.000985         0.00652           0.229           0.177          0.0818           0.165   
                   (0.53)         (-0.24)         (-0.02)          (0.12)          (1.57)          (1.28)          (0.69)          (1.49)   

stpr_fac43         0.0465          0.0658         -0.0605         -0.0540          0.0606         -0.0459        -0.00456         -0.0480   
                   (0.78)          (1.09)         (-1.15)         (-1.00)          (0.43)         (-0.35)         (-0.04)         (-0.46)   

stpr_fac44         0.0494         0.00355          0.0236          0.0147         -0.0638          0.0541         -0.0471          0.0476   
                   (0.92)          (0.06)          (0.49)          (0.30)         (-0.50)          (0.45)         (-0.46)          (0.50)   

stpr_fac45         0.0102          0.0412        -0.00790          0.0118          0.0390          0.0624         -0.0183          0.0312   
                   (0.17)          (0.69)         (-0.15)          (0.22)          (0.28)          (0.48)         (-0.17)          (0.30)   

stpr_fac46         0.0288          0.0216         -0.0478         -0.0220          0.0588        0.000741          0.0212        -0.00566   
                   (0.44)          (0.33)         (-0.82)         (-0.37)          (0.38)          (0.01)          (0.17)         (-0.05)   

stpr_fac47         0.0191         -0.0361         -0.0248        -0.00318        -0.00541         0.00225         -0.0320         0.00936   
                   (0.42)         (-0.78)         (-0.61)         (-0.08)         (-0.05)          (0.02)         (-0.37)          (0.12)   

stpr_fac48         0.0101         0.00417         -0.0528         -0.0431           0.144           0.209          0.0912           0.220*  
                   (0.21)          (0.08)         (-1.21)         (-0.97)          (1.25)          (1.92)          (0.98)          (2.54)   

stpr_fac49        -0.0789          -0.200***       -0.101*         -0.154**        -0.652***       -0.312**        -0.511***       -0.138   
                  (-1.52)         (-3.80)         (-2.19)         (-3.27)         (-5.35)         (-2.70)         (-5.20)         (-1.50)   

stpr_fac50        0.00206        0.000245         -0.0462         -0.0311          0.0706           0.177        -0.00181           0.171   
                   (0.03)          (0.00)         (-0.87)         (-0.57)          (0.50)          (1.33)         (-0.02)          (1.62)   

stpr_fac51         0.0473         -0.0496         -0.0517         -0.0294         -0.0641         0.00842         -0.0935          0.0509   
                   (1.11)         (-1.15)         (-1.37)         (-0.76)         (-0.64)          (0.09)         (-1.16)          (0.68)   

stpr_fac52         0.0309         -0.0352         -0.0385         -0.0102         -0.0269         -0.0859         -0.0802         -0.0423   
                   (0.70)         (-0.78)         (-0.98)         (-0.25)         (-0.26)         (-0.87)         (-0.96)         (-0.54)   

stpr_fac53          0.106*       -0.00594         -0.0245         -0.0341          0.0712         -0.0406         -0.0303         -0.0413   
                   (2.54)         (-0.14)         (-0.66)         (-0.91)          (0.73)         (-0.44)         (-0.38)         (-0.56)   

stpr_fac54         0.0338         -0.0404         -0.0196          0.0334         0.00858          -0.103         -0.0574          -0.109   
                   (0.66)         (-0.78)         (-0.43)          (0.72)          (0.07)         (-0.91)         (-0.59)         (-1.21)   

stpr_fac55        0.00691         -0.0182         -0.0215        -0.00818         -0.0383         -0.0546         -0.0471         -0.0488   
                   (0.15)         (-0.39)         (-0.53)         (-0.20)         (-0.35)         (-0.53)         (-0.54)         (-0.60)   

stpr_fac56         0.0282         -0.0499         -0.0549         -0.0522          0.0675         -0.0420          0.0430       -0.000766   
                   (0.75)         (-1.31)         (-1.64)         (-1.53)          (0.77)         (-0.50)          (0.60)         (-0.01)   

stpr_fac57         0.0170         -0.0753         -0.0117        -0.00369          -0.104          -0.115         -0.0680         -0.0893   
                   (0.34)         (-1.46)         (-0.26)         (-0.08)         (-0.87)         (-1.02)         (-0.71)         (-1.00)   

stpr_fac58        -0.0631         -0.0469          0.0143          0.0128          -0.173          -0.185         -0.0941         -0.0764   
                  (-1.24)         (-0.90)          (0.32)          (0.28)         (-1.45)         (-1.63)         (-0.97)         (-0.85)   

stpr_fac59         0.0323         -0.0139         -0.0313         -0.0435          0.0789         -0.0442          0.0409         0.00153   
                   (0.55)         (-0.23)         (-0.60)         (-0.81)          (0.57)         (-0.34)          (0.37)          (0.01)   

stpr_fac60         0.0626         -0.0742         -0.0539         -0.0111          0.0324          -0.122         -0.0389         -0.0492   
                   (1.63)         (-1.90)         (-1.58)         (-0.32)          (0.36)         (-1.43)         (-0.53)         (-0.72)   

stpr_fac61         0.0310          -0.101         -0.0130        -0.00432          -0.158         -0.0232          -0.136         -0.0522   
                   (0.58)         (-1.84)         (-0.27)         (-0.09)         (-1.25)         (-0.19)         (-1.34)         (-0.55)   

stpr_fac62         0.0110         -0.0264        0.000877         0.00422         -0.0120          0.0287         -0.0278          0.0198   
                   (0.23)         (-0.55)          (0.02)          (0.10)         (-0.11)          (0.27)         (-0.31)          (0.24)   

stpr_fac63         0.0245          -0.177***       -0.106*         -0.156***      0.00180         0.00700         -0.0377        -0.00379   
                   (0.53)         (-3.78)         (-2.58)         (-3.73)          (0.02)          (0.07)         (-0.43)         (-0.05)   

stpr_fac64         0.0766         -0.0103         -0.0606         -0.0587         -0.0267           0.122         -0.0487           0.109   
                   (1.57)         (-0.21)         (-1.40)         (-1.33)         (-0.23)          (1.13)         (-0.53)          (1.27)   

stpr_fac65         0.0531         -0.0116         -0.0274         -0.0284          0.0972          0.0645          0.0392          0.0290   
                   (1.17)         (-0.25)         (-0.68)         (-0.69)          (0.91)          (0.63)          (0.45)          (0.36)   

stpr_fac66         0.0137         -0.0143         -0.0556         -0.0394        -0.00837         -0.0276          0.0230        -0.00128   
                   (0.22)         (-0.23)         (-1.02)         (-0.71)         (-0.06)         (-0.20)          (0.20)         (-0.01)   

stpr_fac67        0.00942          0.0321        -0.00218        -0.00908          0.0676          0.0389          0.0629          0.0576   
                   (0.17)          (0.58)         (-0.04)         (-0.18)          (0.53)          (0.32)          (0.61)          (0.59)   

stpr_fac68         0.0216        -0.00663         -0.0481         -0.0293          -0.135          -0.182         -0.0779         -0.0824   
                   (0.36)         (-0.11)         (-0.89)         (-0.53)         (-0.95)         (-1.35)         (-0.68)         (-0.77)   

stpr_fac69         0.0489       -0.000310         -0.0172         0.00877          0.0559          0.0595        -0.00560          0.0548   
                   (0.82)         (-0.01)         (-0.32)          (0.16)          (0.40)          (0.45)         (-0.05)          (0.52)   

stpr_fac70        -0.0477         -0.0156          -0.112*        -0.0598         -0.0131          0.0509         -0.0331          0.0233   
                  (-0.78)         (-0.25)         (-2.07)         (-1.08)         (-0.09)          (0.37)         (-0.29)          (0.22)   

stpr_fac71      -0.000855        -0.00517         -0.0509         -0.0181          0.0265         -0.0847        0.000762          -0.116   
                  (-0.02)         (-0.12)         (-1.40)         (-0.49)          (0.28)         (-0.93)          (0.01)         (-1.61)   

stpr_fac72         0.0162         -0.0395         -0.0368         -0.0387          -0.107          -0.176         -0.0985          -0.147   
                   (0.25)         (-0.60)         (-0.63)         (-0.65)         (-0.70)         (-1.21)         (-0.80)         (-1.27)   

stpr_fac73       -0.00576        -0.00788          0.0207          0.0145           0.115          0.0971           0.100          0.0727   
                  (-0.15)         (-0.20)          (0.60)          (0.41)          (1.27)          (1.13)          (1.37)          (1.06)   

stpr_fac74         0.0464         -0.0345        -0.00533         -0.0175          0.0298         -0.0505          0.0253         -0.0645   
                   (1.09)         (-0.80)         (-0.14)         (-0.45)          (0.30)         (-0.53)          (0.31)         (-0.86)   

stpr_fac75        -0.0410        0.000441         -0.0940         -0.0677         -0.0147         -0.0157         -0.0921          0.0262   
                  (-0.70)          (0.01)         (-1.80)         (-1.27)         (-0.11)         (-0.12)         (-0.83)          (0.25)   

stpr_fac76         0.0807          0.0492         0.00980          0.0245         -0.0825          -0.127          -0.155         -0.0930   
                   (1.34)          (0.81)          (0.18)          (0.45)         (-0.58)         (-0.95)         (-1.36)         (-0.88)   

stpr_fac77         0.0765         0.00147          -0.152**       -0.0352           0.269*          0.315**         0.190           0.267** 
                   (1.41)          (0.03)         (-3.14)         (-0.71)          (2.10)          (2.60)          (1.84)          (2.78)   

stpr_fac78         0.0519         -0.0183       -0.000712         -0.0276          0.0336         -0.0700        -0.00106         -0.0587   
                   (0.97)         (-0.34)         (-0.01)         (-0.57)          (0.27)         (-0.59)         (-0.01)         (-0.62)   

o.stpr_fac79            0               0               0               0               0               0               0               0   
                      (.)             (.)             (.)             (.)             (.)             (.)             (.)             (.)   

stpr_fac80         0.0534         -0.0676         -0.0496         -0.0428          0.0301         -0.0927         -0.0358         -0.0356   
                   (1.33)         (-1.66)         (-1.39)         (-1.17)          (0.32)         (-1.04)         (-0.47)         (-0.50)   

stpr_fac81         0.0247         -0.0936*        -0.0420         -0.0450          -0.196          -0.146          -0.180*        -0.0926   
                   (0.53)         (-1.97)         (-1.01)         (-1.06)         (-1.78)         (-1.41)         (-2.03)         (-1.12)   

stpr_fac82          0.154***       0.0580         -0.0349         -0.0500          0.0611         -0.0611         -0.0150         -0.0772   
                   (3.42)          (1.27)         (-0.87)         (-1.22)          (0.58)         (-0.61)         (-0.18)         (-0.97)   

stpr_fac83         0.0485         -0.0408          0.0724          0.0302           0.170         -0.0214           0.129         0.00590   
                   (0.77)         (-0.64)          (1.30)          (0.53)          (1.16)         (-0.15)          (1.08)          (0.05)   

stpr_fac84        -0.0216        -0.00496          -0.135          -0.167*         0.0220          0.0505         -0.0250         -0.0181   
                  (-0.27)         (-0.06)         (-1.91)         (-2.31)          (0.12)          (0.28)         (-0.17)         (-0.13)   

stpr_fac85         0.0294          0.0403         -0.0388         -0.0179          0.0309         -0.0152        -0.00474         -0.0235   
                   (0.39)          (0.53)         (-0.58)         (-0.26)          (0.18)         (-0.09)         (-0.03)         (-0.18)   

stpr_fac86         0.0316        -0.00725         -0.0251         -0.0196         -0.0261          0.0118         -0.0847         -0.0163   
                   (0.62)         (-0.14)         (-0.55)         (-0.42)         (-0.22)          (0.10)         (-0.88)         (-0.18)   

stpr_fac87         0.0561        -0.00770         -0.0574         -0.0237           0.222         -0.0286           0.146         -0.0478   
                   (1.11)         (-0.15)         (-1.27)         (-0.51)          (1.85)         (-0.25)          (1.51)         (-0.53)   

stpr_fac88         0.0632         -0.0784          0.0447          0.0513          0.0743          -0.121          -0.109         -0.0892   
                   (1.36)         (-1.65)          (1.08)          (1.21)          (0.68)         (-1.16)         (-1.24)         (-1.08)   

stpr_fac89        -0.0147        -0.00449         -0.0800         -0.0576         -0.0252         -0.0122         -0.0656         -0.0526   
                  (-0.31)         (-0.09)         (-1.87)         (-1.32)         (-0.22)         (-0.11)         (-0.72)         (-0.62)   

stpr_fac90         0.0430         -0.0535         -0.0622         -0.0643          0.0725         -0.0337          0.0322          0.0189   
                   (0.87)         (-1.07)         (-1.42)         (-1.44)          (0.63)         (-0.31)          (0.34)          (0.22)   

stpr_fac91         0.0247        -0.00117         0.00115        -0.00143          0.0536         -0.0553          0.0227         -0.0437   
                   (0.55)         (-0.03)          (0.03)         (-0.03)          (0.51)         (-0.55)          (0.26)         (-0.55)   

stpr_fac92         0.0643         -0.0291         -0.0409        -0.00781         -0.0386          -0.107         -0.0953         -0.0465   
                   (1.57)         (-0.70)         (-1.12)         (-0.21)         (-0.40)         (-1.17)         (-1.23)         (-0.64)   

stpr_fac93         0.0345          0.0436       -0.000660          0.0276         -0.0583         -0.0851          -0.106         -0.0592   
                   (0.91)          (1.14)         (-0.02)          (0.81)         (-0.66)         (-1.01)         (-1.48)         (-0.89)   

stpr_fac94         0.0391        -0.00912         -0.0158         0.00382          -0.145         -0.0548          -0.104        0.000572   
                   (0.75)         (-0.17)         (-0.34)          (0.08)         (-1.18)         (-0.47)         (-1.05)          (0.01)   

stpr_fac95         0.0385         -0.0268         -0.0235         -0.0125          0.0876         -0.0823          0.0254         -0.0473   
                   (0.79)         (-0.54)         (-0.54)         (-0.28)          (0.77)         (-0.76)          (0.28)         (-0.55)   

stpr_fac96        0.00223        -0.00266         -0.0193        -0.00478          -0.165          -0.147          -0.101         -0.0733   
                   (0.05)         (-0.06)         (-0.50)         (-0.12)         (-1.63)         (-1.53)         (-1.24)         (-0.96)   

stpr_fac97         0.0318         -0.0580         -0.0173         -0.0185         -0.0104         -0.0649         -0.0522         -0.0225   
                   (0.85)         (-1.52)         (-0.52)         (-0.54)         (-0.12)         (-0.77)         (-0.73)         (-0.34)   

stpr_fac98         0.0408         -0.0419         -0.0277         -0.0151         -0.0328        0.000702         -0.0670          0.0131   
                   (1.06)         (-1.07)         (-0.81)         (-0.43)         (-0.36)          (0.01)         (-0.91)          (0.19)   

stpr_fac99         0.0905          0.0137        -0.00563         0.00465         -0.0589         -0.0788         -0.0753         0.00367   
                   (1.90)          (0.28)         (-0.13)          (0.11)         (-0.53)         (-0.74)         (-0.83)          (0.04)   

stpr_fac100       -0.0103         -0.0310          0.0149        -0.00770        -0.00236        -0.00680         0.00202         0.00605   
                  (-0.14)         (-0.43)          (0.23)         (-0.12)         (-0.01)         (-0.04)          (0.01)          (0.05)   

stpr_fac101        0.0179         -0.0373          0.0290          0.0266           0.166          -0.104           0.144         -0.0661   
                   (0.27)         (-0.56)          (0.50)          (0.45)          (1.08)         (-0.71)          (1.16)         (-0.57)   

stpr_fac102         0.225***      -0.0534           0.154***        0.161***        0.348**         0.108           0.133           0.138   
                   (4.76)         (-1.11)          (3.65)          (3.75)          (3.13)          (1.02)          (1.48)          (1.65)   

stpr_fac103        0.0550         0.00922         -0.0183          0.0124          0.0208           0.161        -0.00991           0.107   
                   (1.04)          (0.17)         (-0.39)          (0.26)          (0.17)          (1.37)         (-0.10)          (1.14)   

_cons             -0.0325          0.0114          0.0237          0.0144         -0.0211         0.00443          0.0147         0.00265   
                  (-0.76)          (0.26)          (0.62)          (0.37)         (-0.21)          (0.05)          (0.18)          (0.04)   
--------------------------------------------------------------------------------------------------------------------------------------------
N                    1211            1211            1211            1211            1211            1211            1211            1211   
R-sq                0.214           0.188           0.269           0.280           0.226           0.191           0.210           0.207   
--------------------------------------------------------------------------------------------------------------------------------------------
t statistics in parentheses
* p<0.05, ** p<0.01, *** p<0.001
