--------------------------------------------------------------------------------------------------------------------------------------------
                      (1)             (2)             (3)             (4)             (5)             (6)             (7)             (8)   
             aginc_back~d    aginc_pred~t    nfincome_b~d    nfincome_p~t    output_bac~d    output_pre~t    percapinc_~d    percapinc_~t   
--------------------------------------------------------------------------------------------------------------------------------------------
lncedp90di~e     -0.00194         0.00110         0.00542         0.00165          0.0123        -0.00295         0.00650        0.000282   
                  (-0.12)          (0.07)          (0.51)          (0.18)          (1.21)         (-0.38)          (0.70)          (0.03)   

stpr_fac1         -0.0344          0.0203         -0.0758        -0.00976         -0.0189          0.0201        -0.00281          0.0263   
                  (-0.45)          (0.28)         (-1.53)         (-0.23)         (-0.40)          (0.55)         (-0.06)          (0.67)   

stpr_fac2          0.0813        -0.00746          0.0328          0.0233          0.0142         0.00171          0.0324         -0.0568   
                   (1.31)         (-0.12)          (0.81)          (0.68)          (0.37)          (0.06)          (0.91)         (-1.78)   

stpr_fac3          0.0222         -0.0102          0.0108        -0.00258        -0.00823         -0.0318          0.0288         -0.0262   
                   (0.34)         (-0.16)          (0.26)         (-0.07)         (-0.20)         (-1.03)          (0.78)         (-0.79)   

stpr_fac4          0.0722         -0.0423          0.0793         -0.0286          0.0679         -0.0106          0.0434         -0.0681   
                   (0.99)         (-0.60)          (1.67)         (-0.70)          (1.49)         (-0.30)          (1.04)         (-1.82)   

stpr_fac5        -0.00967           0.142         0.00303           0.146**        0.0270          0.0572          0.0750          0.0453   
                  (-0.10)          (1.46)          (0.05)          (2.62)          (0.43)          (1.18)          (1.30)          (0.88)   

stpr_fac6           0.217           0.192           0.170*          0.110          0.0582          0.0640          0.0247         -0.0674   
                   (1.74)          (1.59)          (2.09)          (1.58)          (0.74)          (1.06)          (0.34)         (-1.05)   

stpr_fac7          0.0423          0.0407          0.0951          0.0314          0.0972          0.0184         0.00497         -0.0248   
                   (0.51)          (0.50)          (1.74)          (0.67)          (1.85)          (0.46)          (0.10)         (-0.58)   

stpr_fac8          0.0140         -0.0619           0.142*        -0.0326          0.0795          0.0241          0.0158         -0.0877   
                   (0.16)         (-0.71)          (2.43)         (-0.65)          (1.41)          (0.55)          (0.30)         (-1.90)   

stpr_fac9          0.0683         0.00495          0.0592         -0.0287          0.0742          0.0578          0.0264         -0.0459   
                   (1.00)          (0.07)          (1.32)         (-0.75)          (1.73)          (1.74)          (0.67)         (-1.30)   

stpr_fac10         0.0401          -0.102         -0.0342         -0.0881*        -0.0446         -0.0751*         0.0175         -0.0339   
                   (0.53)         (-1.39)         (-0.70)         (-2.10)         (-0.95)         (-2.06)          (0.40)         (-0.87)   

stpr_fac11         0.0597          0.0306          0.0530         -0.0198          0.0496        -0.00216          0.0236         -0.0413   
                   (0.85)          (0.45)          (1.16)         (-0.51)          (1.13)         (-0.06)          (0.59)         (-1.15)   

stpr_fac12         0.0366           0.101          0.0700          0.0667          0.0397          0.0416         -0.0164         -0.0210   
                   (0.42)          (1.19)          (1.23)          (1.37)          (0.73)          (0.99)         (-0.33)         (-0.47)   

stpr_fac13        -0.0393          -0.205*        -0.0442          -0.183***       0.0831         -0.0759        -0.00438         -0.0458   
                  (-0.44)         (-2.36)         (-0.76)         (-3.67)          (1.48)         (-1.76)         (-0.09)         (-1.00)   

stpr_fac14         0.0978          0.0530          0.0595          0.0295          0.0718          0.0113          0.0511          0.0159   
                   (0.92)          (0.52)          (0.86)          (0.50)          (1.08)          (0.22)          (0.84)          (0.29)   

stpr_fac15         0.0500         -0.0701          0.0352         -0.0921**        0.0687         -0.0508          0.0185         -0.0603   
                   (0.81)         (-1.17)          (0.88)         (-2.69)          (1.78)         (-1.71)          (0.52)         (-1.91)   

stpr_fac16          0.101         -0.0118          0.0802         -0.0634           0.103*        -0.0193       -0.000919         -0.0674   
                   (1.23)         (-0.15)          (1.50)         (-1.39)          (2.01)         (-0.49)         (-0.02)         (-1.60)   

stpr_fac17         -0.156           0.158*          0.101          0.0621        -0.00534          0.0859*        -0.0756          0.0636   
                  (-1.93)          (2.01)          (1.91)          (1.38)         (-0.11)          (2.20)         (-1.63)          (1.53)   

stpr_fac18          0.447***      -0.0350          0.0310          0.0514         0.00978          0.0466           0.265***       -0.102** 
                   (5.94)         (-0.48)          (0.63)          (1.23)          (0.21)          (1.28)          (6.12)         (-2.63)   

stpr_fac19         0.0984          0.0736           0.134**        0.0834          0.0897          0.0923*         0.0308          0.0194   
                   (1.26)          (0.97)          (2.63)          (1.91)          (1.83)          (2.44)          (0.68)          (0.48)   

stpr_fac20          0.158*         0.0993           0.209***       0.0635           0.103*         0.0534          0.0945*         0.0334   
                   (2.04)          (1.32)          (4.14)          (1.47)          (2.12)          (1.43)          (2.12)          (0.84)   

stpr_fac21          0.198*          0.176*          0.159**         0.168***        0.128*         0.0963*         0.0575          0.0653   
                   (2.48)          (2.28)          (3.05)          (3.77)          (2.56)          (2.50)          (1.25)          (1.59)   

stpr_fac22          0.118          0.0809           0.107          0.0450          0.0642          0.0171          0.0532        -0.00593   
                   (1.40)          (0.99)          (1.94)          (0.96)          (1.21)          (0.42)          (1.10)         (-0.14)   

stpr_fac23         0.0861           0.155          0.0851          0.0993          0.0854           0.159**        0.0649          0.0817   
                   (0.73)          (1.35)          (1.11)          (1.51)          (1.16)          (2.79)          (0.96)          (1.35)   

stpr_fac24         0.0135          0.0286          0.0111          0.0322         -0.0276          0.0339         -0.0193        -0.00234   
                   (0.14)          (0.30)          (0.18)          (0.60)         (-0.46)          (0.73)         (-0.35)         (-0.05)   

stpr_fac25       -0.00472          0.0618        -0.00729          0.0437         -0.0164        -0.00132         -0.0329         -0.0240   
                  (-0.05)          (0.74)         (-0.13)          (0.91)         (-0.30)         (-0.03)         (-0.66)         (-0.54)   

stpr_fac26          0.125          0.0692           0.116          0.0453          0.0607          0.0212          0.0701         -0.0312   
                   (0.98)          (0.56)          (1.39)          (0.64)          (0.76)          (0.34)          (0.96)         (-0.48)   

stpr_fac27         0.0187         -0.0148          0.0188         -0.0168         -0.0692         -0.0401         -0.0295         -0.0793   
                   (0.14)         (-0.12)          (0.22)         (-0.23)         (-0.85)         (-0.64)         (-0.39)         (-1.19)   

stpr_fac28          0.121         -0.0515           0.128**     -0.000187          0.0318         0.00705          0.0396         -0.0868** 
                   (1.87)         (-0.82)          (3.04)         (-0.01)          (0.78)          (0.23)          (1.06)         (-2.61)   

stpr_fac29          0.144           0.182*          0.109*          0.149***       0.0413          0.0855*         0.0303          0.0654   
                   (1.78)          (2.31)          (2.06)          (3.30)          (0.81)          (2.18)          (0.65)          (1.56)   

stpr_fac30        0.00368          0.0376          0.0246          0.0150         -0.0441         -0.0206          0.0180         -0.0205   
                   (0.06)          (0.60)          (0.58)          (0.41)         (-1.08)         (-0.65)          (0.48)         (-0.61)   

stpr_fac31         0.0928          0.0788          0.0843          0.0718           0.108*         0.0233         -0.0138          0.0205   
                   (1.21)          (1.06)          (1.69)          (1.69)          (2.25)          (0.63)         (-0.31)          (0.52)   

stpr_fac32         0.0468         -0.0512          0.0140          0.0220          0.0285          0.0302          0.0463         -0.0328   
                   (0.70)         (-0.78)          (0.32)          (0.59)          (0.68)          (0.93)          (1.20)         (-0.95)   

stpr_fac33         -0.329***       -0.125          -0.361***      -0.0298        -0.00540         -0.0638          0.0849         -0.0667   
                  (-3.48)         (-1.36)         (-5.85)         (-0.57)         (-0.09)         (-1.40)          (1.56)         (-1.37)   

stpr_fac34        -0.0111           0.111        -0.00428           0.107*        -0.0185        -0.00631         -0.0696          0.0243   
                  (-0.13)          (1.38)         (-0.08)          (2.32)         (-0.36)         (-0.16)         (-1.46)          (0.57)   

stpr_fac35         0.0506        -0.00474           0.118*       -0.00235         0.00820         -0.0286          0.0689         0.00170   
                   (0.61)         (-0.06)          (2.18)         (-0.05)          (0.16)         (-0.71)          (1.44)          (0.04)   

stpr_fac36         0.0948          0.0714          0.0573          0.0879*        -0.0752         0.00323          0.0567         0.00502   
                   (1.20)          (0.93)          (1.11)          (2.00)         (-1.52)          (0.08)          (1.25)          (0.12)   

stpr_fac37          0.251**       -0.0478           0.115*        -0.0493           0.100          0.0288           0.133**       -0.0423   
                   (3.00)         (-0.59)          (2.10)         (-1.06)          (1.92)          (0.71)          (2.76)         (-0.99)   

stpr_fac38         0.0287         -0.0158         -0.0154          0.0279          0.0485        -0.00444        -0.00561         -0.0292   
                   (0.42)         (-0.24)         (-0.34)          (0.73)          (1.12)         (-0.13)         (-0.14)         (-0.82)   

stpr_fac39        -0.0873          0.0393          0.0143          0.0539          0.0393          0.0374         -0.0628          0.0243   
                  (-1.13)          (0.53)          (0.28)          (1.26)          (0.81)          (1.01)         (-1.42)          (0.61)   

stpr_fac40        -0.0342          0.0419         0.00468          0.0140           0.156***      -0.0108         -0.0555          0.0166   
                  (-0.48)          (0.61)          (0.10)          (0.36)          (3.54)         (-0.32)         (-1.37)          (0.46)   

stpr_fac41         0.0454         -0.0116         0.00144         -0.0251          0.0365         -0.0552          0.0429         -0.0200   
                   (0.75)         (-0.20)          (0.04)         (-0.74)          (0.96)         (-1.89)          (1.23)         (-0.64)   

stpr_fac42         0.0526          0.0754           0.105          0.0610          0.0235          0.0146          0.0129          0.0251   
                   (0.62)          (0.92)          (1.90)          (1.29)          (0.44)          (0.36)          (0.26)          (0.58)   

stpr_fac43         0.0784          0.0676          0.0690          0.0175          0.0512          0.0324          0.0284          0.0312   
                   (1.35)          (1.20)          (1.83)          (0.54)          (1.41)          (1.16)          (0.85)          (1.05)   

stpr_fac44         0.0719          0.0749          0.0851          0.0634        -0.00867          0.0248          0.0156         -0.0241   
                   (0.81)          (0.87)          (1.47)          (1.28)         (-0.16)          (0.58)          (0.31)         (-0.53)   

stpr_fac45         0.0675          0.0831          0.0609          0.0705          0.0360         0.00343          0.0266          0.0140   
                   (0.99)          (1.25)          (1.37)          (1.86)          (0.84)          (0.10)          (0.68)          (0.40)   

stpr_fac46         0.0662           0.131          0.0320          0.0126          0.0201          0.0328        0.000575          0.0427   
                   (0.96)          (1.96)          (0.71)          (0.33)          (0.46)          (0.99)          (0.01)          (1.21)   

stpr_fac47          0.202**       -0.0478          0.0694         0.00775        -0.00781        -0.00606           0.110**       -0.0708*  
                   (3.30)         (-0.81)          (1.74)          (0.23)         (-0.20)         (-0.21)          (3.14)         (-2.25)   

stpr_fac48        -0.0918          0.0467         -0.0206        -0.00903          0.0520         -0.0428         -0.0225        -0.00375   
                  (-1.41)          (0.74)         (-0.49)         (-0.25)          (1.28)         (-1.37)         (-0.60)         (-0.11)   

stpr_fac49        -0.0502          -0.322***      -0.0508          -0.280***      -0.0211          -0.132***      -0.0315          -0.213***
                  (-0.63)         (-4.14)         (-0.97)         (-6.28)         (-0.42)         (-3.40)         (-0.68)         (-5.17)   

stpr_fac50         0.0744        -0.00156        -0.00744          0.0383          0.0101         -0.0254          0.0364        -0.00346   
                   (0.79)         (-0.02)         (-0.12)          (0.73)          (0.17)         (-0.56)          (0.68)         (-0.07)   

stpr_fac51        -0.0492        0.000929         0.00313         -0.0389          0.0452        -0.00351         -0.0168         -0.0321   
                  (-0.75)          (0.01)          (0.07)         (-1.07)          (1.10)         (-0.11)         (-0.45)         (-0.96)   

stpr_fac52        -0.0109           0.134*       0.000109          0.0284          0.0529        -0.00583         -0.0472          0.0690*  
                  (-0.19)          (2.36)          (0.00)          (0.87)          (1.45)         (-0.21)         (-1.40)          (2.30)   

stpr_fac53          0.194**         0.105           0.113*         0.0645           0.118*         0.0616          0.0412          0.0436   
                   (2.61)          (1.46)          (2.34)          (1.56)          (2.55)          (1.72)          (0.97)          (1.14)   

stpr_fac54         0.0630           0.148         0.00612          0.0643         -0.0243          0.0223         0.00565          0.0235   
                   (0.68)          (1.64)          (0.10)          (1.24)         (-0.42)          (0.50)          (0.11)          (0.49)   

stpr_fac55         0.0668          0.0183          0.0244          0.0389         -0.0110          0.0176          0.0216        -0.00789   
                   (0.80)          (0.23)          (0.45)          (0.84)         (-0.21)          (0.44)          (0.45)         (-0.18)   

stpr_fac56        -0.0496         -0.0111         -0.0697         -0.0121          0.0214         0.00375         -0.0529         -0.0159   
                  (-0.80)         (-0.19)         (-1.74)         (-0.35)          (0.56)          (0.13)         (-1.50)         (-0.50)   

stpr_fac57          0.119          0.0303          0.0862          0.0206          0.0966         -0.0134          0.0539         -0.0121   
                   (1.20)          (0.31)          (1.33)          (0.37)          (1.55)         (-0.28)          (0.94)         (-0.24)   

stpr_fac58        -0.0974         -0.0804         -0.0229      -0.0000489         -0.0643          -0.136**       -0.0515         -0.0716   
                  (-1.09)         (-0.93)         (-0.39)         (-0.00)         (-1.15)         (-3.15)         (-1.00)         (-1.56)   

stpr_fac59       -0.00486          0.0162         -0.0467          0.0547         -0.0169          0.0188         -0.0121         0.00350   
                  (-0.07)          (0.24)         (-1.05)          (1.44)         (-0.39)          (0.57)         (-0.31)          (0.10)   

stpr_fac60         0.0543         -0.0271          0.0572         -0.0274          0.0933*         0.0291          0.0790*       -0.00932   
                   (0.78)         (-0.40)          (1.26)         (-0.71)          (2.14)          (0.86)          (1.97)         (-0.26)   

stpr_fac61         0.0253        0.000341         0.00995         0.00256         -0.0252         -0.0319          0.0320         -0.0201   
                   (0.29)          (0.00)          (0.18)          (0.05)         (-0.46)         (-0.76)          (0.64)         (-0.45)   

stpr_fac62         0.0434          0.0372          0.0576          0.0390         -0.0170         -0.0174         -0.0110         -0.0170   
                   (0.64)          (0.56)          (1.29)          (1.03)         (-0.40)         (-0.53)         (-0.28)         (-0.49)   

stpr_fac63         0.0570          -0.116          0.0683         -0.0795          0.0275       0.0000952          0.0355         -0.0363   
                   (0.73)         (-1.52)          (1.34)         (-1.82)          (0.56)          (0.00)          (0.79)         (-0.90)   

stpr_fac64         0.0375         -0.0537          0.0297         -0.0409          0.0555          0.0103          0.0275         -0.0490   
                   (0.53)         (-0.77)          (0.64)         (-1.03)          (1.24)          (0.30)          (0.67)         (-1.33)   

stpr_fac65         0.0236         0.00978          0.0244       -0.000989          0.0363          0.0139          0.0463         -0.0174   
                   (0.29)          (0.12)          (0.46)         (-0.02)          (0.71)          (0.35)          (0.99)         (-0.42)   

o.stpr_fac66            0               0               0               0               0               0               0               0   
                      (.)             (.)             (.)             (.)             (.)             (.)             (.)             (.)   

stpr_fac67         0.0296          0.0909          0.0173          0.0720          0.0488        -0.00683         -0.0304          0.0166   
                   (0.32)          (1.02)          (0.29)          (1.41)          (0.85)         (-0.15)         (-0.58)          (0.35)   

stpr_fac68         0.0656         -0.0214          0.0510         0.00780         0.00543         0.00172         0.00211        -0.00281   
                   (0.63)         (-0.21)          (0.75)          (0.13)          (0.08)          (0.03)          (0.04)         (-0.05)   

stpr_fac69         0.0393          0.0915          0.0689          0.0752           0.100          0.0174         0.00334          0.0330   
                   (0.46)          (1.10)          (1.23)          (1.57)          (1.86)          (0.42)          (0.07)          (0.75)   

stpr_fac70         0.0717         -0.0997          0.0598         -0.0867*         0.0410         -0.0201          0.0963*        -0.0309   
                   (0.93)         (-1.33)          (1.19)         (-2.02)          (0.85)         (-0.54)          (2.17)         (-0.78)   

stpr_fac71          0.106          -0.249***       0.0370          0.0261           0.101*        -0.0566          0.0694          -0.112***
                   (1.60)         (-3.88)          (0.86)          (0.71)          (2.44)         (-1.77)          (1.83)         (-3.31)   

stpr_fac72         -0.133*         -0.252***      -0.0463         -0.0329          0.0621         -0.0511         -0.0552          -0.125***
                  (-2.08)         (-4.04)         (-1.11)         (-0.92)          (1.54)         (-1.65)         (-1.50)         (-3.79)   

stpr_fac73         0.0834          0.0486          0.0943*         0.0616          0.0140         -0.0154          0.0112        -0.00331   
                   (1.20)          (0.72)          (2.08)          (1.59)          (0.32)         (-0.46)          (0.28)         (-0.09)   

stpr_fac74        -0.0534          0.0417         -0.0300         0.00378          0.0248          0.0352         -0.0675         -0.0259   
                  (-0.72)          (0.58)         (-0.62)          (0.09)          (0.53)          (0.98)         (-1.58)         (-0.68)   

stpr_fac75         -0.115          -0.127          0.0275         -0.0653           0.123*        -0.0784         -0.0680         -0.0484   
                  (-1.23)         (-1.40)          (0.45)         (-1.26)          (2.10)         (-1.74)         (-1.27)         (-1.01)   

stpr_fac76          0.215           0.166           0.178*          0.145*          0.229**       0.00893         0.00722          0.0893   
                   (1.88)          (1.50)          (2.39)          (2.28)          (3.20)          (0.16)          (0.11)          (1.52)   

stpr_fac77        -0.0291          0.0527         -0.0344          0.0399          0.0369          0.0575         -0.0893           0.138*  
                  (-0.28)          (0.52)         (-0.50)          (0.69)          (0.56)          (1.14)         (-1.48)          (2.56)   

stpr_fac78          0.186*          0.139          0.0514          0.0755          0.0178          0.0695          0.0405          0.0449   
                   (2.48)          (1.91)          (1.05)          (1.81)          (0.38)          (1.92)          (0.94)          (1.17)   

stpr_fac79          0.615***       -0.168        -0.00343         -0.0454         0.00822         -0.0427           0.310***      -0.0788   
                   (5.75)         (-1.62)         (-0.05)         (-0.76)          (0.12)         (-0.83)          (5.05)         (-1.43)   

stpr_fac80          0.168*         0.0109          0.0117          0.0217          0.0356          0.0560          0.0358         -0.0223   
                   (2.28)          (0.15)          (0.24)          (0.53)          (0.77)          (1.58)          (0.85)         (-0.59)   

stpr_fac81          0.222***       -0.290***      -0.0830         -0.0751*         0.0143        -0.00691          0.0947*         -0.188***
                   (3.33)         (-4.47)         (-1.90)         (-2.02)          (0.34)         (-0.21)          (2.46)         (-5.47)   

stpr_fac82       -0.00743         -0.0507         -0.0683          0.0630           0.111*          0.183***      -0.0271         -0.0488   
                  (-0.09)         (-0.61)         (-1.21)          (1.31)          (2.06)          (4.40)         (-0.55)         (-1.10)   

stpr_fac83          0.367***        0.267**         0.352***        0.160**         0.146*         0.0496          0.0967          0.0455   
                   (3.46)          (2.60)          (5.08)          (2.71)          (2.20)          (0.97)          (1.59)          (0.83)   

stpr_fac84          0.384***       -0.170*          0.373***       -0.149**         0.147**      -0.00170          0.0802         -0.0569   
                   (4.65)         (-2.12)          (6.93)         (-3.24)          (2.85)         (-0.04)          (1.69)         (-1.34)   

stpr_fac85         0.0650          0.0595          0.0770          0.0631          0.0694          0.0161          0.0302          0.0381   
                   (0.80)          (0.76)          (1.46)          (1.40)          (1.37)          (0.41)          (0.65)          (0.92)   

stpr_fac86        -0.0336          0.0901         -0.0414          0.0527         0.00853          0.0367         -0.0439          0.0234   
                  (-0.32)          (0.88)         (-0.60)          (0.90)          (0.13)          (0.72)         (-0.72)          (0.43)   

stpr_fac87         0.0230          0.0447          0.0390          0.0229          0.0578          0.0293          0.0342          0.0205   
                   (0.30)          (0.60)          (0.78)          (0.54)          (1.21)          (0.80)          (0.78)          (0.52)   

stpr_fac88         -0.147*         0.0976         0.00661          0.0692*         0.0846*         0.0188         -0.0402         0.00660   
                  (-2.36)          (1.62)          (0.16)          (2.00)          (2.17)          (0.63)         (-1.13)          (0.21)   

stpr_fac89         0.0131         -0.0819          0.0302         -0.0647          0.0598         -0.0470          0.0373         -0.0415   
                   (0.22)         (-1.39)          (0.76)         (-1.91)          (1.57)         (-1.60)          (1.07)         (-1.33)   

o.stpr_fac90            0               0               0               0               0               0               0               0   
                      (.)             (.)             (.)             (.)             (.)             (.)             (.)             (.)   

stpr_fac91         0.0368          0.0681          0.0347          0.0574         0.00354        -0.00114          0.0271        0.000157   
                   (0.57)          (1.09)          (0.83)          (1.60)          (0.09)         (-0.04)          (0.73)          (0.00)   

stpr_fac92       -0.00701          0.0713      -0.0000134          0.0389          0.0311          0.0348         -0.0268          0.0546   
                  (-0.10)          (1.08)         (-0.00)          (1.03)          (0.73)          (1.06)         (-0.68)          (1.56)   

stpr_fac93         0.0714           0.127          0.0821          0.0867*         0.0783        -0.00101          0.0423          0.0566   
                   (0.97)          (1.79)          (1.72)          (2.12)          (1.70)         (-0.03)          (1.00)          (1.50)   

stpr_fac94        -0.0421          0.0238          0.0359         -0.0228          0.0414          0.0190        -0.00575         -0.0233   
                  (-0.62)          (0.36)          (0.82)         (-0.61)          (0.98)          (0.58)         (-0.15)         (-0.67)   

stpr_fac95       -0.00314          0.0577          0.0265          0.0323        -0.00744          0.0189         -0.0109         0.00166   
                  (-0.04)          (0.77)          (0.52)          (0.75)         (-0.15)          (0.51)         (-0.25)          (0.04)   

stpr_fac96      -0.000859          0.0665          0.0189          0.0426        -0.00674         -0.0381         -0.0487         0.00713   
                  (-0.01)          (1.15)          (0.49)          (1.29)         (-0.18)         (-1.33)         (-1.43)          (0.23)   

stpr_fac97         0.0106         -0.0432          0.0459          0.0441          0.0289         0.00294         -0.0254         -0.0175   
                   (0.19)         (-0.82)          (1.29)          (1.45)          (0.84)          (0.11)         (-0.81)         (-0.62)   

stpr_fac98       0.000102         0.00964          0.0296          0.0198          0.0815*         0.0303        0.000719         -0.0146   
                   (0.00)          (0.16)          (0.71)          (0.56)          (2.04)          (0.98)          (0.02)         (-0.44)   

stpr_fac99         0.0593           0.108          0.0394          0.0871*         0.0372          0.0567        -0.00767          0.0308   
                   (0.85)          (1.59)          (0.87)          (2.24)          (0.85)          (1.68)         (-0.19)          (0.86)   

stpr_fac100         0.129           0.113           0.252***       0.0966*          0.150**       -0.0328         -0.0206          0.0314   
                   (1.56)          (1.41)          (4.68)          (2.11)          (2.90)         (-0.82)         (-0.43)          (0.74)   

stpr_fac101         0.118           0.115           0.147*          0.101*        0.00136         0.00399          0.0658         0.00905   
                   (1.32)          (1.32)          (2.51)          (2.01)          (0.02)          (0.09)          (1.27)          (0.20)   

stpr_fac102         0.351***        0.323***        0.158**         0.383***       0.0911           0.184***       0.0992*          0.107*  
                   (4.00)          (3.80)          (2.77)          (7.84)          (1.66)          (4.33)          (1.97)          (2.38)   

stpr_fac103        0.0376          0.0335          0.0326          0.0291          0.0679          0.0189         -0.0185         -0.0224   
                   (0.58)          (0.53)          (0.77)          (0.81)          (1.67)          (0.60)         (-0.50)         (-0.67)   

_cons             -0.0403         -0.0339         -0.0389         -0.0254         -0.0283        -0.00951        -0.00899         0.00851   
                  (-0.71)         (-0.62)         (-1.05)         (-0.81)         (-0.80)         (-0.35)         (-0.28)          (0.29)   
--------------------------------------------------------------------------------------------------------------------------------------------
N                    1211            1211            1211            1211            1211            1211            1211            1211   
R-sq                0.310           0.300           0.343           0.351           0.194           0.231           0.263           0.296   
--------------------------------------------------------------------------------------------------------------------------------------------
t statistics in parentheses
* p<0.05, ** p<0.01, *** p<0.001
