--------------------------------------------------------------------------------------------------------------------------------------------
                      (1)             (2)             (3)             (4)             (5)             (6)             (7)             (8)   
             aginc_back~d    aginc_pred~t    nfincome_b~d    nfincome_p~t    output_bac~d    output_pre~t    percapinc_~d    percapinc_~t   
--------------------------------------------------------------------------------------------------------------------------------------------
lncedp88di~e      -0.0166          0.0169         -0.0124          0.0118         -0.0282          0.0113         -0.0146         0.00257   
                  (-0.39)          (0.49)         (-0.50)          (0.55)         (-1.20)          (0.57)         (-0.61)          (0.13)   

stpr_fac1         -0.0940         0.00929          -0.148*        -0.0228          0.0229          0.0298         -0.0322          0.0653   
                  (-0.92)          (0.11)         (-2.52)         (-0.44)          (0.41)          (0.63)         (-0.57)          (1.40)   

stpr_fac2         -0.0350          0.0839         -0.0517          0.0357          0.0135          0.0380         -0.0236          0.0333   
                  (-0.41)          (1.22)         (-1.05)          (0.83)          (0.29)          (0.96)         (-0.50)          (0.85)   

stpr_fac3         -0.0322          0.0388         -0.0220          0.0175          0.0397         -0.0116         -0.0112          0.0651   
                  (-0.37)          (0.55)         (-0.44)          (0.40)          (0.83)         (-0.29)         (-0.23)          (1.62)   

stpr_fac4          0.0294         -0.0217          0.0408         -0.0134          0.0637          0.0302          0.0371         -0.0226   
                   (0.31)         (-0.28)          (0.74)         (-0.28)          (1.21)          (0.68)          (0.69)         (-0.51)   

stpr_fac5           0.271*        -0.0287        -0.00761          0.0411          0.0455          0.0607           0.229***       0.0747   
                   (2.24)         (-0.29)         (-0.11)          (0.68)          (0.69)          (1.08)          (3.40)          (1.34)   

stpr_fac6           0.171           0.262*          0.182*          0.157*         0.0376           0.119         0.00359          0.0173   
                   (1.16)          (2.21)          (2.14)          (2.12)          (0.47)          (1.74)          (0.04)          (0.26)   

stpr_fac7         -0.0796          0.0460         -0.0237           0.138**        0.0630          0.0905         -0.0352          0.0773   
                  (-0.79)          (0.57)         (-0.41)          (2.73)          (1.15)          (1.95)         (-0.63)          (1.68)   

stpr_fac8         0.00312        -0.00947           0.119          0.0298          0.0990          0.0751          0.0441         -0.0188   
                   (0.03)         (-0.11)          (1.93)          (0.56)          (1.70)          (1.52)          (0.74)         (-0.38)   

stpr_fac9          0.0254          0.0206         -0.0174       -0.000743        0.000945           0.105*         0.0223         -0.0171   
                   (0.25)          (0.25)         (-0.29)         (-0.01)          (0.02)          (2.19)          (0.39)         (-0.36)   

stpr_fac10        -0.0663          0.0284         -0.0648         -0.0564         -0.0882         -0.0225         -0.0568          0.0583   
                  (-0.64)          (0.34)         (-1.09)         (-1.09)         (-1.57)         (-0.47)         (-0.99)          (1.24)   

stpr_fac11         0.0271          0.0406          0.0131         -0.0103         0.00981          0.0858*         0.0250         0.00808   
                   (0.30)          (0.56)          (0.25)         (-0.23)          (0.20)          (2.08)          (0.50)          (0.20)   

stpr_fac12         0.0505          0.0128          0.0466          0.0720        -0.00781          0.0978          0.0163         -0.0412   
                   (0.47)          (0.15)          (0.75)          (1.33)         (-0.13)          (1.96)          (0.27)         (-0.83)   

stpr_fac13         -0.121          -0.125          -0.109          -0.106        -0.00601          0.0690         -0.0638          0.0290   
                  (-1.00)         (-1.28)         (-1.55)         (-1.73)         (-0.09)          (1.23)         (-0.94)          (0.52)   

stpr_fac14        -0.0179          0.0792         -0.0605          0.0685         -0.0380          0.0907        -0.00754          0.0825   
                  (-0.13)          (0.73)         (-0.78)          (1.02)         (-0.52)          (1.46)         (-0.10)          (1.34)   

stpr_fac15        -0.0614          0.0247         -0.0502         -0.0390          0.0319          0.0318        -0.00188        -0.00670   
                  (-0.54)          (0.27)         (-0.77)         (-0.69)          (0.52)          (0.61)         (-0.03)         (-0.13)   

stpr_fac16        -0.0624          0.0549         -0.0138          0.0465           0.106          0.0439         -0.0432         0.00110   
                  (-0.60)          (0.66)         (-0.23)          (0.89)          (1.88)          (0.92)         (-0.75)          (0.02)   

stpr_fac17         -0.148          -0.118          0.0111          0.0287         -0.0586          0.0623          -0.112*         -0.106*  
                  (-1.59)         (-1.58)          (0.21)          (0.61)         (-1.15)          (1.44)         (-2.15)         (-2.48)   

stpr_fac18        -0.0321           0.140         -0.0671          0.0402        -0.00232          0.0918*        -0.0317          0.0739   
                  (-0.32)          (1.72)         (-1.15)          (0.79)         (-0.04)          (1.96)         (-0.56)          (1.59)   

stpr_fac19        -0.0438          0.0758          0.0726          0.0726          0.0875          0.0819         -0.0343          0.0813   
                  (-0.46)          (0.99)          (1.33)          (1.53)          (1.69)          (1.87)         (-0.65)          (1.87)   

stpr_fac20         0.0681          0.0690           0.101          0.0710          0.0871           0.101*         0.0776          0.0558   
                   (0.73)          (0.91)          (1.86)          (1.51)          (1.70)          (2.34)          (1.49)          (1.30)   

stpr_fac21          0.194           0.128           0.121*          0.136**         0.113*          0.108*          0.118*         0.0287   
                   (1.89)          (1.55)          (2.05)          (2.65)          (2.02)          (2.27)          (2.07)          (0.61)   

stpr_fac22         0.0515           0.119          0.0409          0.0748           0.109          0.0428          0.0185          0.0815   
                   (0.46)          (1.33)          (0.64)          (1.34)          (1.79)          (0.83)          (0.30)          (1.60)   

stpr_fac23         0.0655          0.0800          0.0418          0.0726           0.148*          0.109          0.0626           0.106   
                   (0.52)          (0.79)          (0.58)          (1.15)          (2.16)          (1.88)          (0.90)          (1.84)   

stpr_fac24        -0.0688          0.0810         -0.0624          0.0563         -0.0308          0.0602         -0.0487          0.0679   
                  (-0.55)          (0.80)         (-0.86)          (0.89)         (-0.45)          (1.04)         (-0.70)          (1.18)   

stpr_fac25         -0.126          0.0723         -0.0444          0.0367         -0.0299          0.0444         -0.0736          0.0336   
                  (-1.20)          (0.86)         (-0.74)          (0.70)         (-0.52)          (0.92)         (-1.27)          (0.70)   

stpr_fac26         0.0347          0.0880          0.0387          0.0734          0.0229          0.0935          0.0157          0.0607   
                   (0.23)          (0.74)          (0.45)          (0.99)          (0.28)          (1.36)          (0.19)          (0.89)   

o.stpr_fac27            0               0               0               0               0               0               0               0   
                      (.)             (.)             (.)             (.)             (.)             (.)             (.)             (.)   

stpr_fac28         0.0385          0.0307          0.0533          0.0251          0.0170          0.0472         0.00595         -0.0116   
                   (0.39)          (0.39)          (0.94)          (0.51)          (0.32)          (1.04)          (0.11)         (-0.26)   

stpr_fac29          0.133           0.140          0.0831           0.120*         0.0226          0.0939          0.0557          0.0893   
                   (1.22)          (1.60)          (1.33)          (2.20)          (0.38)          (1.87)          (0.92)          (1.80)   

stpr_fac30       0.000615          0.0175          0.0194        -0.00705         0.00930         -0.0162          0.0149          0.0319   
                   (0.01)          (0.21)          (0.32)         (-0.13)          (0.16)         (-0.33)          (0.25)          (0.66)   

stpr_fac31         0.0660          0.0612          0.0553          0.0448           0.116*         0.0653        -0.00222          0.0221   
                   (0.67)          (0.78)          (0.98)          (0.91)          (2.17)          (1.44)         (-0.04)          (0.49)   

stpr_fac32        -0.0346         -0.0470         -0.0546         0.00639          0.0697          0.0448          0.0348         0.00382   
                  (-0.37)         (-0.62)         (-1.01)          (0.14)          (1.36)          (1.04)          (0.67)          (0.09)   

stpr_fac33         -0.542***      -0.0330          -0.426***       -0.104          0.0199          0.0464          -0.191**         0.193***
                  (-4.60)         (-0.35)         (-6.28)         (-1.75)          (0.31)          (0.85)         (-2.91)          (3.58)   

stpr_fac34        -0.0331          0.0642         0.00949          0.0587          0.0455          0.0371         -0.0655          0.0761   
                  (-0.31)          (0.73)          (0.15)          (1.08)          (0.77)          (0.74)         (-1.09)          (1.53)   

stpr_fac35        -0.0486          0.0949         0.00714          0.0371          0.0936         0.00740         -0.0337          0.0985*  
                  (-0.47)          (1.13)          (0.12)          (0.71)          (1.65)          (0.15)         (-0.58)          (2.06)   

stpr_fac36          0.128          0.0765          0.0204          0.0630        -0.00169         -0.0115          0.0802          0.0627   
                   (1.28)          (0.95)          (0.35)          (1.25)         (-0.03)         (-0.25)          (1.44)          (1.36)   

stpr_fac37        -0.0996         -0.0786         -0.0339          -0.147**         0.150**       -0.0338         -0.0851         -0.0591   
                  (-0.94)         (-0.92)         (-0.55)         (-2.75)          (2.58)         (-0.69)         (-1.44)         (-1.21)   

stpr_fac38        -0.0631          0.0360         -0.0414        -0.00799          0.0702          0.0389         -0.0395          0.0360   
                  (-0.64)          (0.46)         (-0.73)         (-0.16)          (1.31)          (0.86)         (-0.72)          (0.80)   

stpr_fac39        0.00978          0.0542         -0.0168          0.0207          0.0401          0.0557          0.0150          0.0664   
                   (0.11)          (0.73)         (-0.32)          (0.45)          (0.80)          (1.31)          (0.29)          (1.58)   

stpr_fac40         -0.161           0.122         -0.0787          0.0385         -0.0183           0.138**        -0.131*         0.0691   
                  (-1.67)          (1.56)         (-1.41)          (0.79)         (-0.35)          (3.09)         (-2.43)          (1.56)   

stpr_fac41         -0.106          0.0410         -0.0878         -0.0224          0.0288          0.0145         -0.0454          0.0446   
                  (-1.24)          (0.60)         (-1.78)         (-0.52)          (0.62)          (0.37)         (-0.95)          (1.14)   

stpr_fac42          0.138          0.0153           0.119          0.0251           0.139          0.0681           0.114          0.0269   
                   (0.95)          (0.13)          (1.43)          (0.35)          (1.76)          (1.02)          (1.43)          (0.41)   

stpr_fac43        -0.0656           0.147         -0.0603          0.0748         -0.0404          0.0969*        -0.0643           0.103*  
                  (-0.62)          (1.74)         (-1.00)          (1.42)         (-0.70)          (2.00)         (-1.10)          (2.14)   

stpr_fac44          0.110          0.0503           0.114          0.0264          0.0805          0.0284          0.0775          0.0216   
                   (0.83)          (0.47)          (1.48)          (0.40)          (1.11)          (0.46)          (1.05)          (0.35)   

stpr_fac45       -0.00919          0.0859         0.00213          0.0458          0.0423         0.00642        -0.00146          0.0606   
                  (-0.10)          (1.20)          (0.04)          (1.02)          (0.87)          (0.16)         (-0.03)          (1.48)   

stpr_fac46        -0.0147          0.0830          0.0149         -0.0148          0.0775          0.0411        -0.00670          0.0463   
                  (-0.15)          (1.08)          (0.27)         (-0.31)          (1.48)          (0.93)         (-0.13)          (1.06)   

stpr_fac47        -0.0981         0.00884         -0.0379          0.0297         -0.0109          0.0633         -0.0828         -0.0173   
                  (-1.10)          (0.12)         (-0.74)          (0.66)         (-0.22)          (1.54)         (-1.67)         (-0.42)   

stpr_fac48         -0.113         -0.0467         -0.0836         -0.0269         0.00505          0.0255         -0.0459         -0.0211   
                  (-1.12)         (-0.57)         (-1.44)         (-0.53)          (0.09)          (0.55)         (-0.82)         (-0.46)   

stpr_fac49         -0.114          -0.108          -0.118          -0.197***      -0.0290         -0.0612         -0.0901         -0.0898   
                  (-1.04)         (-1.22)         (-1.87)         (-3.56)         (-0.48)         (-1.20)         (-1.47)         (-1.78)   

stpr_fac50          0.301*        -0.0860         -0.0103         -0.0411          0.0730         -0.0327           0.173*       -0.00802   
                   (2.05)         (-0.73)         (-0.12)         (-0.56)          (0.91)         (-0.48)          (2.11)         (-0.12)   

stpr_fac51        -0.0562          0.0226         -0.0693         -0.0183          0.0288          0.0764         -0.0294          0.0356   
                  (-0.64)          (0.32)         (-1.38)         (-0.42)          (0.60)          (1.89)         (-0.61)          (0.89)   

stpr_fac52         -0.276**         0.152*        -0.0300         0.00952         -0.0129          0.0594          -0.163**         0.108*  
                  (-2.95)          (2.02)         (-0.56)          (0.20)         (-0.25)          (1.38)         (-3.14)          (2.53)   

stpr_fac53         0.0619          0.0961          0.0767          0.0732          0.0792           0.117**       -0.0129          0.0542   
                   (0.67)          (1.28)          (1.43)          (1.57)          (1.56)          (2.73)         (-0.25)          (1.27)   

stpr_fac54         -0.103           0.313***      -0.0220          0.0372        -0.00397          0.0323         -0.0716           0.150** 
                  (-0.93)          (3.48)         (-0.34)          (0.66)         (-0.07)          (0.63)         (-1.15)          (2.93)   

stpr_fac55        -0.0110          0.0217         -0.0262          0.0141          0.0986         -0.0150          0.0113          0.0463   
                  (-0.10)          (0.24)         (-0.40)          (0.25)          (1.58)         (-0.28)          (0.18)          (0.88)   

stpr_fac56        -0.0702          0.0116          -0.137**      -0.00593         0.00806          0.0752         -0.0713          0.0367   
                  (-0.81)          (0.17)         (-2.76)         (-0.14)          (0.17)          (1.89)         (-1.49)          (0.93)   

stpr_fac57         0.0184          0.0912         0.00805          0.0735          0.0343          0.0720          0.0177          0.0821   
                   (0.16)          (0.96)          (0.12)          (1.24)          (0.53)          (1.32)          (0.27)          (1.52)   

stpr_fac58        -0.0217          -0.161         -0.0144         -0.0447          0.0554          -0.175***      -0.0259         -0.0436   
                  (-0.19)         (-1.75)         (-0.22)         (-0.78)          (0.89)         (-3.31)         (-0.41)         (-0.83)   

stpr_fac59         0.0620         -0.0470         -0.0612          0.0426         0.00847          0.0653         0.00480          0.0366   
                   (0.71)         (-0.67)         (-1.21)          (0.97)          (0.18)          (1.61)          (0.10)          (0.91)   

stpr_fac60        0.00650        -0.00316         -0.0301          0.0359          0.0312          0.0590         0.00431          0.0796   
                   (0.07)         (-0.04)         (-0.58)          (0.79)          (0.63)          (1.41)          (0.09)          (1.92)   

stpr_fac61         -0.144          0.0917          -0.127          0.0687          -0.131          0.0593         -0.0742          0.0741   
                  (-1.05)          (0.83)         (-1.60)          (1.00)         (-1.75)          (0.94)         (-0.97)          (1.18)   

stpr_fac62         0.0261         0.00937          0.0403          0.0121          0.0329         -0.0141          0.0145         0.00372   
                   (0.25)          (0.11)          (0.66)          (0.23)          (0.57)         (-0.29)          (0.25)          (0.08)   

stpr_fac63       0.000961         -0.0238         -0.0237        -0.00734         -0.0320          0.0661         -0.0107          0.0313   
                   (0.01)         (-0.26)         (-0.36)         (-0.13)         (-0.51)          (1.24)         (-0.17)          (0.59)   

stpr_fac64        -0.0601         -0.0123         -0.0667         -0.0278         -0.0411          0.0591         -0.0406         0.00673   
                  (-0.60)         (-0.15)         (-1.17)         (-0.56)         (-0.76)          (1.29)         (-0.74)          (0.15)   

stpr_fac65        -0.0887          0.0761         -0.0957          0.0561         -0.0116          0.0709         -0.0254          0.0655   
                  (-0.62)          (0.66)         (-1.17)          (0.78)         (-0.15)          (1.08)         (-0.32)          (1.00)   

stpr_fac66        -0.0371         -0.0293         -0.0370        -0.00621          0.0413          0.0206         0.00150          0.0464   
                  (-0.29)         (-0.28)         (-0.50)         (-0.10)          (0.59)          (0.35)          (0.02)          (0.79)   

stpr_fac67        -0.0313          0.0980         -0.0253          0.0467          0.0249          0.0660         -0.0334          0.0237   
                  (-0.23)          (0.88)         (-0.32)          (0.68)          (0.33)          (1.04)         (-0.44)          (0.38)   

o.stpr_fac68            0               0               0               0               0               0               0               0   
                      (.)             (.)             (.)             (.)             (.)             (.)             (.)             (.)   

stpr_fac69        -0.0639          0.0899         -0.0299          0.0705          0.0136          0.0331         -0.0534          0.0379   
                  (-0.46)          (0.81)         (-0.38)          (1.02)          (0.18)          (0.52)         (-0.70)          (0.60)   

stpr_fac70         -0.130         0.00362         -0.0853        -0.00608         -0.0129          0.0239         -0.0477          0.0773   
                  (-1.23)          (0.04)         (-1.40)         (-0.11)         (-0.22)          (0.49)         (-0.81)          (1.60)   

stpr_fac71          0.117          -0.190         -0.0803          0.0634         -0.0335           0.100          0.0822         -0.0555   
                   (0.95)         (-1.91)         (-1.13)          (1.02)         (-0.50)          (1.76)          (1.20)         (-0.98)   

stpr_fac72         -0.112          -0.241**        -0.114         -0.0395         0.00871          0.0446         -0.0602         -0.0878   
                  (-0.97)         (-2.59)         (-1.72)         (-0.68)          (0.14)          (0.84)         (-0.94)         (-1.66)   

stpr_fac73         0.0625          0.0750          0.0434          0.0716          0.0852         -0.0124          0.0250          0.0400   
                   (0.60)          (0.89)          (0.72)          (1.37)          (1.50)         (-0.26)          (0.43)          (0.84)   

stpr_fac74         -0.148          0.0715          -0.101          0.0234        -0.00980          0.0895*         -0.105          0.0383   
                  (-1.51)          (0.91)         (-1.80)          (0.48)         (-0.18)          (1.98)         (-1.94)          (0.86)   

stpr_fac75         -0.104          0.0280          -0.157*       -0.00250          -0.174*          0.122*        -0.0816          0.0731   
                  (-0.84)          (0.28)         (-2.20)         (-0.04)         (-2.57)          (2.13)         (-1.18)          (1.29)   

stpr_fac76          0.243           0.113           0.171*         0.0945           0.223**        0.0367          0.0613          0.0476   
                   (1.82)          (1.05)          (2.22)          (1.41)          (3.06)          (0.60)          (0.83)          (0.78)   

stpr_fac77         0.0325          -0.179         -0.0920         -0.0154         -0.0494          0.0552         -0.0665          0.0356   
                   (0.25)         (-1.68)         (-1.21)         (-0.23)         (-0.68)          (0.90)         (-0.90)          (0.59)   

stpr_fac78          0.290**       -0.0626         -0.0276          0.0985         -0.0332           0.125**        0.0668         0.00512   
                   (2.89)         (-0.77)         (-0.48)          (1.96)         (-0.61)          (2.71)          (1.20)          (0.11)   

stpr_fac79         0.0486           0.148          -0.137           0.141*         -0.194**         0.107          0.0914           0.264***
                   (0.37)          (1.41)         (-1.83)          (2.16)         (-2.73)          (1.77)          (1.26)          (4.42)   

stpr_fac80         0.0380           0.151         -0.0150          0.0131          0.0243          0.0650         -0.0202          0.0726   
                   (0.39)          (1.91)         (-0.26)          (0.27)          (0.45)          (1.43)         (-0.37)          (1.61)   

stpr_fac81         0.0643          -0.110         -0.0963          -0.123**        0.0407         -0.0148          0.0212         -0.0518   
                   (0.73)         (-1.55)         (-1.91)         (-2.80)          (0.85)         (-0.37)          (0.43)         (-1.29)   

stpr_fac82          0.118          -0.124         -0.0661         0.00654          0.0985          0.0959           0.107         -0.0705   
                   (1.11)         (-1.44)         (-1.08)          (0.12)          (1.70)          (1.95)          (1.82)         (-1.45)   

stpr_fac83          0.246           0.198           0.219**         0.204**        0.0955          0.0628           0.117          0.0368   
                   (1.92)          (1.92)          (2.97)          (3.18)          (1.37)          (1.06)          (1.65)          (0.63)   

stpr_fac84         0.0718         -0.0966          0.0991         -0.0598          0.0337        -0.00977          0.0875          -0.106*  
                   (0.72)         (-1.20)          (1.72)         (-1.19)          (0.62)         (-0.21)          (1.57)         (-2.31)   

stpr_fac85         0.0711         0.00968          0.0650          0.0128           0.110          0.0357          0.0490          0.0543   
                   (0.69)          (0.12)          (1.09)          (0.25)          (1.95)          (0.75)          (0.85)          (1.14)   

stpr_fac86        -0.0489          0.0295         -0.0521         0.00950          0.0568          0.0565        -0.00714          0.0409   
                  (-0.42)          (0.32)         (-0.78)          (0.16)          (0.90)          (1.06)         (-0.11)          (0.77)   

stpr_fac87         0.0106          0.0135          0.0169        -0.00120           0.124          0.0174          0.0333          0.0626   
                   (0.09)          (0.14)          (0.25)         (-0.02)          (1.94)          (0.32)          (0.51)          (1.17)   

stpr_fac88        -0.0774         0.00675         -0.0481          0.0651          0.0579           0.104*        -0.0618         -0.0172   
                  (-0.88)          (0.10)         (-0.95)          (1.47)          (1.21)          (2.57)         (-1.26)         (-0.43)   

stpr_fac89        0.00141         -0.0453        -0.00394         -0.0501          0.0278        -0.00406          0.0139          0.0167   
                   (0.02)         (-0.63)         (-0.08)         (-1.12)          (0.57)         (-0.10)          (0.28)          (0.41)   

stpr_fac90        -0.0797          0.0665         -0.0763          0.0234         -0.0856          0.0323         -0.0591          0.0419   
                  (-0.64)          (0.66)         (-1.07)          (0.38)         (-1.26)          (0.56)         (-0.86)          (0.74)   

stpr_fac91        -0.0209          0.0878        -0.00588          0.0461          0.0198          0.0131         0.00254          0.0683   
                  (-0.24)          (1.24)         (-0.12)          (1.05)          (0.41)          (0.32)          (0.05)          (1.70)   

stpr_fac92         0.0229          0.0261         0.00110         0.00243          0.0557          0.0414         0.00228          0.0479   
                   (0.23)          (0.33)          (0.02)          (0.05)          (1.04)          (0.91)          (0.04)          (1.07)   

stpr_fac93         0.0408           0.143          0.0398          0.0943*         0.0993          0.0692          0.0342           0.117** 
                   (0.43)          (1.86)          (0.73)          (1.98)          (1.91)          (1.58)          (0.65)          (2.69)   

stpr_fac94         -0.447***        0.224**       -0.0352        -0.00534        -0.00707          0.0320          -0.190***        0.128** 
                  (-4.96)          (3.08)         (-0.68)         (-0.12)         (-0.14)          (0.77)         (-3.79)          (3.09)   

stpr_fac95         0.0131          0.0253          0.0214         0.00528          0.0287          0.0329         0.00546          0.0209   
                   (0.13)          (0.30)          (0.36)          (0.10)          (0.51)          (0.69)          (0.10)          (0.44)   

stpr_fac96        -0.0575          0.0848         -0.0513          0.0395         -0.0503          0.0148         -0.0788          0.0244   
                  (-0.58)          (1.06)         (-0.90)          (0.79)         (-0.93)          (0.32)         (-1.43)          (0.54)   

stpr_fac97         0.0654          0.0117         -0.0393          0.0493          0.0467          0.0561          0.0138          0.0195   
                   (0.77)          (0.17)         (-0.81)          (1.17)          (1.01)          (1.44)          (0.30)          (0.51)   

stpr_fac98          0.153         -0.0363         -0.0162        -0.00458           0.107*         0.0867*         0.0862         -0.0368   
                   (1.64)         (-0.48)         (-0.30)         (-0.10)          (2.11)          (2.02)          (1.67)         (-0.86)   

stpr_fac99        -0.0382           0.145         -0.0579          0.0918         -0.0396           0.107         -0.0724          0.0666   
                  (-0.31)          (1.47)         (-0.82)          (1.49)         (-0.59)          (1.88)         (-1.06)          (1.18)   

stpr_fac100         0.174        -0.00979           0.131*          0.172***        0.112*         0.0598         -0.0146         -0.0166   
                   (1.69)         (-0.12)          (2.20)          (3.32)          (1.98)          (1.26)         (-0.25)         (-0.35)   

stpr_fac101        0.0781           0.169*         0.0859           0.130*        0.00856          0.0470          0.0497          0.0972*  
                   (0.73)          (1.98)          (1.40)          (2.43)          (0.15)          (0.96)          (0.84)          (2.00)   

stpr_fac102         0.161           0.271**        0.0736           0.258***       0.0139           0.212***        0.118           0.107*  
                   (1.43)          (2.99)          (1.13)          (4.56)          (0.23)          (4.06)          (1.88)          (2.07)   

stpr_fac103        0.0705         -0.0697         0.00211         -0.0315          0.0649          0.0125         0.00215         -0.0452   
                   (0.75)         (-0.92)          (0.04)         (-0.67)          (1.26)          (0.29)          (0.04)         (-1.05)   

_cons              0.0152         -0.0526          0.0194         -0.0315         -0.0207         -0.0494          0.0166         -0.0443   
                   (0.19)         (-0.83)          (0.43)         (-0.80)         (-0.48)         (-1.36)          (0.38)         (-1.23)   
--------------------------------------------------------------------------------------------------------------------------------------------
N                    1211            1211            1211            1211            1211            1211            1211            1211   
R-sq                0.295           0.279           0.305           0.297           0.198           0.210           0.288           0.307   
--------------------------------------------------------------------------------------------------------------------------------------------
t statistics in parentheses
* p<0.05, ** p<0.01, *** p<0.001
