--------------------------------------------------------------------------------------------------------------------------------------------
                      (1)             (2)             (3)             (4)             (5)             (6)             (7)             (8)   
             avwage_bac~d    avwage_pre~t    pop_backward     pop_predict    wagebill_b~d    wagebill_p~t    wageemp_ba~d    wageemp_pr~t   
--------------------------------------------------------------------------------------------------------------------------------------------
lncedpi92d~e      -0.0251           0.132***       -0.122***      0.00331          -0.203**         0.121          -0.179**      -0.00515   
                  (-0.76)          (4.51)         (-4.34)          (0.12)         (-2.87)          (1.65)         (-3.21)         (-0.09)   

stpr_fac1         -0.0139         -0.0940*        -0.0604         -0.0921*         -0.101         -0.0684         -0.0955          0.0263   
                  (-0.33)         (-2.53)         (-1.68)         (-2.53)         (-1.12)         (-0.74)         (-1.35)          (0.35)   

stpr_fac2        -0.00965         -0.0522         -0.0260         -0.0207         -0.0583         -0.0150         -0.0487          0.0303   
                  (-0.32)         (-1.92)         (-0.99)         (-0.78)         (-0.89)         (-0.22)         (-0.94)          (0.55)   

stpr_fac3         -0.0491         -0.0559*        -0.0650*        -0.0577*         -0.125         -0.0945          -0.115*        -0.0232   
                  (-1.56)         (-1.98)         (-2.39)         (-2.09)         (-1.83)         (-1.35)         (-2.15)         (-0.40)   

stpr_fac4          0.0511          -0.160***       0.0384         -0.0385          0.0213          -0.107         -0.0305          0.0521   
                   (1.17)         (-4.10)          (1.02)         (-1.01)          (0.23)         (-1.10)         (-0.41)          (0.65)   

stpr_fac5         -0.0417          0.0293          -0.117**         0.107**        -0.315**       -0.0950          -0.358***       -0.102   
                  (-0.93)          (0.73)         (-3.04)          (2.75)         (-3.27)         (-0.96)         (-4.72)         (-1.25)   

stpr_fac6          0.0449         -0.0605           0.146**        0.0332          0.0506         -0.0588         -0.0159          0.0141   
                   (0.69)         (-1.04)          (2.62)          (0.59)          (0.36)         (-0.41)         (-0.14)          (0.12)   

stpr_fac7           0.121**       -0.0920*         0.0472         -0.0423          0.0409         0.00965        -0.00310           0.174*  
                   (2.91)         (-2.49)          (1.32)         (-1.17)          (0.46)          (0.10)         (-0.04)          (2.30)   

stpr_fac8          0.0471         -0.0550          0.0780*        -0.0191          -0.144         -0.0881          -0.216**       -0.0531   
                   (1.09)         (-1.42)          (2.10)         (-0.51)         (-1.54)         (-0.92)         (-2.94)         (-0.67)   

stpr_fac9          0.0385         -0.0819*         0.0376         -0.0708*         0.0266          0.0186        -0.00519           0.104   
                   (0.94)         (-2.24)          (1.07)         (-1.98)          (0.30)          (0.20)         (-0.07)          (1.39)   

stpr_fac10        -0.0436          -0.173***      -0.0543          -0.104**       -0.0826         -0.0974          -0.121         0.00470   
                  (-1.10)         (-4.89)         (-1.59)         (-3.01)         (-0.97)         (-1.11)         (-1.81)          (0.07)   

stpr_fac11         0.0576          -0.132***      0.00652         -0.0225         -0.0304          0.0362         -0.0578           0.115   
                   (1.60)         (-4.12)          (0.21)         (-0.72)         (-0.39)          (0.45)         (-0.95)          (1.75)   

stpr_fac12         0.0482         -0.0313          0.0386          0.0220          -0.146          0.0661          -0.164**         0.107   
                   (1.33)         (-0.97)          (1.24)          (0.70)         (-1.87)          (0.82)         (-2.68)          (1.62)   

stpr_fac13         0.0682          -0.137**       -0.0281          -0.173***      -0.0175          -0.233         -0.0685         -0.0287   
                   (1.22)         (-2.74)         (-0.58)         (-3.54)         (-0.14)         (-1.87)         (-0.72)         (-0.28)   

stpr_fac14         0.0559          -0.189***       0.0397         -0.0479           0.260        -0.00204           0.222*          0.139   
                   (0.88)         (-3.34)          (0.73)         (-0.86)          (1.90)         (-0.01)          (2.06)          (1.20)   

stpr_fac15        0.00560          -0.161***      -0.0160         -0.0811*         0.0846         -0.0534          0.0175           0.129   
                   (0.13)         (-4.32)         (-0.44)         (-2.22)          (0.94)         (-0.57)          (0.25)          (1.68)   

stpr_fac16         0.0434          -0.225***        0.140**       -0.0928*          0.121          -0.185          0.0840          0.0296   
                   (0.84)         (-4.87)          (3.13)         (-2.05)          (1.08)         (-1.60)          (0.95)          (0.31)   

stpr_fac17         0.0269          -0.134***       0.0610         -0.0136          0.0248          0.0201         -0.0107           0.134   
                   (0.66)         (-3.68)          (1.74)         (-0.38)          (0.28)          (0.22)         (-0.15)          (1.80)   

stpr_fac18         0.0155          -0.157***       0.0627          0.0397          -0.161         -0.0235          -0.136           0.111   
                   (0.34)         (-3.85)          (1.60)          (1.00)         (-1.64)         (-0.23)         (-1.76)          (1.33)   

stpr_fac19          0.146***      -0.0863*         0.0249          0.0277          0.0953          0.0278          0.0613           0.133   
                   (3.68)         (-2.43)          (0.73)          (0.80)          (1.11)          (0.31)          (0.91)          (1.82)   

stpr_fac20         0.0613         -0.0463          0.0211          0.0234         -0.0615          0.0468          -0.111          0.0792   
                   (1.64)         (-1.39)          (0.66)          (0.72)         (-0.76)          (0.56)         (-1.74)          (1.16)   

stpr_fac21         0.0262         -0.0803*         0.0786*         0.0438         0.00588          0.0711         -0.0357           0.135   
                   (0.64)         (-2.20)          (2.23)          (1.22)          (0.07)          (0.78)         (-0.51)          (1.80)   

stpr_fac22         0.0405         -0.0911*         0.0132         -0.0152         -0.0457          0.0376          -0.104           0.115   
                   (0.92)         (-2.31)          (0.35)         (-0.39)         (-0.48)          (0.38)         (-1.39)          (1.42)   

stpr_fac23         0.0790          0.0568         -0.0337         -0.0331         -0.0299          0.0593         -0.0992           0.109   
                   (1.61)          (1.29)         (-0.80)         (-0.77)         (-0.28)          (0.54)         (-1.19)          (1.21)   

stpr_fac24         0.0220         -0.0949*       0.000715         -0.0217          -0.114          0.0338          -0.114           0.119   
                   (0.44)         (-2.11)          (0.02)         (-0.49)         (-1.05)          (0.30)         (-1.33)          (1.29)   

stpr_fac25        -0.0182         -0.0831*         0.0175          0.0115         -0.0319         -0.0200         -0.0300          0.0541   
                  (-0.44)         (-2.27)          (0.50)          (0.32)         (-0.36)         (-0.22)         (-0.43)          (0.72)   

stpr_fac26        -0.0105         -0.0431          0.0320         0.00605         0.00615         -0.0855         -0.0711          0.0388   
                  (-0.16)         (-0.74)          (0.57)          (0.11)          (0.04)         (-0.59)         (-0.64)          (0.33)   

stpr_fac27        -0.0294         -0.0699          0.0324        -0.00478          -0.121         -0.0243          -0.101          0.0681   
                  (-0.46)         (-1.22)          (0.59)         (-0.09)         (-0.88)         (-0.17)         (-0.93)          (0.58)   

stpr_fac28        -0.0248         -0.0548        -0.00151         -0.0229          -0.114         -0.0126         -0.0954          0.0322   
                  (-0.79)         (-1.95)         (-0.06)         (-0.84)         (-1.68)         (-0.18)         (-1.79)          (0.56)   

stpr_fac29         0.0136         -0.0265          0.0576          0.0106          0.0468           0.208*         0.0122           0.207** 
                   (0.32)         (-0.71)          (1.59)          (0.29)          (0.52)          (2.22)          (0.17)          (2.69)   

stpr_fac30        -0.0439         -0.0684*        -0.0383         -0.0285          -0.234**       0.00741          -0.194***       0.0815   
                  (-1.32)         (-2.31)         (-1.34)         (-0.98)         (-3.28)          (0.10)         (-3.45)          (1.35)   

stpr_fac31         0.0690          -0.145**         0.115**      -0.00126           0.195         -0.0586           0.119          0.0884   
                   (1.36)         (-3.22)          (2.63)         (-0.03)          (1.79)         (-0.52)          (1.38)          (0.96)   

stpr_fac32          0.100*         -0.102*         0.0423         -0.0569           0.108          0.0104          0.0341          0.0762   
                   (2.19)         (-2.50)          (1.08)         (-1.43)          (1.10)          (0.10)          (0.44)          (0.91)   

stpr_fac33        -0.0170          -0.139**        -0.309***       -0.108*         0.0134          -0.117         -0.0458          0.0209   
                  (-0.31)         (-2.86)         (-6.59)         (-2.26)          (0.11)         (-0.96)         (-0.49)          (0.21)   

stpr_fac34        -0.0141          -0.143**        0.0692         0.00246         -0.0161         -0.0137         -0.0189          0.0818   
                  (-0.28)         (-3.21)          (1.62)          (0.06)         (-0.15)         (-0.12)         (-0.22)          (0.90)   

stpr_fac35          0.103*       -0.00847         0.00672         -0.0535         -0.0656         -0.0862          -0.155*      -0.000475   
                   (2.31)         (-0.21)          (0.18)         (-1.37)         (-0.68)         (-0.87)         (-2.06)         (-0.01)   

stpr_fac36        -0.0238          -0.166***       0.0714          0.0166         -0.0406          -0.135         -0.0285        -0.00258   
                  (-0.47)         (-3.64)          (1.63)          (0.37)         (-0.37)         (-1.19)         (-0.33)         (-0.03)   

stpr_fac37         0.0795         -0.0856*        -0.0247          -0.106**        -0.141         -0.0533          -0.195*         0.0800   
                   (1.72)         (-2.07)         (-0.62)         (-2.61)         (-1.41)         (-0.52)         (-2.48)          (0.95)   

stpr_fac38         0.0306         -0.0632*        -0.0688**       -0.0371         -0.0538          0.0409         -0.0943          0.0843   
                   (0.99)         (-2.29)         (-2.59)         (-1.38)         (-0.81)          (0.59)         (-1.80)          (1.49)   

stpr_fac39         0.0160          0.0481         -0.0648*        -0.0298          -0.114          0.0350          -0.119*         0.0508   
                   (0.48)          (1.61)         (-2.25)         (-1.02)         (-1.58)          (0.47)         (-2.10)          (0.83)   

stpr_fac40         0.0929**       -0.0303         -0.0797*        -0.0747*         0.0740         -0.0120         -0.0338         -0.0300   
                   (2.58)         (-0.94)         (-2.57)         (-2.38)          (0.95)         (-0.15)         (-0.55)         (-0.46)   

stpr_fac41       -0.00908         -0.0691*        -0.0668*        -0.0674*         -0.192**        0.0539          -0.183***       0.0947   
                  (-0.29)         (-2.51)         (-2.52)         (-2.51)         (-2.89)          (0.79)         (-3.50)          (1.68)   

stpr_fac42        -0.0139       -0.000387         -0.0428         0.00252         -0.0532           0.203**        -0.106           0.136*  
                  (-0.40)         (-0.01)         (-1.42)          (0.08)         (-0.70)          (2.60)         (-1.77)          (2.13)   

stpr_fac43        0.00117         -0.0319        -0.00922         -0.0614*        -0.0940         -0.0289          -0.110          0.0166   
                   (0.03)         (-1.03)         (-0.31)         (-2.03)         (-1.26)         (-0.37)         (-1.87)          (0.26)   

stpr_fac44         0.0204         -0.0927*         0.0536          0.0146          0.0106         -0.0526          0.0119          0.0533   
                   (0.48)         (-2.43)          (1.46)          (0.39)          (0.12)         (-0.55)          (0.16)          (0.68)   

stpr_fac45        -0.0247         -0.0428         0.00618        -0.00608          0.0126         -0.0522         -0.0816          0.0539   
                  (-0.70)         (-1.36)          (0.20)         (-0.20)          (0.17)         (-0.67)         (-1.36)          (0.84)   

stpr_fac46         0.0251         -0.0354         -0.0289         -0.0360          -0.115          0.0393          -0.126*         0.0804   
                   (0.78)         (-1.23)         (-1.04)         (-1.28)         (-1.66)          (0.55)         (-2.30)          (1.36)   

stpr_fac47        -0.0468         -0.0680*         0.0362         -0.0326         -0.0344         -0.0874         -0.0385          0.0263   
                  (-1.24)         (-2.02)          (1.11)         (-0.99)         (-0.42)         (-1.04)         (-0.60)          (0.38)   

stpr_fac48        -0.0317          -0.155***     -0.00555         -0.0631          0.0751           0.221*         0.0489           0.325***
                  (-0.73)         (-3.99)         (-0.15)         (-1.66)          (0.80)          (2.29)          (0.66)          (4.10)   

stpr_fac49        -0.0696          -0.352***       0.0727          -0.173**        -0.326*         -0.587***       -0.251*         -0.229*  
                  (-1.10)         (-6.26)          (1.34)         (-3.14)         (-2.40)         (-4.18)         (-2.35)         (-1.99)   

stpr_fac50        0.00373         -0.0706         -0.0351         -0.0449         -0.0292           0.101         -0.0659           0.149   
                   (0.08)         (-1.75)         (-0.90)         (-1.13)         (-0.30)          (1.00)         (-0.86)          (1.80)   

stpr_fac51         0.0233         -0.0863**       -0.0349         -0.0555          -0.147*        -0.0875          -0.131*         0.0195   
                   (0.67)         (-2.79)         (-1.17)         (-1.83)         (-1.96)         (-1.13)         (-2.23)          (0.31)   

stpr_fac52        -0.0275          -0.109**       0.00516         -0.0293          -0.135         -0.0703          -0.113          0.0220   
                  (-0.73)         (-3.25)          (0.16)         (-0.89)         (-1.67)         (-0.84)         (-1.78)          (0.32)   

stpr_fac53         0.0604         0.00287         0.00921         -0.0388         -0.0545          0.0511          -0.117*         0.0558   
                   (1.95)          (0.10)          (0.35)         (-1.43)         (-0.82)          (0.74)         (-2.23)          (0.98)   

stpr_fac54         0.0538          -0.117**        0.0377         -0.0114         0.00928         -0.0791         -0.0703          0.0258   
                   (1.10)         (-2.66)          (0.89)         (-0.27)          (0.09)         (-0.72)         (-0.84)          (0.29)   

stpr_fac55        -0.0225         -0.0594         -0.0143         -0.0292         -0.0613         -0.0142         -0.0365          0.0406   
                  (-0.62)         (-1.82)         (-0.45)         (-0.92)         (-0.78)         (-0.17)         (-0.59)          (0.61)   

stpr_fac56         0.0721          -0.214***       0.0474         -0.0859*         0.0982         -0.0363          0.0165           0.174*  
                   (1.51)         (-5.01)          (1.15)         (-2.06)          (0.95)         (-0.34)          (0.20)          (1.99)   

stpr_fac57         0.0282          -0.139**        0.0177         -0.0147          -0.131          -0.155         -0.0545         -0.0262   
                   (0.53)         (-2.94)          (0.39)         (-0.32)         (-1.14)         (-1.31)         (-0.61)         (-0.27)   

stpr_fac58        -0.0735          -0.132**        0.0320         -0.0166          -0.254*         -0.186          -0.162*        -0.0270   
                  (-1.52)         (-3.06)          (0.77)         (-0.39)         (-2.44)         (-1.73)         (-1.98)         (-0.31)   

stpr_fac59         0.0351         -0.0856**       -0.0540         -0.0368          -0.208**      -0.00483          -0.231***       0.0699   
                   (1.09)         (-2.98)         (-1.95)         (-1.31)         (-3.00)         (-0.07)         (-4.23)          (1.19)   

stpr_fac60         0.0257          -0.136***     -0.00819         -0.0795*        0.00887         -0.0859         -0.0260          0.0506   
                   (0.60)         (-3.54)         (-0.22)         (-2.12)          (0.10)         (-0.90)         (-0.36)          (0.64)   

stpr_fac61         0.0493          -0.265***        0.101         -0.0499          0.0923          -0.227          0.0296          0.0417   
                   (0.74)         (-4.43)          (1.75)         (-0.85)          (0.64)         (-1.52)          (0.26)          (0.34)   

stpr_fac62         0.0228         -0.0998**        0.0255        -0.00978         -0.0295         -0.0302         -0.0808          0.0651   
                   (0.64)         (-3.16)          (0.84)         (-0.32)         (-0.39)         (-0.38)         (-1.35)          (1.01)   

stpr_fac63         0.0319          -0.114**      -0.00204          -0.146***      -0.0338         -0.0195         -0.0833          0.0682   
                   (0.72)         (-2.89)         (-0.05)         (-3.76)         (-0.35)         (-0.20)         (-1.11)          (0.84)   

stpr_fac64         0.0849*        -0.0243         -0.0274         -0.0714*         -0.127          0.0409          -0.129           0.123   
                   (2.10)         (-0.68)         (-0.79)         (-2.03)         (-1.46)          (0.46)         (-1.89)          (1.67)   

stpr_fac65         0.0266          -0.190***        0.100         -0.0572           0.373**        -0.161           0.235*         0.0789   
                   (0.42)         (-3.34)          (1.82)         (-1.03)          (2.71)         (-1.14)          (2.17)          (0.68)   

stpr_fac66        -0.0249         -0.0475         -0.0524         -0.0418         -0.0107         -0.0852          0.0477        -0.00274   
                  (-0.45)         (-0.97)         (-1.11)         (-0.87)         (-0.09)         (-0.70)          (0.51)         (-0.03)   

stpr_fac67         0.0206          -0.102*         0.0262        -0.00541          0.0870          0.0127          0.0896           0.127   
                   (0.43)         (-2.39)          (0.64)         (-0.13)          (0.85)          (0.12)          (1.11)          (1.46)   

stpr_fac68        -0.0189         -0.0868          0.0139         -0.0594         -0.0697          -0.228         -0.0832         0.00614   
                  (-0.34)         (-1.73)          (0.29)         (-1.21)         (-0.57)         (-1.82)         (-0.87)          (0.06)   

stpr_fac69         0.0390         -0.0602        0.000129         -0.0122         -0.0343          0.0305         -0.0583          0.0819   
                   (0.86)         (-1.49)          (0.00)         (-0.31)         (-0.35)          (0.30)         (-0.76)          (0.99)   

stpr_fac70        -0.0166         -0.0927**       -0.0989**       -0.0938**        0.0212          0.0525         -0.0368          0.0838   
                  (-0.43)         (-2.67)         (-2.95)         (-2.76)          (0.25)          (0.61)         (-0.56)          (1.18)   

stpr_fac71         0.0998*         -0.121**        0.0111         -0.0608         -0.0260         -0.0149         -0.0640          0.0479   
                   (2.42)         (-3.28)          (0.31)         (-1.69)         (-0.29)         (-0.16)         (-0.92)          (0.64)   

stpr_fac72         0.0600          -0.253***       0.0933         -0.0811          0.0697          -0.195          0.0210          0.0478   
                   (0.92)         (-4.32)          (1.66)         (-1.42)          (0.49)         (-1.34)          (0.19)          (0.40)   

stpr_fac73        -0.0120          -0.107**        0.0660*        0.00174          0.0503           0.130       -0.000765           0.203** 
                  (-0.32)         (-3.23)          (2.06)          (0.05)          (0.63)          (1.58)         (-0.01)          (3.00)   

stpr_fac74         0.0437          -0.155***       0.0681         -0.0417          0.0843         0.00399          0.0769           0.147   
                   (0.88)         (-3.48)          (1.59)         (-0.96)          (0.79)          (0.04)          (0.91)          (1.61)   

stpr_fac75        0.00643          -0.184***      -0.0160         -0.0929*        -0.0789          -0.177         -0.0948         -0.0344   
                   (0.12)         (-3.90)         (-0.35)         (-2.01)         (-0.69)         (-1.51)         (-1.06)         (-0.36)   

stpr_fac76         0.0221          0.0401          0.0386          0.0195          0.0230         -0.0400         -0.0825          0.0450   
                   (0.41)          (0.84)          (0.84)          (0.42)          (0.20)         (-0.34)         (-0.91)          (0.46)   

stpr_fac77         0.0799          -0.164**        0.0147          -0.143**        0.0821           0.218          0.0181           0.341** 
                   (1.29)         (-2.97)          (0.28)         (-2.64)          (0.61)          (1.58)          (0.17)          (3.01)   

stpr_fac78         0.0707*        -0.0274        -0.00537         -0.0194          -0.251**        0.0877          -0.225***       0.0952   
                   (2.00)         (-0.87)         (-0.18)         (-0.63)         (-3.28)          (1.11)         (-3.74)          (1.47)   

o.stpr_fac79            0               0               0               0               0               0               0               0   
                      (.)             (.)             (.)             (.)             (.)             (.)             (.)             (.)   

stpr_fac80        0.00709         -0.0487         -0.0489         -0.0568          -0.152*         0.0171          -0.168**        0.0634   
                   (0.20)         (-1.54)         (-1.60)         (-1.83)         (-1.99)          (0.22)         (-2.79)          (0.98)   

stpr_fac81         0.0503          -0.209***       0.0111         -0.0731         -0.0410          -0.197         -0.0615         -0.0293   
                   (1.05)         (-4.87)          (0.27)         (-1.74)         (-0.40)         (-1.85)         (-0.75)         (-0.33)   

stpr_fac82         0.0751          0.0764*        -0.0514         -0.0556         -0.0629           0.123          -0.119           0.116   
                   (1.81)          (2.06)         (-1.44)         (-1.53)         (-0.70)          (1.33)         (-1.68)          (1.53)   

stpr_fac83          0.108*        -0.0668           0.225***       0.0906*          0.102          0.0533           0.119          0.0962   
                   (2.05)         (-1.42)          (4.95)          (1.96)          (0.90)          (0.45)          (1.33)          (1.00)   

stpr_fac84         0.0328         -0.0357           0.119***       -0.107**        -0.167*         0.0239          -0.169**        0.0207   
                   (0.86)         (-1.05)          (3.61)         (-3.21)         (-2.02)          (0.28)         (-2.60)          (0.30)   

stpr_fac85       -0.00598          0.0714*         -0.115***      -0.0186          -0.316***        0.139          -0.256***       0.0980   
                  (-0.15)          (2.00)         (-3.34)         (-0.53)         (-3.66)          (1.56)         (-3.77)          (1.34)   

stpr_fac86         0.0257         -0.0514         -0.0355         -0.0266          -0.214*        -0.0333          -0.174**       -0.0160   
                   (0.65)         (-1.45)         (-1.04)         (-0.77)         (-2.51)         (-0.38)         (-2.59)         (-0.22)   

stpr_fac87         0.0387         -0.0459         -0.0486         -0.0494         -0.0896           0.154         -0.0471           0.163*  
                   (1.05)         (-1.40)         (-1.53)         (-1.53)         (-1.13)          (1.88)         (-0.75)          (2.42)   

stpr_fac88        0.00300          -0.158***       0.0645          0.0241           0.206*        -0.0613          0.0816         -0.0238   
                   (0.06)         (-3.78)          (1.60)          (0.59)          (2.04)         (-0.59)          (1.03)         (-0.28)   

stpr_fac89        0.00526          -0.128***      -0.0350         -0.0862**       -0.0928         -0.0160         -0.0916          0.0364   
                   (0.14)         (-3.87)         (-1.10)         (-2.67)         (-1.17)         (-0.20)         (-1.46)          (0.54)   

stpr_fac90        0.00992          -0.107**      -0.00459         -0.0869*         -0.101          0.0293          -0.110           0.150   
                   (0.23)         (-2.75)         (-0.12)         (-2.27)         (-1.07)          (0.30)         (-1.48)          (1.88)   

stpr_fac91      -0.000958         -0.0903**       -0.0139       -0.000598         -0.0121          0.0477         -0.0416           0.110   
                  (-0.03)         (-3.06)         (-0.49)         (-0.02)         (-0.17)          (0.65)         (-0.74)          (1.81)   

stpr_fac92       -0.00543          -0.115**        0.0518         -0.0524         -0.0168         -0.0499         -0.0485          0.0822   
                  (-0.11)         (-2.65)          (1.24)         (-1.23)         (-0.16)         (-0.46)         (-0.59)          (0.93)   

stpr_fac93         0.0493         -0.0980**        0.0253         -0.0119         -0.0462          -0.113          -0.112          0.0136   
                   (1.26)         (-2.82)          (0.76)         (-0.35)         (-0.55)         (-1.30)         (-1.69)          (0.19)   

stpr_fac94         0.0166          -0.175**         0.101         -0.0420           0.117          -0.186           0.101          0.0439   
                   (0.28)         (-3.28)          (1.96)         (-0.80)          (0.90)         (-1.40)          (0.99)          (0.40)   

stpr_fac95         0.0110         -0.0820*         0.0171         -0.0323         -0.0612        -0.00359         -0.0961          0.0906   
                   (0.26)         (-2.15)          (0.47)         (-0.87)         (-0.67)         (-0.04)         (-1.33)          (1.16)   

stpr_fac96       -0.00113         -0.0987**        0.0461         -0.0272          -0.220**        -0.182*         -0.171**     -0.000745   
                  (-0.03)         (-2.93)          (1.42)         (-0.83)         (-2.71)         (-2.17)         (-2.67)         (-0.01)   

stpr_fac97         0.0226          -0.205***       0.0776         -0.0615           0.144          -0.138           0.108          0.0488   
                   (0.45)         (-4.60)          (1.81)         (-1.41)          (1.34)         (-1.24)          (1.28)          (0.54)   

stpr_fac98         0.0870*         -0.152***     -0.00688         -0.0547        -0.00527         -0.0823         -0.0945          0.0588   
                   (2.40)         (-4.70)         (-0.22)         (-1.73)         (-0.07)         (-1.02)         (-1.53)          (0.89)   

stpr_fac99         0.0619         -0.0214          0.0267        -0.00486          -0.148         -0.0794          -0.137*         0.0538   
                   (1.53)         (-0.59)          (0.77)         (-0.14)         (-1.70)         (-0.88)         (-2.00)          (0.73)   

o.stpr_f~100            0               0               0               0               0               0               0               0   
                      (.)             (.)             (.)             (.)             (.)             (.)             (.)             (.)   

stpr_fac101       -0.0259         -0.0351        -0.00483          0.0192         -0.0464          0.0942         0.00810           0.130   
                  (-0.62)         (-0.95)         (-0.14)          (0.53)         (-0.52)          (1.02)          (0.11)          (1.72)   

stpr_fac102         0.155**       -0.0274           0.133**         0.171***        0.261*          0.271**        0.0891           0.294***
                   (3.29)         (-0.65)          (3.28)          (4.16)          (2.57)          (2.59)          (1.12)          (3.43)   

stpr_fac103        0.0850*        -0.0538          0.0101        -0.00762         -0.0607          0.0628         -0.0757           0.142*  
                   (2.46)         (-1.75)          (0.34)         (-0.25)         (-0.82)          (0.82)         (-1.29)          (2.25)   

_cons             -0.0165          0.0809**       0.00140          0.0293          0.0567          0.0109          0.0759         -0.0685   
                  (-0.54)          (2.99)          (0.05)          (1.11)          (0.87)          (0.16)          (1.47)         (-1.24)   
--------------------------------------------------------------------------------------------------------------------------------------------
N                    1211            1211            1211            1211            1211            1211            1211            1211   
R-sq                0.230           0.230           0.314           0.271           0.247           0.190           0.242           0.191   
--------------------------------------------------------------------------------------------------------------------------------------------
t statistics in parentheses
* p<0.05, ** p<0.01, *** p<0.001
