--------------------------------------------------------------------------------------------------------------------------------------------
                      (1)             (2)             (3)             (4)             (5)             (6)             (7)             (8)   
             aginc_back~d    aginc_pred~t    nfincome_b~d    nfincome_p~t    output_bac~d    output_pre~t    percapinc_~d    percapinc_~t   
--------------------------------------------------------------------------------------------------------------------------------------------
lncedpi89d~e      -0.0817         -0.0484         -0.0863*        -0.0365          -0.125***      -0.0893**       -0.0611         -0.0389   
                  (-1.33)         (-0.89)         (-2.20)         (-1.05)         (-3.35)         (-2.98)         (-1.79)         (-1.29)   

stpr_fac1         -0.0606         -0.0761          -0.105*        -0.0836*        -0.0254         -0.0753*        -0.0103         -0.0412   
                  (-0.84)         (-1.19)         (-2.26)         (-2.04)         (-0.58)         (-2.13)         (-0.26)         (-1.16)   

stpr_fac2          0.0101         -0.0821         -0.0508         -0.0540         -0.0853          -0.113**       -0.0150          -0.112** 
                   (0.14)         (-1.27)         (-1.09)         (-1.31)         (-1.92)         (-3.18)         (-0.37)         (-3.11)   

stpr_fac3         -0.0300         -0.0759         -0.0403         -0.0650         -0.0720          -0.140***      -0.0326         -0.0535   
                  (-0.44)         (-1.27)         (-0.93)         (-1.70)         (-1.75)         (-4.23)         (-0.87)         (-1.61)   

stpr_fac4          0.0643         -0.0799          0.0699         -0.0562          0.0516         -0.0468          0.0311         -0.0768*  
                   (0.90)         (-1.26)          (1.53)         (-1.39)          (1.19)         (-1.34)          (0.78)         (-2.19)   

stpr_fac5          0.0372         -0.0715         -0.0664          0.0245         -0.0742         -0.0956          0.0880         -0.0223   
                   (0.37)         (-0.81)         (-1.04)          (0.43)         (-1.22)         (-1.95)          (1.58)         (-0.45)   

stpr_fac6           0.177           0.148           0.156*          0.108         0.00321         -0.0117         0.00453         -0.0651   
                   (1.45)          (1.37)          (2.00)          (1.56)          (0.04)         (-0.20)          (0.07)         (-1.08)   

stpr_fac7          -0.135         -0.0489         -0.0415          0.0150         0.00882          -0.107**       -0.0927*        -0.0449   
                  (-1.69)         (-0.69)         (-0.81)          (0.33)          (0.18)         (-2.75)         (-2.08)         (-1.14)   

stpr_fac8        -0.00609          -0.146          0.0958         -0.0559          0.0144         -0.0924*       0.000434          -0.105*  
                  (-0.07)         (-1.86)          (1.68)         (-1.11)          (0.26)         (-2.12)          (0.01)         (-2.39)   

stpr_fac9          0.0312         -0.0848          0.0347         -0.0960*         0.0143         -0.0239         0.00987          -0.106** 
                   (0.47)         (-1.43)          (0.81)         (-2.54)          (0.35)         (-0.73)          (0.26)         (-3.24)   

stpr_fac10        -0.0959          -0.158*        -0.0954*         -0.128**        -0.152***       -0.177***      -0.0975*        -0.0598   
                  (-1.28)         (-2.40)         (-2.00)         (-3.04)         (-3.34)         (-4.84)         (-2.34)         (-1.63)   

stpr_fac11         0.0351         -0.0659         0.00712         -0.0673         -0.0245         -0.0650*       -0.00257         -0.0801*  
                   (0.54)         (-1.15)          (0.17)         (-1.84)         (-0.62)         (-2.06)         (-0.07)         (-2.52)   

stpr_fac12        0.00862         -0.0671          0.0320         -0.0117         -0.0719         -0.0511         -0.0246          -0.116** 
                   (0.11)         (-1.01)          (0.66)         (-0.28)         (-1.57)         (-1.39)         (-0.58)         (-3.14)   

stpr_fac13         -0.111          -0.196*        -0.0641          -0.195***       0.0468         -0.0465         -0.0650         -0.0293   
                  (-1.27)         (-2.55)         (-1.15)         (-3.97)          (0.88)         (-1.09)         (-1.34)         (-0.68)   

stpr_fac14         0.0380         0.00837         0.00965          0.0210        -0.00345          0.0163         0.00215          0.0278   
                   (0.36)          (0.09)          (0.14)          (0.36)         (-0.05)          (0.32)          (0.04)          (0.54)   

stpr_fac15         0.0437         -0.0758          0.0533          -0.140***       0.0902*        -0.0700*         0.0367          -0.102** 
                   (0.67)         (-1.32)          (1.28)         (-3.80)          (2.28)         (-2.20)          (1.01)         (-3.19)   

stpr_fac16        -0.0114        -0.00252          0.0352         -0.0250           0.106*        -0.0342         -0.0551         -0.0494   
                  (-0.14)         (-0.04)          (0.69)         (-0.55)          (2.17)         (-0.88)         (-1.23)         (-1.26)   

stpr_fac17        -0.0584         -0.0465        -0.00489         -0.0275          -0.121**        -0.119**       -0.0489         -0.0679   
                  (-0.78)         (-0.71)         (-0.10)         (-0.65)         (-2.67)         (-3.28)         (-1.18)         (-1.85)   

stpr_fac18          0.369***       0.0397         -0.0383        -0.00292         -0.0130          0.0220           0.191***      -0.0481   
                   (5.13)          (0.63)         (-0.84)         (-0.07)         (-0.30)          (0.63)          (4.79)         (-1.36)   

stpr_fac19        -0.0635         -0.0351          0.0563          0.0153        -0.00329         -0.0251         -0.0798         -0.0286   
                  (-0.86)         (-0.54)          (1.20)          (0.37)         (-0.07)         (-0.70)         (-1.95)         (-0.79)   

stpr_fac20          0.151*        -0.0405           0.164***      -0.0248          0.0654         -0.0784*         0.0854*        -0.0431   
                   (1.99)         (-0.61)          (3.38)         (-0.58)          (1.42)         (-2.12)          (2.02)         (-1.16)   

stpr_fac21          0.281***       0.0560           0.160***       0.0837*          0.138**        0.0124           0.127**       -0.0349   
                   (3.72)          (0.84)          (3.32)          (1.97)          (3.01)          (0.34)          (3.02)         (-0.94)   

stpr_fac22        0.00995         -0.0132         0.00216         -0.0259         -0.0340          -0.131**       -0.0340         -0.0561   
                   (0.10)         (-0.15)          (0.03)         (-0.47)         (-0.57)         (-2.73)         (-0.62)         (-1.16)   

o.stpr_fac23            0               0               0               0               0               0               0               0   
                      (.)             (.)             (.)             (.)             (.)             (.)             (.)             (.)   

stpr_fac24         -0.112         -0.0438         -0.0996         -0.0246          -0.144*         -0.108*         -0.110         -0.0274   
                  (-1.05)         (-0.47)         (-1.46)         (-0.41)         (-2.22)         (-2.07)         (-1.86)         (-0.52)   

stpr_fac25        -0.0483         -0.0544         -0.0392         -0.0651          -0.110*         -0.107**       -0.0354          -0.119** 
                  (-0.61)         (-0.77)         (-0.77)         (-1.45)         (-2.28)         (-2.75)         (-0.80)         (-3.05)   

stpr_fac26         0.0674         -0.0205          0.0771         -0.0237         0.00293         -0.0291          0.0319         -0.0769   
                   (0.55)         (-0.19)          (0.99)         (-0.34)          (0.04)         (-0.49)          (0.47)         (-1.28)   

stpr_fac27        -0.0384         -0.0768        -0.00738         -0.0935          -0.121          -0.109         -0.0422          -0.139*  
                  (-0.31)         (-0.70)         (-0.09)         (-1.34)         (-1.61)         (-1.80)         (-0.61)         (-2.28)   

stpr_fac28         0.0370          -0.145*         0.0359         -0.0797         -0.0899          -0.142***      -0.0250          -0.152***
                   (0.46)         (-2.02)          (0.69)         (-1.74)         (-1.82)         (-3.59)         (-0.55)         (-3.82)   

stpr_fac29          0.119          0.0987          0.0676           0.108*       -0.00929         -0.0141         -0.0107          0.0533   
                   (1.50)          (1.41)          (1.33)          (2.41)         (-0.19)         (-0.36)         (-0.24)          (1.37)   

stpr_fac30        -0.0278         -0.0429         -0.0217         -0.0504          -0.121**        -0.118***      -0.0274         -0.0604   
                  (-0.43)         (-0.75)         (-0.53)         (-1.38)         (-3.08)         (-3.75)         (-0.76)         (-1.90)   

stpr_fac31          0.103          0.0289           0.103*         0.0276           0.122**       -0.0162        -0.00850        -0.00237   
                   (1.33)          (0.42)          (2.08)          (0.63)          (2.59)         (-0.43)         (-0.20)         (-0.06)   

stpr_fac32         0.0809         -0.0865          0.0296       -0.000977          0.0798          0.0442          0.0758         -0.0523   
                   (1.15)         (-1.39)          (0.66)         (-0.02)          (1.86)          (1.28)          (1.93)         (-1.51)   

stpr_fac33         -0.420***       -0.180*         -0.443***      -0.0793          0.0135          -0.108*        -0.0472         -0.0152   
                  (-4.49)         (-2.18)         (-7.43)         (-1.50)          (0.24)         (-2.36)         (-0.91)         (-0.33)   

stpr_fac34        -0.0342         0.00668         0.00470          0.0660         0.00115         -0.0507          -0.102*        0.00490   
                  (-0.46)          (0.10)          (0.10)          (1.59)          (0.03)         (-1.41)         (-2.49)          (0.14)   

stpr_fac35       0.000737          -0.124          0.0294         -0.0414          0.0427          -0.152***      -0.0132         -0.0534   
                   (0.01)         (-1.76)          (0.58)         (-0.92)          (0.88)         (-3.89)         (-0.30)         (-1.36)   

stpr_fac36          0.157*         0.0257          0.0606          0.0453         -0.0374         -0.0585          0.0744        -0.00181   
                   (2.12)          (0.39)          (1.28)          (1.09)         (-0.83)         (-1.62)          (1.81)         (-0.05)   

stpr_fac37         0.0280          -0.158*       -0.00803          -0.156***        0.122*        -0.0287         -0.0435          -0.125** 
                   (0.34)         (-2.15)         (-0.15)         (-3.33)          (2.40)         (-0.71)         (-0.94)         (-3.05)   

stpr_fac38        -0.0836         -0.0671          -0.105*        -0.0605         -0.0637          -0.139***      -0.0829         -0.0786*  
                  (-1.09)         (-0.99)         (-2.15)         (-1.40)         (-1.37)         (-3.74)         (-1.95)         (-2.09)   

stpr_fac39        -0.0857         -0.0376         -0.0463         -0.0356         -0.0634         -0.0989**       -0.0670         -0.0228   
                  (-1.13)         (-0.56)         (-0.96)         (-0.83)         (-1.38)         (-2.68)         (-1.59)         (-0.62)   

stpr_fac40        -0.0150         -0.0728         -0.0590         -0.0906        -0.00374          -0.125**       -0.0406         -0.0812   
                  (-0.17)         (-0.95)         (-1.07)         (-1.85)         (-0.07)         (-2.95)         (-0.84)         (-1.91)   

stpr_fac41        -0.0758          -0.108         -0.0981*         -0.101*        -0.0601          -0.180***      -0.0464         -0.0876*  
                  (-1.08)         (-1.74)         (-2.19)         (-2.55)         (-1.41)         (-5.27)         (-1.19)         (-2.55)   

stpr_fac42        -0.0403         -0.0279          0.0463         -0.0475         -0.0660         -0.0938*        -0.0407         -0.0593   
                  (-0.47)         (-0.37)          (0.85)         (-0.99)         (-1.28)         (-2.26)         (-0.86)         (-1.42)   

stpr_fac43        -0.0211          0.0285         -0.0299         -0.0127         -0.0407         -0.0960**       -0.0555         0.00895   
                  (-0.32)          (0.49)         (-0.71)         (-0.34)         (-1.02)         (-2.99)         (-1.52)          (0.28)   

stpr_fac44        0.00992        -0.00145          0.0505         -0.0103         -0.0468         -0.0848*        -0.0191         -0.0642   
                   (0.13)         (-0.02)          (1.02)         (-0.24)         (-1.00)         (-2.25)         (-0.44)         (-1.69)   

stpr_fac45        0.00584         -0.0104          0.0140        -0.00931         -0.0145          -0.126***      -0.0129         -0.0331   
                   (0.09)         (-0.17)          (0.32)         (-0.24)         (-0.35)         (-3.81)         (-0.34)         (-0.99)   

stpr_fac46        -0.0779          0.0428         -0.0455         -0.0716         -0.0881         -0.0969*        -0.0878*     -0.0000710   
                  (-1.00)          (0.62)         (-0.91)         (-1.62)         (-1.85)         (-2.54)         (-2.02)         (-0.00)   

stpr_fac47         0.0832          -0.120*        -0.0146         -0.0531         -0.0808*        -0.0978**      -0.00577          -0.109***
                   (1.24)         (-2.02)         (-0.34)         (-1.40)         (-1.98)         (-2.98)         (-0.15)         (-3.30)   

stpr_fac48         -0.146*        -0.0339         -0.0603         -0.0765*        -0.0141         -0.0584         -0.0829*        -0.0344   
                  (-2.15)         (-0.57)         (-1.39)         (-2.00)         (-0.34)         (-1.76)         (-2.19)         (-1.03)   

stpr_fac49        -0.0200          -0.363***      -0.0161          -0.289***       0.0587          -0.112**       -0.0231          -0.263***
                  (-0.23)         (-4.66)         (-0.28)         (-5.80)          (1.09)         (-2.60)         (-0.47)         (-6.07)   

stpr_fac50        -0.0779         -0.0763         -0.0633          -0.103          -0.105          -0.130**       -0.0590         -0.0682   
                  (-0.84)         (-0.93)         (-1.07)         (-1.96)         (-1.85)         (-2.86)         (-1.14)         (-1.49)   

stpr_fac51        -0.0567         -0.0660         -0.0581         -0.0817*       -0.00351         -0.0617*        -0.0511         -0.0447   
                  (-0.89)         (-1.18)         (-1.43)         (-2.28)         (-0.09)         (-1.99)         (-1.44)         (-1.43)   

stpr_fac52         -0.106           0.197***     -0.00968         -0.0138          0.0370        -0.00178          -0.110***        0.123***
                  (-1.76)          (3.72)         (-0.25)         (-0.41)          (1.01)         (-0.06)         (-3.31)          (4.16)   

stpr_fac53          0.138*        -0.0197          0.0991*       -0.00712          0.0546         -0.0269         0.00467         -0.0141   
                   (2.11)         (-0.34)          (2.37)         (-0.19)          (1.37)         (-0.84)          (0.13)         (-0.44)   

stpr_fac54        -0.0618           0.131         -0.0438          0.0122         -0.0217         -0.0977*        -0.0763          0.0361   
                  (-0.71)          (1.70)         (-0.79)          (0.25)         (-0.41)         (-2.30)         (-1.57)          (0.84)   

stpr_fac55        -0.0503         -0.0374         -0.0358         -0.0232         -0.0217         -0.0936**       -0.0462         -0.0362   
                  (-0.72)         (-0.61)         (-0.80)         (-0.59)         (-0.51)         (-2.76)         (-1.19)         (-1.06)   

stpr_fac56        -0.0621         -0.0728         -0.0727         -0.0504          0.0557         -0.0241         -0.0693*        -0.0369   
                  (-0.99)         (-1.31)         (-1.81)         (-1.42)          (1.45)         (-0.78)         (-1.98)         (-1.19)   

stpr_fac57         0.0619         -0.0401          0.0202         -0.0157          0.0422          -0.106*        0.00133         -0.0331   
                   (0.66)         (-0.48)          (0.34)         (-0.30)          (0.74)         (-2.30)          (0.03)         (-0.72)   

stpr_fac58        -0.0735          -0.226**       -0.0325         -0.0920         -0.0381          -0.283***      -0.0681          -0.141** 
                  (-0.84)         (-2.93)         (-0.58)         (-1.86)         (-0.71)         (-6.63)         (-1.40)         (-3.27)   

stpr_fac59         -0.196**      -0.00252          -0.135**        0.0330          -0.106*        -0.0762*         -0.157***       0.0452   
                  (-2.75)         (-0.04)         (-2.98)          (0.82)         (-2.46)         (-2.20)         (-3.97)          (1.29)   

stpr_fac60         0.0165         -0.0889         0.00800         -0.0315          0.0468         -0.0485         0.00892        -0.00705   
                   (0.25)         (-1.54)          (0.19)         (-0.85)          (1.18)         (-1.52)          (0.24)         (-0.22)   

o.stpr_fac61            0               0               0               0               0               0               0               0   
                      (.)             (.)             (.)             (.)             (.)             (.)             (.)             (.)   

stpr_fac62         0.0104         -0.0370          0.0238         -0.0171         -0.0691          -0.111***      -0.0331         -0.0567   
                   (0.16)         (-0.63)          (0.56)         (-0.45)         (-1.71)         (-3.42)         (-0.89)         (-1.73)   

stpr_fac63        0.00816          -0.174*        -0.0112         -0.0991*        -0.0688         -0.0652         -0.0321         -0.0591   
                   (0.10)         (-2.48)         (-0.22)         (-2.22)         (-1.43)         (-1.69)         (-0.73)         (-1.52)   

stpr_fac64        -0.0132          -0.127         -0.0159          -0.109**       -0.0378         -0.0722*        -0.0150         -0.0933*  
                  (-0.18)         (-1.94)         (-0.34)         (-2.59)         (-0.84)         (-1.99)         (-0.36)         (-2.56)   

stpr_fac65         0.0139        -0.00287         0.00321         0.00614          0.0804          0.0147          0.0214          0.0102   
                   (0.15)         (-0.04)          (0.06)          (0.12)          (1.47)          (0.33)          (0.43)          (0.23)   

stpr_fac66        -0.0490          -0.102         -0.0510         -0.0568         -0.0277         -0.0907         -0.0391         -0.0337   
                  (-0.46)         (-1.08)         (-0.75)         (-0.94)         (-0.43)         (-1.74)         (-0.66)         (-0.64)   

stpr_fac67        -0.0208          0.0176         -0.0384          0.0297         0.00129         -0.0845         -0.0774       -0.000623   
                  (-0.23)          (0.22)         (-0.68)          (0.59)          (0.02)         (-1.95)         (-1.57)         (-0.01)   

stpr_fac68        -0.0195          -0.103         -0.0278         -0.0500         -0.0698          -0.102*        -0.0643         -0.0478   
                  (-0.18)         (-1.10)         (-0.41)         (-0.84)         (-1.09)         (-1.97)         (-1.09)         (-0.92)   

stpr_fac69         0.0208         -0.0391         0.00950         0.00366          0.0194          -0.107*        -0.0298         -0.0364   
                   (0.23)         (-0.50)          (0.17)          (0.07)          (0.36)         (-2.45)         (-0.60)         (-0.83)   

stpr_fac70        -0.0413          -0.136         -0.0329          -0.122**       -0.0219          -0.120**       0.00108         -0.0465   
                  (-0.52)         (-1.96)         (-0.66)         (-2.76)         (-0.46)         (-3.12)          (0.02)         (-1.20)   

stpr_fac71         -0.310***       -0.428***      -0.0296         -0.0477         0.00372          -0.108**        -0.196***       -0.234***
                  (-4.41)         (-6.93)         (-0.66)         (-1.21)          (0.09)         (-3.15)         (-5.04)         (-6.80)   

stpr_fac72         0.0744          -0.328***     -0.00532         -0.0622           0.149**      -0.00210          0.0475          -0.173***
                   (0.84)         (-4.23)         (-0.09)         (-1.25)          (2.79)         (-0.05)          (0.97)         (-4.01)   

stpr_fac73         0.0428          0.0112          0.0602          0.0101        -0.00399          -0.121***      -0.0169         -0.0351   
                   (0.67)          (0.20)          (1.48)          (0.28)         (-0.10)         (-3.89)         (-0.48)         (-1.13)   

stpr_fac74        -0.0908         0.00455         -0.0538         -0.0201         0.00443          0.0136         -0.0827*        -0.0299   
                  (-1.26)          (0.07)         (-1.17)         (-0.49)          (0.10)          (0.39)         (-2.06)         (-0.84)   

stpr_fac75         -0.307**         0.206*        -0.0596         -0.0706         -0.0456        -0.00613          -0.178***        0.147** 
                  (-3.28)          (2.49)         (-1.00)         (-1.34)         (-0.80)         (-0.13)         (-3.42)          (3.19)   

stpr_fac76          0.157         0.00637           0.144*         0.0538           0.158*         -0.146**       -0.0336         0.00641   
                   (1.44)          (0.07)          (2.07)          (0.88)          (2.39)         (-2.76)         (-0.56)          (0.12)   

stpr_fac77         -0.128         -0.0808         -0.0550         -0.0640         -0.0561         -0.0594          -0.159**        0.0790   
                  (-1.23)         (-0.88)         (-0.83)         (-1.09)         (-0.89)         (-1.17)         (-2.74)          (1.55)   

stpr_fac78          0.168          -0.167         -0.0648         -0.0264          -0.116          -0.158**      -0.00540          -0.119*  
                   (1.68)         (-1.90)         (-1.02)         (-0.47)         (-1.91)         (-3.25)         (-0.10)         (-2.44)   

stpr_fac79          0.732***       -0.327***       -0.152*         0.0818         -0.0712         -0.0676           0.297***      -0.0316   
                   (7.06)         (-3.58)         (-2.30)          (1.40)         (-1.13)         (-1.34)          (5.15)         (-0.62)   

stpr_fac80         0.0790         -0.0590         -0.0288         -0.0591         -0.0369         -0.0679         -0.0201         -0.0848*  
                   (1.02)         (-0.87)         (-0.59)         (-1.36)         (-0.79)         (-1.81)         (-0.47)         (-2.24)   

stpr_fac81          0.322***       -0.333***      -0.0790          -0.159***       0.0260         -0.0714*          0.126***       -0.222***
                   (4.95)         (-5.81)         (-1.91)         (-4.33)          (0.66)         (-2.25)          (3.49)         (-6.96)   

stpr_fac82        -0.0779          -0.311***       -0.116*        -0.0391          0.0161          0.0672         -0.0649          -0.235***
                  (-0.94)         (-4.24)         (-2.18)         (-0.83)          (0.32)          (1.66)         (-1.40)         (-5.75)   

stpr_fac83          0.318***       0.0548           0.303***        0.114*          0.126*        -0.0887          0.0732        -0.00839   
                   (3.35)          (0.66)          (5.01)          (2.13)          (2.19)         (-1.92)          (1.39)         (-0.18)   

stpr_fac84          0.237**        -0.222**         0.213***       -0.173***     -0.00573          -0.125**        0.0553          -0.133** 
                   (2.81)         (-2.99)          (3.96)         (-3.64)         (-0.11)         (-3.04)          (1.18)         (-3.23)   

stpr_fac85        -0.0455         -0.0990         -0.0252         -0.0645         -0.0802          -0.185***      -0.0441         -0.0609   
                  (-0.41)         (-1.02)         (-0.36)         (-1.04)         (-1.19)         (-3.43)         (-0.72)         (-1.12)   

stpr_fac86         -0.109         -0.0356         -0.0897         -0.0547         -0.0706         -0.0985*        -0.0626         -0.0713   
                  (-1.25)         (-0.46)         (-1.61)         (-1.11)         (-1.33)         (-2.32)         (-1.29)         (-1.67)   

stpr_fac87        -0.0509         -0.0440         -0.0344         -0.0461         -0.0276         -0.0990**       -0.0318         -0.0257   
                  (-0.67)         (-0.65)         (-0.70)         (-1.07)         (-0.59)         (-2.65)         (-0.75)         (-0.69)   

stpr_fac88        -0.0286         -0.0571         0.00729         0.00447          0.0782*        0.00299         0.00702          -0.115***
                  (-0.46)         (-1.04)          (0.18)          (0.13)          (2.07)          (0.10)          (0.20)         (-3.77)   

stpr_fac89        -0.0191          -0.135*        -0.0253          -0.117**       -0.0236          -0.129***      -0.0329         -0.0716*  
                  (-0.30)         (-2.36)         (-0.61)         (-3.20)         (-0.60)         (-4.11)         (-0.91)         (-2.26)   

stpr_fac90        -0.0902         -0.0459         -0.0898         -0.0406          -0.115*        -0.0961*        -0.0916*        -0.0319   
                  (-1.16)         (-0.67)         (-1.82)         (-0.93)         (-2.45)         (-2.55)         (-2.13)         (-0.84)   

stpr_fac91        -0.0205         -0.0244         -0.0145         -0.0325         -0.0615          -0.127***      -0.0189         -0.0589   
                  (-0.31)         (-0.42)         (-0.34)         (-0.87)         (-1.53)         (-3.95)         (-0.51)         (-1.81)   

stpr_fac92         0.0634         -0.0362          0.0567         -0.0456          0.0901*        -0.0444          0.0155        -0.00238   
                   (0.96)         (-0.62)          (1.35)         (-1.23)          (2.25)         (-1.38)          (0.42)         (-0.07)   

stpr_fac93         0.0251          0.0427          0.0497          0.0152          0.0731         -0.0982**       0.00745          0.0129   
                   (0.38)          (0.74)          (1.18)          (0.41)          (1.83)         (-3.07)          (0.20)          (0.40)   

stpr_fac94          0.105           0.173*         0.0425         -0.0132           0.107*         0.0348          0.0517           0.101*  
                   (1.28)          (2.38)          (0.81)         (-0.28)          (2.13)          (0.87)          (1.13)          (2.50)   

stpr_fac95        -0.0169         -0.0305        -0.00676         -0.0284         -0.0481         -0.0588         -0.0495         -0.0427   
                  (-0.22)         (-0.45)         (-0.14)         (-0.65)         (-1.02)         (-1.56)         (-1.15)         (-1.12)   

stpr_fac96        -0.0494        -0.00575         -0.0372         -0.0120         -0.0922*         -0.104***       -0.101**       -0.0297   
                  (-0.77)         (-0.10)         (-0.91)         (-0.33)         (-2.37)         (-3.34)         (-2.84)         (-0.95)   

stpr_fac97          0.130*       -0.00222          0.0431          0.0238          0.0645        -0.00667          0.0288         0.00192   
                   (2.08)         (-0.04)          (1.09)          (0.68)          (1.71)         (-0.22)          (0.83)          (0.06)   

stpr_fac98         0.0360         -0.0661         -0.0184         -0.0779*         0.0455         -0.0597         0.00355         -0.0861** 
                   (0.54)         (-1.13)         (-0.44)         (-2.09)          (1.13)         (-1.85)          (0.10)         (-2.65)   

stpr_fac99        -0.0106          0.0165         -0.0235         0.00589         -0.0526         -0.0528         -0.0639         -0.0242   
                  (-0.14)          (0.25)         (-0.50)          (0.14)         (-1.17)         (-1.47)         (-1.56)         (-0.67)   

stpr_fac100       -0.0109          0.0545          0.0732           0.104         -0.0535         -0.0810          -0.162**        0.0124   
                  (-0.11)          (0.64)          (1.19)          (1.92)         (-0.91)         (-1.72)         (-3.02)          (0.26)   

stpr_fac101       0.00178          0.0359          0.0404          0.0302         -0.0972          -0.156**       -0.0223         -0.0438   
                   (0.02)          (0.41)          (0.64)          (0.54)         (-1.61)         (-3.22)         (-0.40)         (-0.90)   

stpr_fac102         0.166           0.242**        0.0797           0.259***      -0.0113           0.162***       0.0528          0.0363   
                   (1.90)          (3.15)          (1.43)          (5.26)         (-0.21)          (3.81)          (1.09)          (0.85)   

stpr_fac103        0.0259          -0.127*        -0.0103         -0.0758*        0.00521          -0.112***      -0.0465          -0.108** 
                   (0.38)         (-2.12)         (-0.24)         (-1.98)          (0.13)         (-3.37)         (-1.23)         (-3.23)   

_cons              0.0159          0.0459          0.0154          0.0362          0.0342          0.0907***       0.0375          0.0490   
                   (0.28)          (0.93)          (0.43)          (1.14)          (1.00)          (3.31)          (1.20)          (1.78)   
--------------------------------------------------------------------------------------------------------------------------------------------
N                    1211            1211            1211            1211            1211            1211            1211            1211   
R-sq                0.354           0.388           0.368           0.333           0.218           0.251           0.336           0.447   
--------------------------------------------------------------------------------------------------------------------------------------------
t statistics in parentheses
* p<0.05, ** p<0.01, *** p<0.001
