--------------------------------------------------------------------------------------------------------------------------------------------
                      (1)             (2)             (3)             (4)             (5)             (6)             (7)             (8)   
             avwage_bac~d    avwage_pre~t    pop_backward     pop_predict    wagebill_b~d    wagebill_p~t    wageemp_ba~d    wageemp_pr~t   
--------------------------------------------------------------------------------------------------------------------------------------------
lncedpi96d~e       0.0716       -0.000194        -0.00595         -0.0317           0.122          0.0218          0.0365         -0.0116   
                   (0.83)         (-0.00)         (-0.07)         (-0.39)          (0.57)          (0.11)          (0.21)         (-0.07)   

stpr_fac1          0.0257         -0.0412         -0.0890*        -0.0496         -0.0546          -0.103         -0.0814         -0.0806   
                   (0.68)         (-0.97)         (-2.49)         (-1.36)         (-0.58)         (-1.15)         (-1.05)         (-1.11)   

stpr_fac2          0.0230         -0.0315         -0.0149         -0.0178         -0.0173        -0.00666         -0.0475          0.0153   
                   (0.56)         (-0.68)         (-0.38)         (-0.45)         (-0.17)         (-0.07)         (-0.57)          (0.19)   

stpr_fac3         0.00952         -0.0386         -0.0449         -0.0531         -0.0492          -0.187         -0.0791          -0.135   
                   (0.19)         (-0.70)         (-0.97)         (-1.13)         (-0.40)         (-1.62)         (-0.79)         (-1.44)   

stpr_fac4         -0.0116         -0.0540         -0.0250         0.00163         -0.0655         -0.0667         -0.0467        -0.00671   
                  (-0.30)         (-1.26)         (-0.70)          (0.04)         (-0.69)         (-0.74)         (-0.60)         (-0.09)   

stpr_fac5          0.0600         -0.0574          0.0793          0.0334          -0.138          -0.131          -0.220          -0.101   
                   (1.09)         (-0.93)          (1.54)          (0.63)         (-1.01)         (-1.02)         (-1.96)         (-0.96)   

stpr_fac6          0.0519           0.165*         0.0882        -0.00313         -0.0311         -0.0678         -0.0402         -0.0364   
                   (0.84)          (2.39)          (1.52)         (-0.05)         (-0.20)         (-0.47)         (-0.32)         (-0.31)   

stpr_fac7        -0.00461        -0.00286         -0.0209         -0.0751          0.0247         -0.0154          0.0686          0.0400   
                  (-0.10)         (-0.06)         (-0.50)         (-1.77)          (0.23)         (-0.15)          (0.76)          (0.47)   

stpr_fac8         -0.0140         -0.0403         -0.0298          0.0543          -0.139         -0.0531          -0.159         -0.0268   
                  (-0.33)         (-0.84)         (-0.74)          (1.32)         (-1.30)         (-0.53)         (-1.82)         (-0.33)   

stpr_fac9          0.0418        -0.00577         -0.0617         -0.0412          0.0520         0.00586          0.0220          0.0202   
                   (1.12)         (-0.14)         (-1.77)         (-1.16)          (0.56)          (0.07)          (0.29)          (0.28)   

stpr_fac10        -0.0669          0.0418         -0.0962*        -0.0847         -0.0416         -0.0214         -0.0615         -0.0313   
                  (-1.42)          (0.79)         (-2.17)         (-1.88)         (-0.36)         (-0.19)         (-0.64)         (-0.35)   

stpr_fac11        -0.0115         -0.0133         -0.0228         0.00667         0.00423       -0.000965        -0.00541         0.00138   
                  (-0.29)         (-0.30)         (-0.61)          (0.18)          (0.04)         (-0.01)         (-0.07)          (0.02)   

stpr_fac12         0.0490          0.0427          0.0270          0.0254         -0.0119         -0.0865         -0.0460         -0.0686   
                   (1.09)          (0.85)          (0.64)          (0.59)         (-0.11)         (-0.82)         (-0.50)         (-0.80)   

stpr_fac13        -0.0209          0.0253          -0.189***      -0.0707          -0.187         -0.0339          -0.123        -0.00123   
                  (-0.46)          (0.50)         (-4.44)         (-1.63)         (-1.66)         (-0.32)         (-1.33)         (-0.01)   

stpr_fac14        -0.0332          0.0303         -0.0530         0.00463           0.109           0.133          0.0933           0.112   
                  (-0.61)          (0.50)         (-1.04)          (0.09)          (0.81)          (1.04)          (0.84)          (1.07)   

stpr_fac15        -0.0901          0.0498         -0.0787         -0.0289         -0.0990           0.145        -0.00250           0.137   
                  (-1.92)          (0.95)         (-1.79)         (-0.64)         (-0.85)          (1.32)         (-0.03)          (1.53)   

stpr_fac16         -0.126*         0.0136         -0.0866         -0.0594          -0.195         -0.0265         -0.0783         -0.0160   
                  (-2.50)          (0.24)         (-1.83)         (-1.23)         (-1.56)         (-0.22)         (-0.76)         (-0.17)   

stpr_fac17        0.00330          0.0224          0.0120          0.0212          0.0193           0.117          0.0116          0.0916   
                   (0.07)          (0.44)          (0.28)          (0.48)          (0.17)          (1.09)          (0.13)          (1.05)   

stpr_fac18        0.00322         -0.0133          0.0476          0.0575         -0.0407          0.0404         -0.0484          0.0515   
                   (0.07)         (-0.25)          (1.09)          (1.29)         (-0.35)          (0.37)         (-0.51)          (0.58)   

stpr_fac19         0.0596         -0.0175          0.0133          0.0158          0.0526          0.0834          0.0583          0.0848   
                   (1.21)         (-0.32)          (0.29)          (0.33)          (0.43)          (0.72)          (0.58)          (0.90)   

stpr_fac20         0.0317         -0.0251        -0.00912          0.0775        -0.00497          0.0701         -0.0394          0.0959   
                   (0.74)         (-0.53)         (-0.23)          (1.90)         (-0.05)          (0.70)         (-0.45)          (1.18)   

stpr_fac21         0.0315        -0.00331          0.0370           0.117**        0.0986          0.0850          0.0598          0.0979   
                   (0.79)         (-0.07)          (0.99)          (3.07)          (1.00)          (0.91)          (0.74)          (1.29)   

stpr_fac22        0.00200        -0.00637        -0.00912         0.00920          0.0311         0.00666         0.00867        -0.00789   
                   (0.04)         (-0.12)         (-0.21)          (0.21)          (0.27)          (0.06)          (0.09)         (-0.09)   

stpr_fac23          0.120*         0.0457         -0.0361         -0.0252          0.0593          0.0139         0.00438          0.0783   
                   (2.39)          (0.81)         (-0.76)         (-0.52)          (0.48)          (0.12)          (0.04)          (0.82)   

stpr_fac24       0.000536         -0.0289         -0.0261         -0.0280          0.0163         -0.0217          0.0101         0.00140   
                   (0.01)         (-0.50)         (-0.54)         (-0.57)          (0.13)         (-0.18)          (0.10)          (0.01)   

stpr_fac25         0.0323          0.0162          0.0147          0.0283          0.0782        -0.00904          0.0176        -0.00559   
                   (0.59)          (0.26)          (0.28)          (0.54)          (0.57)         (-0.07)          (0.16)         (-0.05)   

stpr_fac26         0.0150           0.113          0.0119          0.0230          -0.118           0.132         -0.0805          0.0848   
                   (0.23)          (1.52)          (0.19)          (0.36)         (-0.71)          (0.85)         (-0.59)          (0.67)   

o.stpr_fac27            0               0               0               0               0               0               0               0   
                      (.)             (.)             (.)             (.)             (.)             (.)             (.)             (.)   

stpr_fac28        0.00468         0.00111         -0.0143         -0.0209        -0.00817         -0.0256         -0.0319         -0.0235   
                   (0.08)          (0.02)         (-0.27)         (-0.39)         (-0.06)         (-0.19)         (-0.28)         (-0.22)   

stpr_fac29         0.0686         -0.0270          0.0204          0.0109           0.247           0.184           0.151           0.133   
                   (1.21)         (-0.42)          (0.38)          (0.20)          (1.75)          (1.38)          (1.30)          (1.22)   

stpr_fac30        0.00806        -0.00581         -0.0239        -0.00477          0.0163          0.0276         0.00379          0.0267   
                   (0.16)         (-0.10)         (-0.49)         (-0.10)          (0.13)          (0.23)          (0.04)          (0.27)   

stpr_fac31         0.0218         0.00242         0.00711          0.0523          0.0175          0.0915        -0.00445          0.0965   
                   (0.56)          (0.06)          (0.19)          (1.40)          (0.18)          (1.00)         (-0.06)          (1.29)   

stpr_fac32         0.0424         -0.0188         -0.0685*        -0.0263          0.0314         -0.0276         -0.0365         -0.0627   
                   (1.18)         (-0.47)         (-2.04)         (-0.77)          (0.35)         (-0.33)         (-0.50)         (-0.92)   

stpr_fac33        -0.0776         -0.0209         -0.0899          0.0582         -0.0825          -0.104         -0.0610         -0.0798   
                  (-1.39)         (-0.34)         (-1.72)          (1.09)         (-0.60)         (-0.79)         (-0.54)         (-0.75)   

stpr_fac34        -0.0305         -0.0565          0.0131          0.0452         0.00469          0.0214         -0.0175          0.0221   
                  (-0.63)         (-1.04)          (0.29)          (0.97)          (0.04)          (0.19)         (-0.18)          (0.24)   

stpr_fac35         0.0399         0.00748         -0.0635         -0.0193         -0.0742          0.0142         -0.0920         -0.0248   
                   (0.98)          (0.16)         (-1.67)         (-0.50)         (-0.74)          (0.15)         (-1.11)         (-0.32)   

stpr_fac36        -0.0291        -0.00766          0.0180          0.0205          -0.160         -0.0206          -0.108         -0.0686   
                  (-0.55)         (-0.13)          (0.37)          (0.41)         (-1.23)         (-0.17)         (-1.01)         (-0.69)   

stpr_fac37        -0.0123         -0.0562         -0.0949*        -0.0399          -0.121          -0.120         -0.0639          -0.106   
                  (-0.25)         (-1.02)         (-2.05)         (-0.85)         (-0.99)         (-1.04)         (-0.64)         (-1.13)   

stpr_fac38        0.00657         -0.0400         -0.0299         -0.0162          0.0362           0.102          0.0185          0.0783   
                   (0.16)         (-0.88)         (-0.78)         (-0.42)          (0.36)          (1.07)          (0.22)          (1.01)   

stpr_fac39         0.0804         -0.0110         -0.0323         -0.0179          0.0202          0.0434         -0.0166          0.0435   
                   (1.51)         (-0.19)         (-0.65)         (-0.35)          (0.15)          (0.35)         (-0.15)          (0.43)   

stpr_fac40         0.0254         0.00545         -0.0544         -0.0547        -0.00148           0.189         -0.0895          0.0696   
                   (0.48)          (0.09)         (-1.09)         (-1.08)         (-0.01)          (1.52)         (-0.83)          (0.69)   

stpr_fac41        0.00824         -0.0258         -0.0645         -0.0483          0.0246           0.130         -0.0159           0.131   
                   (0.17)         (-0.48)         (-1.43)         (-1.05)          (0.21)          (1.15)         (-0.16)          (1.43)   

stpr_fac42         0.0249         -0.0292         0.00131          0.0103           0.154           0.184          0.0592           0.136   
                   (0.43)         (-0.46)          (0.02)          (0.19)          (1.09)          (1.37)          (0.51)          (1.24)   

stpr_fac43         0.0699          0.0687         -0.0603         -0.0471          0.0519         -0.0513         -0.0251         -0.0691   
                   (1.36)          (1.20)         (-1.25)         (-0.96)          (0.41)         (-0.43)         (-0.24)         (-0.71)   

stpr_fac44         0.0399         0.00103          0.0244          0.0163         -0.0707           0.144         -0.0797          0.0992   
                   (0.79)          (0.02)          (0.52)          (0.34)         (-0.57)          (1.22)         (-0.78)          (1.03)   

stpr_fac45         0.0278          0.0478        -0.00303          0.0148          0.0315           0.102         -0.0256          0.0500   
                   (0.54)          (0.83)         (-0.06)          (0.30)          (0.25)          (0.84)         (-0.24)          (0.51)   

stpr_fac46         0.0251          0.0181         -0.0405         -0.0201          0.0594         -0.0234          0.0276         -0.0343   
                   (0.45)          (0.29)         (-0.77)         (-0.37)          (0.43)         (-0.18)          (0.24)         (-0.32)   

stpr_fac47         0.0325         -0.0651         -0.0253        -0.00466         -0.0632          0.0258         -0.0691          0.0482   
                   (0.82)         (-1.48)         (-0.68)         (-0.12)         (-0.65)          (0.28)         (-0.86)          (0.64)   

stpr_fac48        -0.0120          0.0118         -0.0583         -0.0395           0.206          0.0904           0.146           0.127   
                  (-0.27)          (0.23)         (-1.38)         (-0.92)          (1.85)          (0.86)          (1.60)          (1.48)   

stpr_fac49         -0.192***      -0.0797          -0.143**        -0.142**        -0.649***       -0.206          -0.435***      -0.0954   
                  (-3.85)         (-1.43)         (-3.06)         (-2.99)         (-5.26)         (-1.76)         (-4.29)         (-1.00)   

stpr_fac50        -0.0181          0.0385         -0.0444         -0.0310          0.0192           0.247*       -0.00889           0.192   
                  (-0.35)          (0.67)         (-0.92)         (-0.63)          (0.15)          (2.03)         (-0.08)          (1.95)   

stpr_fac51         0.0118         -0.0253         -0.0530         -0.0259         -0.0962          0.0626         -0.0883          0.0679   
                   (0.31)         (-0.60)         (-1.50)         (-0.72)         (-1.03)          (0.71)         (-1.15)          (0.94)   

stpr_fac52        0.00770        -0.00940         -0.0315         -0.0142         -0.0547        -0.00454         -0.0674         -0.0217   
                   (0.19)         (-0.20)         (-0.82)         (-0.36)         (-0.54)         (-0.05)         (-0.81)         (-0.28)   

stpr_fac53         0.0703         0.00484         -0.0329         -0.0227          0.0422         -0.0175         -0.0226         -0.0379   
                   (1.76)          (0.11)         (-0.88)         (-0.59)          (0.43)         (-0.19)         (-0.28)         (-0.50)   

stpr_fac54         0.0284         -0.0468        -0.00287         0.00629         -0.0309         -0.0659         -0.0761         -0.0444   
                   (0.59)         (-0.87)         (-0.06)          (0.14)         (-0.26)         (-0.58)         (-0.77)         (-0.48)   

stpr_fac55        0.00915       -0.000974         -0.0256        -0.00296         -0.0278         -0.0403         -0.0453         -0.0444   
                   (0.21)         (-0.02)         (-0.64)         (-0.07)         (-0.26)         (-0.40)         (-0.52)         (-0.54)   

stpr_fac56        -0.0319         -0.0176         -0.0729*        -0.0442          0.0140        -0.00225          0.0417          0.0296   
                  (-0.90)         (-0.45)         (-2.20)         (-1.31)          (0.16)         (-0.03)          (0.58)          (0.44)   

stpr_fac57        -0.0396         -0.0147         -0.0131         -0.0128          -0.149          -0.116          -0.123         -0.0336   
                  (-0.83)         (-0.28)         (-0.29)         (-0.28)         (-1.26)         (-1.04)         (-1.27)         (-0.37)   

stpr_fac58        -0.0602          0.0125         0.00500          0.0153          -0.191         -0.0546          -0.108          0.0361   
                  (-1.22)          (0.23)          (0.11)          (0.33)         (-1.57)         (-0.47)         (-1.08)          (0.38)   

stpr_fac59         0.0174         0.00610         -0.0200         -0.0445          0.0591         -0.0441          0.0116         -0.0222   
                   (0.32)          (0.10)         (-0.39)         (-0.86)          (0.44)         (-0.35)          (0.10)         (-0.21)   

stpr_fac60       -0.00857         -0.0238         -0.0669        -0.00641         -0.0234         0.00614         -0.0284          0.0424   
                  (-0.24)         (-0.58)         (-1.96)         (-0.18)         (-0.26)          (0.07)         (-0.38)          (0.61)   

stpr_fac61        -0.0535         -0.0689         -0.0400         0.00673          -0.183          0.0369          -0.105          0.0220   
                  (-1.08)         (-1.24)         (-0.86)          (0.14)         (-1.49)          (0.32)         (-1.04)          (0.23)   

stpr_fac62        -0.0187          0.0183        -0.00289          0.0141         -0.0588           0.108         -0.0496          0.0638   
                  (-0.45)          (0.39)         (-0.07)          (0.35)         (-0.57)          (1.10)         (-0.58)          (0.80)   

stpr_fac63       -0.00746          -0.191***       -0.125**        -0.149***      -0.0333          0.0635         -0.0468          0.0448   
                  (-0.18)         (-4.11)         (-3.19)         (-3.73)         (-0.32)          (0.65)         (-0.55)          (0.56)   

stpr_fac64         0.0788         -0.0351         -0.0691         -0.0559        -0.00961           0.196         -0.0148           0.154   
                   (1.77)         (-0.70)         (-1.65)         (-1.31)         (-0.09)          (1.87)         (-0.16)          (1.81)   

stpr_fac65        0.00940        -0.00844         -0.0489         -0.0216         -0.0248           0.171         -0.0208           0.109   
                   (0.22)         (-0.17)         (-1.19)         (-0.52)         (-0.23)          (1.67)         (-0.23)          (1.31)   

stpr_fac66      -0.000208         -0.0443         -0.0524         -0.0407         -0.0396         -0.0607         -0.0281          0.0484   
                  (-0.00)         (-0.71)         (-1.00)         (-0.77)         (-0.29)         (-0.47)         (-0.25)          (0.46)   

stpr_fac67        0.00324         0.00811       0.0000383        -0.00612          0.0384          0.0457          0.0429          0.0617   
                   (0.06)          (0.14)          (0.00)         (-0.13)          (0.30)          (0.38)          (0.41)          (0.63)   

stpr_fac68         0.0313         -0.0522         -0.0569         -0.0218          -0.198          -0.106         -0.0660         -0.0732   
                   (0.56)         (-0.84)         (-1.09)         (-0.41)         (-1.43)         (-0.81)         (-0.58)         (-0.69)   

stpr_fac69         0.0521         -0.0233         -0.0181          0.0144          0.0519          0.0262        0.000392          0.0361   
                   (0.99)         (-0.40)         (-0.37)          (0.28)          (0.40)          (0.21)          (0.00)          (0.36)   

stpr_fac70       -0.00301         -0.0417         -0.0958         -0.0486          0.0416          0.0429         0.00223        -0.00317   
                  (-0.06)         (-0.70)         (-1.91)         (-0.95)          (0.31)          (0.34)          (0.02)         (-0.03)   

stpr_fac71        -0.0246         0.00514         -0.0556         -0.0166          0.0133         -0.0723         -0.0190         -0.0832   
                  (-0.65)          (0.12)         (-1.57)         (-0.46)          (0.14)         (-0.82)         (-0.25)         (-1.16)   

stpr_fac72        -0.0388         -0.0314         -0.0673         -0.0356          -0.146         -0.0983         -0.0978         -0.0436   
                  (-0.65)         (-0.47)         (-1.20)         (-0.62)         (-0.99)         (-0.70)         (-0.81)         (-0.38)   

stpr_fac73        -0.0186         -0.0217         0.00935          0.0198           0.128           0.120          0.0974           0.103   
                  (-0.52)         (-0.55)          (0.28)          (0.58)          (1.46)          (1.44)          (1.35)          (1.52)   

stpr_fac74        -0.0130        -0.00138         -0.0278        -0.00989         0.00552          0.0131          0.0269          0.0345   
                  (-0.31)         (-0.03)         (-0.72)         (-0.25)          (0.05)          (0.13)          (0.32)          (0.44)   

stpr_fac75        -0.0434         -0.0583         -0.0880         -0.0523          0.0489          0.0303         -0.0498          0.0928   
                  (-0.77)         (-0.93)         (-1.67)         (-0.98)          (0.35)          (0.23)         (-0.44)          (0.87)   

stpr_fac76         0.0634          0.0691          0.0174          0.0103         -0.0631          -0.129         -0.0682          -0.139   
                   (1.09)          (1.06)          (0.32)          (0.18)         (-0.44)         (-0.94)         (-0.57)         (-1.24)   

stpr_fac77         0.0378          0.0161          -0.158**       -0.0405           0.235           0.342**         0.173           0.297** 
                   (0.74)          (0.28)         (-3.29)         (-0.82)          (1.85)          (2.84)          (1.65)          (3.03)   

stpr_fac78         0.0705         -0.0317         -0.0164         -0.0184          0.0378         -0.0542          0.0280          -0.100   
                   (1.48)         (-0.59)         (-0.37)         (-0.40)          (0.32)         (-0.48)          (0.29)         (-1.10)   

o.stpr_fac79            0               0               0               0               0               0               0               0   
                      (.)             (.)             (.)             (.)             (.)             (.)             (.)             (.)   

stpr_fac80        -0.0788*        -0.0154         -0.0507         -0.0257         -0.0511         -0.0829          0.0113         -0.0665   
                  (-2.10)         (-0.37)         (-1.44)         (-0.72)         (-0.55)         (-0.94)          (0.15)         (-0.93)   

stpr_fac81        -0.0556          0.0103         -0.0610         -0.0421          -0.198         -0.0727          -0.164         -0.0274   
                  (-1.22)          (0.20)         (-1.42)         (-0.96)         (-1.75)         (-0.68)         (-1.76)         (-0.31)   

stpr_fac82         0.0997*         0.0963*        -0.0519         -0.0445          0.0615         -0.0715         0.00481         -0.0398   
                   (2.34)          (2.02)         (-1.30)         (-1.09)          (0.58)         (-0.71)          (0.06)         (-0.49)   

stpr_fac83         0.0653         -0.0864          0.0749         0.00703           0.134          0.0646          0.0690           0.101   
                   (1.24)         (-1.47)          (1.52)          (0.14)          (1.03)          (0.52)          (0.65)          (1.00)   

stpr_fac84         0.0609          -0.152*         -0.108          -0.184**        0.0567          0.0331         -0.0490         -0.0272   
                   (0.93)         (-2.08)         (-1.76)         (-2.94)          (0.35)          (0.22)         (-0.37)         (-0.22)   

stpr_fac85         0.0658          0.0295         -0.0275         -0.0133          0.0450         -0.0744        -0.00962         -0.0869   
                   (0.94)          (0.38)         (-0.42)         (-0.20)          (0.26)         (-0.45)         (-0.07)         (-0.65)   

stpr_fac86         0.0127         -0.0173         -0.0240         -0.0212         -0.0302         0.00587         -0.0843         -0.0353   
                   (0.27)         (-0.33)         (-0.55)         (-0.48)         (-0.26)          (0.05)         (-0.89)         (-0.40)   

stpr_fac87         0.0420        -0.00597         -0.0500         -0.0132           0.176          0.0223           0.120         -0.0378   
                   (0.90)         (-0.11)         (-1.14)         (-0.29)          (1.52)          (0.20)          (1.26)         (-0.42)   

stpr_fac88       0.000513          0.0587        -0.00321          0.0461          0.0106          0.0888          -0.122          0.0366   
                   (0.01)          (1.16)         (-0.08)          (1.06)          (0.09)          (0.83)         (-1.32)          (0.42)   

stpr_fac89       -0.00988         -0.0238         -0.0825*        -0.0431        -0.00362          0.0339         -0.0410         -0.0287   
                  (-0.22)         (-0.48)         (-1.97)         (-1.01)         (-0.03)          (0.32)         (-0.45)         (-0.34)   

stpr_fac90         0.0356         -0.0531         -0.0773         -0.0478          0.0892        -0.00250          0.0719          0.0229   
                   (0.78)         (-1.03)         (-1.79)         (-1.09)          (0.78)         (-0.02)          (0.77)          (0.26)   

stpr_fac91        0.00363        -0.00324         0.00601        0.000817          0.0429         -0.0840          0.0166         -0.0290   
                   (0.09)         (-0.07)          (0.16)          (0.02)          (0.43)         (-0.89)          (0.20)         (-0.38)   

stpr_fac92         0.0162        -0.00826         -0.0472         0.00226         -0.0514         -0.0565         -0.0501        0.000533   
                   (0.39)         (-0.18)         (-1.22)          (0.06)         (-0.50)         (-0.58)         (-0.59)          (0.01)   

stpr_fac93         0.0104          0.0445         -0.0128          0.0425          -0.105         -0.0207         -0.0921          0.0171   
                   (0.30)          (1.13)         (-0.39)          (1.26)         (-1.21)         (-0.25)         (-1.29)          (0.25)   

stpr_fac94        0.00536         -0.0138         -0.0397         0.00822          -0.184          0.0393          -0.117           0.118   
                   (0.11)         (-0.26)         (-0.89)          (0.18)         (-1.56)          (0.35)         (-1.20)          (1.29)   

stpr_fac95         0.0225         -0.0134         -0.0274        -0.00992          0.0502         -0.0377          0.0212         -0.0392   
                   (0.50)         (-0.26)         (-0.64)         (-0.23)          (0.45)         (-0.35)          (0.23)         (-0.45)   

stpr_fac96        0.00467          0.0135         -0.0211        -0.00441          -0.167         -0.0858         -0.0974         -0.0209   
                   (0.11)          (0.29)         (-0.54)         (-0.11)         (-1.63)         (-0.88)         (-1.16)         (-0.26)   

stpr_fac97        -0.0334         -0.0381         -0.0401         -0.0155         -0.0740         -0.0168         -0.0621          0.0320   
                  (-0.83)         (-0.85)         (-1.07)         (-0.40)         (-0.74)         (-0.18)         (-0.76)          (0.42)   

stpr_fac98        -0.0467          0.0689         -0.0480         -0.0115         -0.0804          0.0983         -0.0405         0.00723   
                  (-1.20)          (1.59)         (-1.32)         (-0.31)         (-0.84)          (1.08)         (-0.51)          (0.10)   

stpr_fac99         0.0800          0.0168        -0.00470        0.000183         -0.0519         -0.0632         -0.0613          0.0487   
                   (1.80)          (0.34)         (-0.11)          (0.00)         (-0.47)         (-0.60)         (-0.68)          (0.57)   

stpr_fac100        0.0291         -0.0584        -0.00241          0.0250        -0.00385         -0.0411         -0.0407         0.00780   
                   (0.48)         (-0.86)         (-0.04)          (0.43)         (-0.03)         (-0.29)         (-0.33)          (0.07)   

stpr_fac101       0.00116         -0.0237          0.0227          0.0367           0.136          -0.155          0.0921          -0.112   
                   (0.02)         (-0.35)          (0.40)          (0.64)          (0.91)         (-1.09)          (0.75)         (-0.98)   

stpr_fac102         0.109*        -0.0150           0.173***        0.137**         0.317**        0.0865           0.210*         0.0978   
                   (2.48)         (-0.30)          (4.20)          (3.26)          (2.91)          (0.84)          (2.35)          (1.17)   

stpr_fac103        0.0710          0.0121         -0.0115          0.0202          0.0424           0.214         0.00555           0.132   
                   (1.41)          (0.21)         (-0.24)          (0.42)          (0.34)          (1.80)          (0.05)          (1.37)   

_cons             -0.0194         0.00662          0.0258          0.0101        -0.00653         -0.0166          0.0191         -0.0159   
                  (-0.50)          (0.15)          (0.71)          (0.27)         (-0.07)         (-0.18)          (0.24)         (-0.22)   
--------------------------------------------------------------------------------------------------------------------------------------------
N                    1211            1211            1211            1211            1211            1211            1211            1211   
R-sq                0.222           0.210           0.282           0.272           0.216           0.231           0.194           0.224   
--------------------------------------------------------------------------------------------------------------------------------------------
t statistics in parentheses
* p<0.05, ** p<0.01, *** p<0.001
