--------------------------------------------------------------------------------------------------------------------------------------------
                      (1)             (2)             (3)             (4)             (5)             (6)             (7)             (8)   
             avwage_bac~d    avwage_pre~t    pop_backward     pop_predict    wagebill_b~d    wagebill_p~t    wageemp_ba~d    wageemp_pr~t   
--------------------------------------------------------------------------------------------------------------------------------------------
lncedpi90d~e      -0.0903**        -0.140***      -0.0208         -0.0565*         -0.275**        -0.399***       -0.132*         -0.295***
                  (-2.59)         (-4.57)         (-0.70)         (-2.07)         (-3.16)         (-5.53)         (-2.07)         (-5.08)   

stpr_fac1         -0.0630          0.0157         -0.0593         -0.0204          -0.122           0.320***      -0.0475           0.215***
                  (-1.63)          (0.46)         (-1.78)         (-0.67)         (-1.27)          (4.00)         (-0.67)          (3.33)   

stpr_fac2         -0.0952*        -0.0780*         0.0126          0.0502         -0.0945           0.108          0.0460          0.0853   
                  (-2.36)         (-2.20)          (0.36)          (1.59)         (-0.94)          (1.30)          (0.62)          (1.27)   

stpr_fac3          -0.100*        -0.0941**       -0.0124          0.0115          -0.149           0.123         -0.0296           0.110   
                  (-2.55)         (-2.73)         (-0.37)          (0.37)         (-1.52)          (1.51)         (-0.41)          (1.68)   

stpr_fac4          0.0120          0.0428          0.0391          0.0628*         0.0482           0.339***       0.0473           0.229***
                   (0.32)          (1.29)          (1.20)          (2.12)          (0.51)          (4.34)          (0.68)          (3.63)   

stpr_fac5          -0.120*        -0.0661          -0.105*         0.0721          -0.382**        -0.115          -0.259**        -0.170   
                  (-2.20)         (-1.37)         (-2.24)          (1.68)         (-2.81)         (-1.02)         (-2.59)         (-1.86)   

stpr_fac6         -0.0170          0.0539           0.136*          0.192***       -0.108           0.309*        -0.0728           0.202   
                  (-0.26)          (0.93)          (2.39)          (3.70)         (-0.66)          (2.25)         (-0.60)          (1.83)   

stpr_fac7          0.0420         -0.0537          0.0795*         0.0639          0.0426           0.254**         0.109           0.237***
                   (0.97)         (-1.42)          (2.15)          (1.90)          (0.40)          (2.86)          (1.39)          (3.31)   

stpr_fac8          0.0252         -0.0493          0.0967*         0.0541          -0.250*         0.0836          -0.202*        -0.0106   
                   (0.52)         (-1.16)          (2.33)          (1.43)         (-2.07)          (0.84)         (-2.28)         (-0.13)   

stpr_fac9        -0.00934          0.0491          0.0326          0.0318           0.123           0.374***        0.178**         0.255***
                  (-0.26)          (1.58)          (1.08)          (1.15)          (1.40)          (5.14)          (2.77)          (4.33)   

stpr_fac10         -0.106*         -0.130***      -0.0195         -0.0289          -0.185           0.161         -0.0710          0.0934   
                  (-2.56)         (-3.57)         (-0.55)         (-0.89)         (-1.80)          (1.89)         (-0.94)          (1.36)   

stpr_fac11        -0.0296         -0.0544          0.0232          0.0394         -0.0503           0.195*         0.0422           0.141*  
                  (-0.81)         (-1.69)          (0.73)          (1.37)         (-0.55)          (2.57)          (0.63)          (2.31)   

stpr_fac12        -0.0516        -0.00562          0.0605          0.0851**        -0.121           0.152         -0.0188          0.0945   
                  (-1.25)         (-0.15)          (1.70)          (2.63)         (-1.17)          (1.78)         (-0.25)          (1.37)   

stpr_fac13         0.0496          0.0297         -0.0364         -0.0901*        -0.0798           0.400***      -0.0732           0.301***
                   (1.07)          (0.73)         (-0.92)         (-2.49)         (-0.69)          (4.18)         (-0.87)          (3.90)   

stpr_fac14         0.0631          0.0488          0.0247          0.0419           0.269           0.598***        0.277**         0.434***
                   (1.13)          (1.00)          (0.52)          (0.96)          (1.94)          (5.19)          (2.72)          (4.67)   

stpr_fac15         0.0502         -0.0250         0.00838         0.00683           0.232**         0.398***        0.187**         0.323***
                   (1.49)         (-0.84)          (0.29)          (0.26)          (2.76)          (5.70)          (3.03)          (5.73)   

stpr_fac16          0.110*        -0.0150          0.0974**        0.0485           0.229*          0.419***        0.126           0.355***
                   (2.58)         (-0.40)          (2.66)          (1.46)          (2.16)          (4.76)          (1.61)          (5.00)   

stpr_fac17        -0.0470         0.00682          0.0150          0.0695*        -0.0151           0.283***       0.0597           0.181** 
                  (-1.20)          (0.20)          (0.45)          (2.27)         (-0.16)          (3.50)          (0.84)          (2.78)   

stpr_fac18        -0.0341          0.0449          0.0173           0.114***       -0.215*          0.220**       -0.0520          0.0984   
                  (-0.88)          (1.32)          (0.52)          (3.76)         (-2.23)          (2.75)         (-0.73)          (1.52)   

stpr_fac19        0.00939          0.0815*         0.0456          0.0570         -0.0159           0.318***       0.0653           0.245***
                   (0.23)          (2.32)          (1.33)          (1.82)         (-0.16)          (3.84)          (0.89)          (3.67)   

stpr_fac20         0.0460         -0.0212          0.0786*         0.0523          0.0444           0.137          0.0538          0.0637   
                   (1.10)         (-0.58)          (2.20)          (1.60)          (0.43)          (1.59)          (0.71)          (0.92)   

stpr_fac21         0.0803*         0.0643          0.0907**         0.129***        0.226*          0.476***        0.158*          0.323***
                   (2.00)          (1.83)          (2.63)          (4.13)          (2.26)          (5.75)          (2.15)          (4.83)   

stpr_fac22        -0.0203         -0.0952*         0.0378          0.0334         -0.0987          0.0753         -0.0681          0.0590   
                  (-0.38)         (-2.03)          (0.83)          (0.80)         (-0.74)          (0.68)         (-0.70)          (0.67)   

o.stpr_fac23            0               0               0               0               0               0               0               0   
                      (.)             (.)             (.)             (.)             (.)             (.)             (.)             (.)   

stpr_fac24         -0.123*        -0.0766          0.0136          0.0114          -0.315*         0.0639          -0.131          0.0380   
                  (-2.08)         (-1.47)          (0.27)          (0.25)         (-2.13)          (0.52)         (-1.21)          (0.38)   

stpr_fac25         -0.119**       -0.0320          0.0231          0.0832*         -0.166           0.277**       -0.0529           0.218** 
                  (-2.83)         (-0.86)          (0.64)          (2.52)         (-1.58)          (3.18)         (-0.69)          (3.09)   

stpr_fac26         0.0231         -0.0236          0.0442          0.0902           0.117           0.170           0.118           0.127   
                   (0.35)         (-0.41)          (0.78)          (1.74)          (0.71)          (1.24)          (0.97)          (1.15)   

stpr_fac27         -0.126         -0.0633          0.0421          0.0674          -0.172           0.178         -0.0124           0.156   
                  (-1.86)         (-1.07)          (0.73)          (1.28)         (-1.02)          (1.28)         (-0.10)          (1.38)   

stpr_fac28        -0.0945*         -0.116**        0.0658          0.0380          -0.114         -0.0180          0.0313         -0.0191   
                  (-2.04)         (-2.85)          (1.66)          (1.05)         (-0.99)         (-0.19)          (0.37)         (-0.25)   

stpr_fac29        -0.0315          0.0310          0.0930*         0.0827*          0.104           0.498***        0.168*          0.370***
                  (-0.73)          (0.81)          (2.50)          (2.45)          (0.97)          (5.58)          (2.12)          (5.14)   

stpr_fac30        -0.0972**       -0.0577        -0.00214          0.0407          -0.215*          0.212**       -0.0818           0.182** 
                  (-2.70)         (-1.83)         (-0.07)          (1.45)         (-2.39)          (2.85)         (-1.24)          (3.04)   

stpr_fac31          0.121**        0.0642           0.103**         0.100**         0.366***        0.507***        0.237**         0.379***
                   (3.07)          (1.85)          (3.04)          (3.26)          (3.72)          (6.23)          (3.29)          (5.77)   

stpr_fac32         0.0451          0.0792**      0.000694          0.0432           0.180*          0.492***       0.0914           0.321***
                   (1.30)          (2.61)          (0.02)          (1.60)          (2.08)          (6.87)          (1.45)          (5.57)   

stpr_fac33        -0.0796         -0.0516          -0.371***      -0.0164         -0.0174           0.357***      -0.0140           0.241** 
                  (-1.59)         (-1.17)         (-8.64)         (-0.42)         (-0.14)          (3.45)         (-0.15)          (2.89)   

stpr_fac34       -0.00824          0.0207          0.0771*         0.0930**        0.0395           0.504***       0.0216           0.362***
                  (-0.21)          (0.61)          (2.31)          (3.06)          (0.41)          (6.28)          (0.30)          (5.59)   

stpr_fac35        -0.0102         -0.0367      -0.0000181          0.0134          -0.146           0.235**       -0.0829           0.155*  
                  (-0.23)         (-0.96)         (-0.00)          (0.39)         (-1.34)          (2.61)         (-1.04)          (2.13)   

stpr_fac36        -0.0778*         0.0387          0.0326           0.111***       0.0526           0.344***       0.0596           0.247***
                  (-2.00)          (1.13)          (0.98)          (3.64)          (0.54)          (4.28)          (0.84)          (3.81)   

stpr_fac37         0.0270           0.118**        0.0113        -0.00171           0.328**         0.412***        0.257**         0.274***
                   (0.62)          (3.07)          (0.30)         (-0.05)          (3.00)          (4.54)          (3.20)          (3.74)   

stpr_fac38        -0.0335         -0.0820*        0.00586          0.0271          -0.118           0.155        -0.00873           0.109   
                  (-0.83)         (-2.31)          (0.17)          (0.86)         (-1.17)          (1.86)         (-0.12)          (1.62)   

stpr_fac39        -0.0383         -0.0223        -0.00383          0.0201          -0.164           0.148         -0.0470           0.103   
                  (-0.92)         (-0.61)         (-0.11)          (0.62)         (-1.57)          (1.71)         (-0.61)          (1.47)   

stpr_fac40         0.0406         -0.0822*       -0.00606        -0.00515         -0.0377           0.100        -0.00660          0.0324   
                   (0.89)         (-2.06)         (-0.16)         (-0.14)         (-0.33)          (1.07)         (-0.08)          (0.43)   

stpr_fac41        -0.0661         -0.0876*        -0.0254         -0.0108          -0.149           0.101         -0.0250          0.0605   
                  (-1.69)         (-2.56)         (-0.76)         (-0.35)         (-1.53)          (1.26)         (-0.35)          (0.93)   

stpr_fac42        -0.0487         -0.0671          0.0414          0.0541          -0.150           0.295**       -0.0541           0.154*  
                  (-1.07)         (-1.68)          (1.06)          (1.52)         (-1.32)          (3.14)         (-0.65)          (2.03)   

stpr_fac43        -0.0464         -0.0147          0.0145         0.00996          -0.191*          0.238**        -0.130*          0.151*  
                  (-1.30)         (-0.47)          (0.47)          (0.36)         (-2.14)          (3.22)         (-1.98)          (2.52)   

stpr_fac44        -0.0695         -0.0135          0.0541          0.0890**        -0.136           0.122         -0.0533           0.115   
                  (-1.65)         (-0.36)          (1.49)          (2.70)         (-1.29)          (1.40)         (-0.69)          (1.63)   

stpr_fac45        -0.0417         -0.0688*         0.0194          0.0547          -0.251*          0.168*         -0.121           0.101   
                  (-1.06)         (-2.00)          (0.58)          (1.79)         (-2.58)          (2.08)         (-1.69)          (1.55)   

stpr_fac46        -0.0470         -0.0614          0.0191          0.0134         -0.0503           0.147          0.0554           0.110   
                  (-1.15)         (-1.71)          (0.54)          (0.42)         (-0.49)          (1.74)          (0.74)          (1.60)   

stpr_fac47        -0.0543         -0.0422          0.0409          0.0380         -0.0597           0.194*         0.0399           0.141*  
                  (-1.48)         (-1.30)          (1.29)          (1.32)         (-0.65)          (2.55)          (0.59)          (2.29)   

stpr_fac48        -0.0630         -0.0147         -0.0202          0.0262          0.0468           0.444***        0.119           0.337***
                  (-1.74)         (-0.46)         (-0.65)          (0.93)          (0.52)          (5.94)          (1.81)          (5.60)   

o.stpr_fac49            0               0               0               0               0               0               0               0   
                      (.)             (.)             (.)             (.)             (.)             (.)             (.)             (.)   

stpr_fac50        -0.0546         -0.0702        -0.00684          0.0161        -0.00549           0.227*         0.0599           0.138   
                  (-1.09)         (-1.60)         (-0.16)          (0.41)         (-0.04)          (2.20)          (0.66)          (1.66)   

stpr_fac51        -0.0359         -0.0242         -0.0153         0.00541          -0.170           0.111         -0.0508          0.0613   
                  (-0.97)         (-0.74)         (-0.48)          (0.19)         (-1.84)          (1.45)         (-0.75)          (0.99)   

stpr_fac52        -0.0352        -0.00402          0.0323          0.0348          -0.179*          0.248***      -0.0796           0.148** 
                  (-1.08)         (-0.14)          (1.15)          (1.36)         (-2.19)          (3.67)         (-1.33)          (2.72)   

stpr_fac53        -0.0127          0.0240          0.0818*         0.0283        -0.00988           0.219**        0.0394           0.104   
                  (-0.34)          (0.73)          (2.54)          (0.96)         (-0.11)          (2.82)          (0.57)          (1.66)   

stpr_fac54        -0.0832         -0.0188          0.0392          0.0449          0.0750           0.238*          0.123           0.138   
                  (-1.73)         (-0.44)          (0.95)          (1.19)          (0.63)          (2.40)          (1.40)          (1.72)   

stpr_fac55        -0.0319         -0.0705*       -0.00659          0.0346         -0.0177           0.116          0.0492          0.0922   
                  (-0.79)         (-2.00)         (-0.19)          (1.10)         (-0.18)          (1.40)          (0.67)          (1.38)   

stpr_fac56       -0.00362          0.0499         0.00843          0.0282          0.0156           0.542***       0.0113           0.421***
                  (-0.11)          (1.80)          (0.31)          (1.14)          (0.20)          (8.30)          (0.20)          (8.00)   

stpr_fac57        -0.0332         -0.0238          0.0220          0.0535          -0.257*          0.170         -0.0850           0.161   
                  (-0.65)         (-0.53)          (0.50)          (1.34)         (-2.03)          (1.62)         (-0.91)          (1.90)   

stpr_fac58        -0.0987*         -0.116**        0.0214          0.0785*         -0.326**        0.0572          -0.154           0.101   
                  (-2.05)         (-2.74)          (0.52)          (2.09)         (-2.72)          (0.58)         (-1.75)          (1.27)   

stpr_fac59        -0.0853*        -0.0720         -0.0211          0.0214          -0.484***        0.135          -0.329***        0.106   
                  (-2.01)         (-1.93)         (-0.58)          (0.64)         (-4.57)          (1.54)         (-4.24)          (1.49)   

stpr_fac60      -0.000770          0.0328         -0.0257          0.0115         -0.0523           0.351***      -0.0260           0.223***
                  (-0.02)          (1.06)         (-0.85)          (0.42)         (-0.60)          (4.84)         (-0.41)          (3.82)   

stpr_fac61        -0.0161          0.0836         -0.0111          0.0771*          0.383**         0.420***        0.248**         0.319***
                  (-0.33)          (1.95)         (-0.26)          (2.02)          (3.16)          (4.17)          (2.79)          (3.94)   

stpr_fac62        -0.0478         -0.0500          0.0625          0.0646*        0.00234           0.186*         0.0298           0.143*  
                  (-1.27)         (-1.52)          (1.94)          (2.20)          (0.03)          (2.40)          (0.44)          (2.29)   

stpr_fac63        -0.0201         -0.0183          0.0206         -0.0390          0.0675           0.265**         0.102           0.182*  
                  (-0.47)         (-0.48)          (0.56)         (-1.16)          (0.63)          (2.99)          (1.30)          (2.55)   

stpr_fac64         0.0147          0.0221         0.00170         0.00506         -0.0392           0.192*         0.0455           0.138*  
                   (0.36)          (0.61)          (0.05)          (0.16)         (-0.38)          (2.25)          (0.60)          (2.01)   

stpr_fac65         0.0159          0.0936*        -0.0137          0.0644           0.405***        0.621***        0.292***        0.454***
                   (0.35)          (2.37)         (-0.35)          (1.83)          (3.61)          (6.68)          (3.55)          (6.05)   

stpr_fac66        -0.0732         -0.0540         -0.0134         0.00590          0.0936           0.169           0.180           0.179   
                  (-1.26)         (-1.05)         (-0.27)          (0.13)          (0.64)          (1.41)          (1.69)          (1.84)   

stpr_fac67        -0.0317         -0.0567          0.0396          0.0596          0.0157           0.251*          0.121           0.223** 
                  (-0.64)         (-1.31)          (0.94)          (1.55)          (0.13)          (2.46)          (1.34)          (2.72)   

stpr_fac68        -0.0688         -0.0287          0.0395          0.0198         -0.0766          0.0941          0.0700           0.116   
                  (-1.21)         (-0.57)          (0.80)          (0.44)         (-0.54)          (0.80)          (0.67)          (1.22)   

stpr_fac69         0.0138         -0.0268          0.0454          0.0439         -0.0319           0.202       -0.000668           0.127   
                   (0.27)         (-0.61)          (1.05)          (1.11)         (-0.25)          (1.95)         (-0.01)          (1.51)   

stpr_fac70        -0.0249          -0.110**       -0.0400         -0.0433           0.228*          0.166           0.151           0.123   
                  (-0.57)         (-2.87)         (-1.07)         (-1.27)          (2.11)          (1.85)          (1.90)          (1.70)   

stpr_fac71         0.0475         -0.0420         0.00226          0.0145          -0.130           0.300***      -0.0774           0.229***
                   (1.27)         (-1.28)          (0.07)          (0.49)         (-1.39)          (3.87)         (-1.13)          (3.66)   

stpr_fac72          0.104*          0.126**      -0.00718          0.0668           0.205           0.660***       0.0718           0.499***
                   (2.22)          (3.07)         (-0.18)          (1.83)          (1.77)          (6.86)          (0.84)          (6.43)   

stpr_fac73        -0.0304         -0.0475          0.0780**        0.0858**        0.0720           0.387***       0.0676           0.327***
                  (-0.88)         (-1.57)          (2.63)          (3.18)          (0.84)          (5.42)          (1.07)          (5.69)   

stpr_fac74         0.0355          0.0557          0.0350          0.0722*        -0.0369           0.470***      -0.0132           0.378***
                   (0.93)          (1.67)          (1.07)          (2.43)         (-0.39)          (6.00)         (-0.19)          (5.98)   

stpr_fac75         0.0204         -0.0642        -0.00178         -0.0139          -0.241           0.288**       -0.0931           0.156   
                   (0.40)         (-1.45)         (-0.04)         (-0.35)         (-1.92)          (2.77)         (-1.01)          (1.86)   

stpr_fac76          0.158**        0.0110           0.125*         0.0693           0.317*         0.0929           0.186       -0.000229   
                   (2.70)          (0.21)          (2.49)          (1.52)          (2.18)          (0.77)          (1.74)         (-0.00)   

stpr_fac77       0.000443          0.0911          0.0549         -0.0692         -0.0442           0.716***     0.000562           0.547***
                   (0.01)          (1.86)          (1.15)         (-1.59)         (-0.32)          (6.22)          (0.01)          (5.89)   

stpr_fac78        -0.0426         -0.0730          0.0564          0.0400          -0.547***       0.0420          -0.285**        0.0292   
                  (-0.87)         (-1.70)          (1.34)          (1.05)         (-4.49)          (0.42)         (-3.20)          (0.36)   

stpr_fac79         0.0213          0.0258         -0.0802          0.0790         -0.0106           0.502***      -0.0325           0.400***
                   (0.38)          (0.52)         (-1.66)          (1.80)         (-0.08)          (4.32)         (-0.32)          (4.27)   

stpr_fac80        -0.0716        -0.00300          0.0399         0.00707          -0.125           0.267**       -0.0284           0.166*  
                  (-1.82)         (-0.09)          (1.18)          (0.23)         (-1.28)          (3.30)         (-0.40)          (2.54)   

stpr_fac81         0.0591          0.0688*        -0.0369          0.0438           0.178*          0.360***       0.0935           0.260***
                   (1.69)          (2.24)         (-1.23)          (1.60)          (2.04)          (4.98)          (1.46)          (4.45)   

stpr_fac82         0.0830           0.116**       -0.0237          0.0285           0.199           0.352***        0.144           0.226** 
                   (1.87)          (2.96)         (-0.62)          (0.82)          (1.79)          (3.83)          (1.77)          (3.06)   

stpr_fac83         0.0877          0.0149           0.246***        0.151***      -0.0326           0.436***       0.0398           0.349***
                   (1.72)          (0.33)          (5.63)          (3.79)         (-0.26)          (4.15)          (0.43)          (4.12)   

stpr_fac84         0.0569          -0.114**         0.220***      -0.0698          0.0229          0.0882          0.0651          0.0463   
                   (1.22)         (-2.79)          (5.51)         (-1.92)          (0.20)          (0.92)          (0.77)          (0.60)   

stpr_fac85        -0.0553          -0.121*         0.0267         0.00115          -0.486***      -0.0611          -0.215*        -0.0505   
                  (-0.98)         (-2.44)          (0.55)          (0.03)         (-3.45)         (-0.52)         (-2.08)         (-0.54)   

stpr_fac86        -0.0301         -0.0661         -0.0136          0.0241          -0.261*         0.0668          -0.151         0.00854   
                  (-0.64)         (-1.60)         (-0.33)          (0.65)         (-2.22)          (0.68)         (-1.76)          (0.11)   

stpr_fac87        -0.0172         -0.0278        -0.00766        -0.00147          -0.294**         0.350***      -0.0971           0.265***
                  (-0.41)         (-0.75)         (-0.21)         (-0.04)         (-2.80)          (4.02)         (-1.26)          (3.77)   

stpr_fac88         0.0156          0.0723*        0.00772           0.116***        0.256**         0.531***        0.175**         0.257***
                   (0.48)          (2.55)          (0.28)          (4.60)          (3.18)          (7.96)          (2.97)          (4.77)   

stpr_fac89        -0.0110         -0.0606        -0.00502        -0.00927          -0.124           0.213**       -0.0611           0.136*  
                  (-0.31)         (-1.95)         (-0.17)         (-0.33)         (-1.40)          (2.91)         (-0.94)          (2.30)   

stpr_fac90        -0.0707        0.000809        0.000862         0.00813          -0.219*          0.327***      -0.0659           0.245***
                  (-1.70)          (0.02)          (0.02)          (0.25)         (-2.12)          (3.81)         (-0.87)          (3.55)   

stpr_fac91        -0.0682         -0.0519        0.000524          0.0584*        -0.0968           0.208**      -0.00226           0.162** 
                  (-1.85)         (-1.61)          (0.02)          (2.03)         (-1.06)          (2.74)         (-0.03)          (2.64)   

stpr_fac92         0.0260          0.0717*         0.0302          0.0345          0.0425           0.401***       0.0112           0.257***
                   (0.78)          (2.44)          (1.05)          (1.32)          (0.51)          (5.79)          (0.18)          (4.61)   

stpr_fac93         0.0209         -0.0206          0.0231          0.0569*        -0.0614           0.182*       0.000928          0.0978   
                   (0.59)         (-0.65)          (0.75)          (2.03)         (-0.69)          (2.46)          (0.01)          (1.64)   

stpr_fac94         0.0741           0.130***       0.0320          0.0863**         0.375***        0.552***        0.232**         0.441***
                   (1.75)          (3.49)          (0.88)          (2.60)          (3.55)          (6.30)          (2.99)          (6.24)   

stpr_fac95        -0.0574        -0.00298          0.0345          0.0467         -0.0760           0.346***    -0.000778           0.241***
                  (-1.39)         (-0.08)          (0.97)          (1.44)         (-0.74)          (4.03)         (-0.01)          (3.49)   

stpr_fac96        -0.0483         -0.0327          0.0631*         0.0528*         -0.201*          0.113         -0.0843           0.130*  
                  (-1.42)         (-1.10)          (2.17)          (1.99)         (-2.38)          (1.62)         (-1.36)          (2.30)   

stpr_fac97         0.0177          0.0620*         0.0457          0.0687**         0.188*          0.490***        0.167**         0.345***
                   (0.56)          (2.24)          (1.68)          (2.78)          (2.39)          (7.50)          (2.90)          (6.56)   

stpr_fac98        0.00420         -0.0235        -0.00652          0.0284          0.0342           0.174*         0.0544           0.112   
                   (0.11)         (-0.73)         (-0.21)          (0.99)          (0.38)          (2.31)          (0.81)          (1.84)   

stpr_fac99        -0.0239          0.0374          0.0447          0.0602          -0.171           0.165*        -0.0589           0.115   
                  (-0.60)          (1.06)          (1.30)          (1.92)         (-1.71)          (1.99)         (-0.80)          (1.72)   

stpr_fac100       0.00820          -0.152**         0.174***       0.0565           0.144         -0.0647           0.201*        -0.0214   
                   (0.15)         (-3.10)          (3.62)          (1.29)          (1.03)         (-0.56)          (1.97)         (-0.23)   

stpr_fac101        -0.104          -0.104*         0.0471          0.0751          -0.107           0.170          0.0785           0.170   
                  (-1.92)         (-2.20)          (1.01)          (1.78)         (-0.79)          (1.52)          (0.79)          (1.88)   

stpr_fac102        0.0706           0.234***        0.162***        0.233***        0.549***        0.780***        0.476***        0.479***
                   (1.52)          (5.74)          (4.06)          (6.43)          (4.76)          (8.15)          (5.62)          (6.20)   

stpr_fac103        0.0478         -0.0164          0.0552          0.0446          0.0532           0.179*         0.0867           0.132*  
                   (1.24)         (-0.48)          (1.67)          (1.48)          (0.55)          (2.25)          (1.23)          (2.05)   

_cons              0.0379          0.0271         -0.0226         -0.0402          0.0699          -0.224***     0.000868          -0.160** 
                   (1.23)          (1.00)         (-0.85)         (-1.67)          (0.91)         (-3.52)          (0.02)         (-3.12)   
--------------------------------------------------------------------------------------------------------------------------------------------
N                    1211            1211            1211            1211            1211            1211            1211            1211   
R-sq                0.215           0.214           0.344           0.269           0.306           0.226           0.309           0.210   
--------------------------------------------------------------------------------------------------------------------------------------------
t statistics in parentheses
* p<0.05, ** p<0.01, *** p<0.001
