--------------------------------------------------------------------------------------------------------------------------------------------
                      (1)             (2)             (3)             (4)             (5)             (6)             (7)             (8)   
             aginc_back~d    aginc_pred~t    nfincome_b~d    nfincome_p~t    output_bac~d    output_pre~t    percapinc_~d    percapinc_~t   
--------------------------------------------------------------------------------------------------------------------------------------------
lncedpi96d~e       -0.334          0.0270          0.0228         -0.0962         0.00774        -0.00519         -0.0987         -0.0790   
                  (-1.70)          (0.14)          (0.20)         (-0.93)          (0.08)         (-0.04)         (-0.94)         (-0.72)   

stpr_fac1           0.155         -0.0531         0.00463         -0.0318           0.104*        -0.0248           0.131**        0.0358   
                   (1.78)         (-0.61)          (0.09)         (-0.69)          (2.39)         (-0.46)          (2.81)          (0.74)   

stpr_fac2          0.0502         -0.0548          0.0251         -0.0193          0.0909         -0.0465          0.0407         0.00511   
                   (0.53)         (-0.58)          (0.45)         (-0.39)          (1.92)         (-0.80)          (0.80)          (0.10)   

stpr_fac3        -0.00876          -0.103         0.00136         -0.0707          0.0614         -0.0830          0.0325         -0.0205   
                  (-0.08)         (-0.91)          (0.02)         (-1.19)          (1.09)         (-1.19)          (0.54)         (-0.33)   

stpr_fac4           0.165        -0.00176        -0.00469          0.0314          0.0428         -0.0799          0.0842          0.0444   
                   (1.88)         (-0.02)         (-0.09)          (0.68)          (0.97)         (-1.48)          (1.79)          (0.91)   

stpr_fac5           0.207         -0.0235           0.196**        0.0172           0.137*         -0.100          0.0984         -0.0143   
                   (1.64)         (-0.19)          (2.67)          (0.26)          (2.17)         (-1.29)          (1.45)         (-0.20)   

stpr_fac6           0.440**         0.109           0.133           0.165*          0.150*          0.201*          0.133           0.154*  
                   (3.12)          (0.77)          (1.62)          (2.22)          (2.13)          (2.31)          (1.75)          (1.97)   

stpr_fac7           0.191          0.0928          0.0679          0.0653          0.0947         -0.0222           0.116*          0.150** 
                   (1.88)          (0.91)          (1.15)          (1.22)          (1.86)         (-0.36)          (2.13)          (2.66)   

stpr_fac8           0.103          0.0704         -0.0156           0.118*         0.0914         -0.0279          0.0675          0.0580   
                   (1.04)          (0.71)         (-0.27)          (2.28)          (1.85)         (-0.46)          (1.28)          (1.06)   

stpr_fac9           0.186*        0.00180          0.0253          0.0301           0.130**       -0.0285           0.136**        0.0929*  
                   (2.18)          (0.02)          (0.51)          (0.67)          (3.04)         (-0.54)          (2.97)          (1.96)   

stpr_fac10        -0.0125          -0.143         -0.0651         -0.0134          0.0147          0.0257          0.0818         0.00633   
                  (-0.12)         (-1.32)         (-1.03)         (-0.24)          (0.27)          (0.38)          (1.41)          (0.11)   

stpr_fac11          0.109         -0.0300          0.0334         0.00399          0.0675         -0.0630          0.0924        -0.00179   
                   (1.20)         (-0.33)          (0.63)          (0.08)          (1.49)         (-1.13)          (1.90)         (-0.04)   

stpr_fac12          0.196        -0.00873          0.0981          0.0197           0.125*        -0.0239          0.0954         -0.0119   
                   (1.91)         (-0.08)          (1.64)          (0.36)          (2.42)         (-0.38)          (1.73)         (-0.21)   

stpr_fac13         0.0531          -0.180          -0.162**       -0.0429         0.00454         -0.0149           0.136*        0.00872   
                   (0.51)         (-1.73)         (-2.68)         (-0.78)          (0.09)         (-0.23)          (2.43)          (0.15)   

stpr_fac14          0.352**        0.0264          0.0749           0.112          0.0851         -0.0224           0.208**         0.110   
                   (2.82)          (0.21)          (1.03)          (1.70)          (1.36)         (-0.29)          (3.11)          (1.59)   

stpr_fac15          0.255*        0.00374         -0.0379          0.0923          0.0565          0.0411           0.143*          0.136*  
                   (2.38)          (0.03)         (-0.60)          (1.63)          (1.05)          (0.62)          (2.49)          (2.29)   

stpr_fac16          0.235*         -0.127         -0.0554          0.0463          0.0342         -0.0641           0.114          0.0961   
                   (2.05)         (-1.10)         (-0.82)          (0.76)          (0.59)         (-0.90)          (1.85)          (1.51)   

stpr_fac17          0.261*          0.219*          0.113          0.0760           0.118*         0.0276           0.196***        0.122*  
                   (2.50)          (2.08)          (1.85)          (1.38)          (2.25)          (0.43)          (3.50)          (2.10)   

stpr_fac18          0.162           0.247*          0.112          0.0362          0.0753         -0.0223          0.0709           0.108   
                   (1.51)          (2.30)          (1.80)          (0.64)          (1.41)         (-0.34)          (1.24)          (1.82)   

stpr_fac19          0.213         -0.0771           0.121          0.0292           0.109          -0.105           0.136*        -0.0308   
                   (1.89)         (-0.68)          (1.84)          (0.49)          (1.92)         (-1.51)          (2.24)         (-0.49)   

stpr_fac20          0.217*          0.107          0.0952           0.124*          0.123*         0.0255           0.146**        0.0343   
                   (2.23)          (1.09)          (1.67)          (2.40)          (2.52)          (0.42)          (2.79)          (0.63)   

stpr_fac21          0.378***       0.0822           0.206***        0.113*          0.143**       -0.0428           0.219***     -0.00502   
                   (4.15)          (0.90)          (3.89)          (2.36)          (3.14)         (-0.76)          (4.49)         (-0.10)   

stpr_fac22          0.156         0.00216          0.0839          0.0423          0.0810         -0.0159           0.122*         0.0353   
                   (1.47)          (0.02)          (1.36)          (0.76)          (1.52)         (-0.24)          (2.14)          (0.60)   

stpr_fac23          0.279*         0.0228           0.149*         0.0562           0.214***       0.0785           0.213***       0.0840   
                   (2.42)          (0.20)          (2.22)          (0.92)          (3.70)          (1.10)          (3.45)          (1.31)   

stpr_fac24          0.106         -0.0290          0.0467         0.00367          0.0813         -0.0504          0.0958          0.0332   
                   (0.89)         (-0.24)          (0.68)          (0.06)          (1.37)         (-0.69)          (1.51)          (0.51)   

stpr_fac25         0.0797          0.0249          0.0824        -0.00600          0.0800       -0.000121          0.0600         -0.0279   
                   (0.63)          (0.20)          (1.12)         (-0.09)          (1.27)         (-0.00)          (0.89)         (-0.40)   

stpr_fac26          0.117          0.0731          0.0721          0.0326          0.0668          0.0830          0.0648          0.0146   
                   (0.77)          (0.48)          (0.81)          (0.41)          (0.88)          (0.88)          (0.79)          (0.17)   

o.stpr_fac27            0               0               0               0               0               0               0               0   
                      (.)             (.)             (.)             (.)             (.)             (.)             (.)             (.)   

stpr_fac28         0.0253         0.00611          0.0515         0.00365          0.0815          0.0175          0.0584          0.0171   
                   (0.20)          (0.05)          (0.68)          (0.05)          (1.26)          (0.22)          (0.84)          (0.24)   

stpr_fac29          0.198         -0.0117           0.176*         0.0221           0.175**       -0.0896           0.138*        0.00628   
                   (1.52)         (-0.09)          (2.31)          (0.32)          (2.68)         (-1.11)          (1.98)          (0.09)   

stpr_fac30         0.0807         0.00595          0.0547        -0.00809          0.0677         -0.0445          0.0823        -0.00669   
                   (0.68)          (0.05)          (0.79)         (-0.13)          (1.14)         (-0.61)          (1.29)         (-0.10)   

stpr_fac31          0.288**        0.0204          0.0964          0.0985*          0.127**       -0.0729           0.160***       0.0527   
                   (3.22)          (0.23)          (1.85)          (2.09)          (2.84)         (-1.32)          (3.33)          (1.06)   

stpr_fac32          0.232**        -0.219**        0.0552         -0.0733           0.129**        -0.125*          0.176***      -0.0719   
                   (2.83)         (-2.66)          (1.15)         (-1.69)          (3.14)         (-2.47)          (4.00)         (-1.58)   

stpr_fac33          0.230           0.289*         0.0200           0.299***       0.0423         -0.0396           0.158*          0.277***
                   (1.81)          (2.26)          (0.27)          (4.45)          (0.66)         (-0.50)          (2.30)          (3.92)   

stpr_fac34          0.453***        0.147           0.148*          0.156**         0.104          -0.112           0.213***        0.169** 
                   (4.07)          (1.32)          (2.28)          (2.66)          (1.87)         (-1.63)          (3.57)          (2.75)   

stpr_fac35          0.255**       -0.0423          0.0421        -0.00331           0.114*        -0.0152           0.199***       0.0273   
                   (2.74)         (-0.45)          (0.78)         (-0.07)          (2.44)         (-0.26)          (3.99)          (0.53)   

stpr_fac36          0.384**       -0.0116           0.122          0.0645          0.0854         -0.0814           0.185**        0.0913   
                   (3.19)         (-0.10)          (1.74)          (1.02)          (1.42)         (-1.10)          (2.88)          (1.37)   

stpr_fac37          0.276*         -0.222         -0.0473         -0.0851          0.0780          -0.118           0.141*        -0.0735   
                   (2.45)         (-1.96)         (-0.72)         (-1.43)          (1.38)         (-1.70)          (2.32)         (-1.18)   

stpr_fac38         0.0955         -0.0405          0.0546        -0.00229           0.102*        -0.0929          0.0803          0.0135   
                   (1.02)         (-0.43)          (1.00)         (-0.05)          (2.18)         (-1.61)          (1.61)          (0.26)   

stpr_fac39         0.0980         -0.0348           0.100         -0.0244           0.135*        -0.0548           0.124        -0.00944   
                   (0.81)         (-0.28)          (1.41)         (-0.38)          (2.21)         (-0.73)          (1.90)         (-0.14)   

stpr_fac40         0.0590         -0.0805          0.0393         -0.0604          0.0868         -0.0714           0.101         0.00249   
                   (0.49)         (-0.66)          (0.56)         (-0.94)          (1.43)         (-0.95)          (1.55)          (0.04)   

stpr_fac41         0.0636         -0.0806          0.0379         -0.0426          0.0774         -0.0938           0.116*       -0.00703   
                   (0.58)         (-0.73)          (0.59)         (-0.74)          (1.41)         (-1.38)          (1.97)         (-0.12)   

stpr_fac42          0.108         -0.0773           0.125         -0.0542           0.103          -0.110           0.125         -0.0673   
                   (0.82)         (-0.59)          (1.63)         (-0.78)          (1.56)         (-1.35)          (1.78)         (-0.93)   

stpr_fac43          0.121        -0.00133          0.0811         -0.0281           0.138*       0.000732           0.158*         0.0326   
                   (1.03)         (-0.01)          (1.18)         (-0.45)          (2.34)          (0.01)          (2.51)          (0.50)   

stpr_fac44          0.136         -0.0428           0.110         -0.0170          0.0957         -0.0219          0.0976         -0.0371   
                   (1.18)         (-0.37)          (1.63)         (-0.28)          (1.66)         (-0.31)          (1.58)         (-0.58)   

stpr_fac45          0.122          0.0291           0.101          0.0288          0.0938         -0.0105           0.102          0.0227   
                   (1.03)          (0.24)          (1.47)          (0.46)          (1.58)         (-0.14)          (1.60)          (0.35)   

stpr_fac46          0.140         -0.0872          0.0502         -0.0593          0.0949         -0.0324           0.130         -0.0631   
                   (1.09)         (-0.68)          (0.67)         (-0.88)          (1.48)         (-0.41)          (1.90)         (-0.89)   

stpr_fac47          0.142          -0.104          0.0659         -0.0263          0.0858          -0.106           0.111*        -0.0416   
                   (1.58)         (-1.14)          (1.25)         (-0.55)          (1.89)         (-1.91)          (2.29)         (-0.83)   

stpr_fac48          0.165         -0.0195          0.0148         -0.0244          0.0344         -0.0138           0.121*         0.0246   
                   (1.61)         (-0.19)          (0.25)         (-0.45)          (0.67)         (-0.22)          (2.20)          (0.43)   

stpr_fac49         0.0832          -0.167          -0.251***       -0.106         -0.0890         0.00245          0.0312          0.0648   
                   (0.73)         (-1.46)         (-3.78)         (-1.76)         (-1.56)          (0.03)          (0.51)          (1.03)   

stpr_fac50          0.179          -0.136          0.0887         -0.0406          0.0809         -0.0403           0.162*        -0.0578   
                   (1.51)         (-1.15)          (1.28)         (-0.65)          (1.36)         (-0.55)          (2.54)         (-0.88)   

stpr_fac51          0.141         -0.0869         0.00607        0.000344          0.0690         -0.0471           0.108*        0.00429   
                   (1.64)         (-1.00)          (0.12)          (0.01)          (1.60)         (-0.88)          (2.33)          (0.09)   

stpr_fac52          0.236*         0.0226          0.0655        -0.00691          0.0703         -0.0706           0.172***       0.0338   
                   (2.51)          (0.24)          (1.19)         (-0.14)          (1.49)         (-1.22)          (3.41)          (0.65)   

stpr_fac53          0.228*         -0.168          0.0684        -0.00191           0.119**       -0.0489           0.158**       -0.0457   
                   (2.50)         (-1.83)          (1.28)         (-0.04)          (2.60)         (-0.87)          (3.22)         (-0.90)   

stpr_fac54          0.234*        -0.0778           0.119         -0.0417           0.103         -0.0834           0.147*        -0.0382   
                   (2.11)         (-0.70)          (1.85)         (-0.72)          (1.87)         (-1.22)          (2.47)         (-0.62)   

stpr_fac55          0.116         -0.0834          0.0665        -0.00951           0.108*        -0.0285          0.0975         -0.0112   
                   (1.18)         (-0.85)          (1.16)         (-0.18)          (2.21)         (-0.47)          (1.86)         (-0.21)   

stpr_fac56          0.267***      -0.0412        -0.00326          0.0366          0.0840*        -0.0266           0.159***       0.0722   
                   (3.31)         (-0.51)         (-0.07)          (0.86)          (2.07)         (-0.53)          (3.68)          (1.61)   

stpr_fac57          0.158         -0.0341          0.0187         0.00204          0.0284         -0.0491          0.0815          0.0198   
                   (1.46)         (-0.31)          (0.29)          (0.04)          (0.52)         (-0.73)          (1.40)          (0.33)   

stpr_fac58         0.0312          0.0351          0.0163          0.0560         -0.0292         -0.0615          0.0315          0.0433   
                   (0.28)          (0.31)          (0.25)          (0.94)         (-0.52)         (-0.88)          (0.52)          (0.69)   

stpr_fac59         0.0690          -0.163          0.0577         -0.0375          0.0885        -0.00919          0.0812         -0.0667   
                   (0.55)         (-1.31)          (0.79)         (-0.57)          (1.42)         (-0.12)          (1.22)         (-0.97)   

stpr_fac60          0.236**       -0.0611          0.0167          0.0422           0.131**       -0.0370           0.153***       0.0334   
                   (2.84)         (-0.73)          (0.34)          (0.96)          (3.15)         (-0.72)          (3.44)          (0.72)   

stpr_fac61          0.287*        -0.0540          0.0347          0.0640          0.0484         -0.0871           0.167**        0.0671   
                   (2.52)         (-0.47)          (0.52)          (1.07)          (0.85)         (-1.24)          (2.73)          (1.06)   

stpr_fac62          0.125          0.0738          0.0717          0.0899          0.0630          0.0295          0.0936          0.0832   
                   (1.30)          (0.77)          (1.29)          (1.78)          (1.31)          (0.50)          (1.82)          (1.57)   

stpr_fac63         0.0348          -0.168         -0.0738         -0.0999*         0.0672          -0.207***       0.0902          0.0546   
                   (0.36)         (-1.76)         (-1.33)         (-1.99)          (1.41)         (-3.51)          (1.76)          (1.03)   

stpr_fac64         0.0634          -0.120        -0.00622         -0.0478           0.135**       -0.0839          0.0795          0.0136   
                   (0.62)         (-1.17)         (-0.10)         (-0.89)          (2.63)         (-1.33)          (1.45)          (0.24)   

stpr_fac65          0.253*        -0.0465          0.0111          0.0659          0.0947         -0.0655           0.134*         0.0955   
                   (2.53)         (-0.46)          (0.19)          (1.25)          (1.89)         (-1.06)          (2.50)          (1.72)   

stpr_fac66          0.159         -0.0192         0.00191          0.0203          0.0828        -0.00279          0.0746          0.0626   
                   (1.25)         (-0.15)          (0.03)          (0.30)          (1.30)         (-0.04)          (1.09)          (0.89)   

stpr_fac67          0.189          0.0490           0.108          0.0538          0.0763         -0.0320           0.127*         0.0613   
                   (1.62)          (0.42)          (1.59)          (0.87)          (1.30)         (-0.44)          (2.02)          (0.95)   

stpr_fac68          0.119         -0.0466          0.0196         -0.0214           0.123          -0.103          0.0987         0.00314   
                   (0.93)         (-0.36)          (0.26)         (-0.32)          (1.92)         (-1.30)          (1.44)          (0.04)   

stpr_fac69          0.197          0.0335           0.117          0.0467           0.120*        -0.0632           0.152*         0.0406   
                   (1.64)          (0.28)          (1.67)          (0.73)          (1.99)         (-0.85)          (2.35)          (0.61)   

stpr_fac70        -0.0153         -0.0758         -0.0237         -0.0790          0.0907          -0.133          0.0763         -0.0289   
                  (-0.13)         (-0.62)         (-0.33)         (-1.23)          (1.48)         (-1.77)          (1.16)         (-0.43)   

stpr_fac71          0.305***      -0.0623          0.0722          0.0214          0.0535         -0.0371           0.220***       0.0291   
                   (3.54)         (-0.72)          (1.44)          (0.47)          (1.24)         (-0.70)          (4.76)          (0.61)   

stpr_fac72          0.347*        -0.0619         0.00116          0.0262          0.0776         -0.0364           0.166*          0.122   
                   (2.54)         (-0.45)          (0.01)          (0.36)          (1.13)         (-0.43)          (2.27)          (1.62)   

stpr_fac73          0.202*        -0.0112          0.0973*         0.0407          0.0728         -0.0206           0.130**        0.0292   
                   (2.48)         (-0.14)          (2.05)          (0.95)          (1.78)         (-0.41)          (2.97)          (0.65)   

stpr_fac74          0.287**       -0.0838          0.0367          0.0148          0.0902          0.0749           0.150**        0.0423   
                   (3.02)         (-0.88)          (0.66)          (0.30)          (1.90)          (1.28)          (2.95)          (0.80)   

stpr_fac75          0.102          -0.174         0.00873         -0.0608          0.0251         -0.0413           0.129         -0.0504   
                   (0.80)         (-1.35)          (0.12)         (-0.90)          (0.39)         (-0.52)          (1.87)         (-0.71)   

stpr_fac76          0.282*         0.0531           0.168*         0.0403          0.0946          0.0375           0.191**        0.0493   
                   (2.11)          (0.40)          (2.15)          (0.57)          (1.41)          (0.45)          (2.67)          (0.66)   

stpr_fac77          0.345**        0.0771          0.0516          0.0763           0.152**       -0.0418           0.296***        0.114   
                   (2.93)          (0.65)          (0.75)          (1.23)          (2.58)         (-0.58)          (4.70)          (1.75)   

stpr_fac78         -0.125          0.0904           0.117          0.0208           0.130*        0.00462        -0.00422          0.0949   
                  (-1.15)          (0.83)          (1.84)          (0.36)          (2.38)          (0.07)         (-0.07)          (1.57)   

o.stpr_fac79            0               0               0               0               0               0               0               0   
                      (.)             (.)             (.)             (.)             (.)             (.)             (.)             (.)   

stpr_fac80         0.0607          0.0636          0.0158         -0.0575          0.0271          -0.109*         0.0354          0.0726   
                   (0.71)          (0.74)          (0.31)         (-1.27)          (0.63)         (-2.06)          (0.77)          (1.52)   

stpr_fac81          0.224*        -0.0120         -0.0366          0.0134          0.0505         -0.0505          0.0803          0.0938   
                   (2.15)         (-0.11)         (-0.60)          (0.24)          (0.96)         (-0.78)          (1.43)          (1.62)   

stpr_fac82          0.185         -0.0832          0.0962          0.0225           0.252***       -0.113           0.114*         0.0437   
                   (1.90)         (-0.85)          (1.69)          (0.44)          (5.14)         (-1.87)          (2.18)          (0.81)   

stpr_fac83          0.405***       -0.117           0.190**       0.00178           0.149*         -0.108           0.165*        -0.0410   
                   (3.37)         (-0.97)          (2.71)          (0.03)          (2.47)         (-1.45)          (2.55)         (-0.62)   

stpr_fac84         -0.138          -0.325*        -0.0711          -0.278***        0.148*         -0.179          0.0231         -0.0988   
                  (-0.92)         (-2.16)         (-0.81)         (-3.52)          (1.98)         (-1.93)          (0.29)         (-1.19)   

stpr_fac85         0.0308          0.0261          0.0824         -0.0594          0.0901        -0.00751          0.0876         -0.0448   
                   (0.19)          (0.16)          (0.88)         (-0.70)          (1.12)         (-0.08)          (1.02)         (-0.50)   

stpr_fac86          0.149         -0.0182          0.0664          0.0266          0.0893         -0.0146           0.111          0.0493   
                   (1.41)         (-0.17)          (1.07)          (0.48)          (1.68)         (-0.22)          (1.96)          (0.84)   

stpr_fac87          0.130        -0.00113          0.0689          0.0394           0.123*        -0.0130           0.132*         0.0527   
                   (1.21)         (-0.01)          (1.10)          (0.70)          (2.28)         (-0.20)          (2.30)          (0.89)   

stpr_fac88          0.405***      -0.0534          0.0549          0.0747          0.0750         -0.0463           0.188***       0.0543   
                   (3.90)         (-0.51)          (0.91)          (1.36)          (1.44)         (-0.72)          (3.37)          (0.94)   

stpr_fac89         0.0114         -0.0396         -0.0237         -0.0233          0.0492         -0.0464          0.0739          0.0225   
                   (0.11)         (-0.39)         (-0.40)         (-0.43)          (0.96)         (-0.73)          (1.35)          (0.40)   

stpr_fac90         0.0512          -0.137         -0.0234         -0.0953          0.0764         -0.0812          0.0766         -0.0447   
                   (0.49)         (-1.30)         (-0.38)         (-1.72)          (1.45)         (-1.25)          (1.36)         (-0.77)   

stpr_fac91          0.152          0.0264          0.0847          0.0394          0.0700         -0.0253           0.102*         0.0413   
                   (1.65)          (0.28)          (1.58)          (0.81)          (1.52)         (-0.44)          (2.05)          (0.81)   

stpr_fac92          0.360***     -0.00833          0.0774          0.0848           0.102*        -0.0148           0.222***       0.0810   
                   (3.80)         (-0.09)          (1.40)          (1.70)          (2.15)         (-0.25)          (4.37)          (1.54)   

stpr_fac93          0.338***       0.0280           0.129**        0.0644           0.100*       -0.00940           0.215***       0.0268   
                   (4.20)          (0.35)          (2.76)          (1.52)          (2.48)         (-0.19)          (4.99)          (0.60)   

stpr_fac94          0.510***       -0.248*         0.0186          0.0276           0.133*        -0.0556           0.241***      -0.0541   
                   (4.67)         (-2.26)          (0.29)          (0.48)          (2.42)         (-0.82)          (4.11)         (-0.89)   

stpr_fac95          0.141         -0.0147          0.0616         0.00603          0.0876         -0.0178           0.112*         0.0196   
                   (1.36)         (-0.14)          (1.02)          (0.11)          (1.68)         (-0.28)          (2.01)          (0.34)   

stpr_fac96          0.163          0.0460          0.0655          0.0558          0.0612         -0.0259           0.116*         0.0629   
                   (1.72)          (0.48)          (1.19)          (1.12)          (1.29)         (-0.44)          (2.28)          (1.20)   

stpr_fac97          0.284**       0.00326          0.0417          0.0598          0.0680         -0.0533           0.167***       0.0953   
                   (3.10)          (0.04)          (0.78)          (1.24)          (1.48)         (-0.94)          (3.40)          (1.87)   

stpr_fac98         0.0927         -0.0595          0.0286         0.00378          0.0400          0.0267          0.0909         -0.0119   
                   (1.04)         (-0.67)          (0.55)          (0.08)          (0.90)          (0.49)          (1.91)         (-0.24)   

stpr_fac99          0.198          0.0424          0.0891          0.0406           0.142**       -0.0224           0.113*         0.0422   
                   (1.94)          (0.41)          (1.50)          (0.76)          (2.78)         (-0.35)          (2.07)          (0.75)   

stpr_fac100         0.192         -0.0957           0.102         -0.0621          0.0487          -0.102           0.176*        -0.0868   
                   (1.38)         (-0.68)          (1.26)         (-0.84)          (0.70)         (-1.19)          (2.35)         (-1.12)   

stpr_fac101         0.103        -0.00243           0.139         -0.0186          0.0867          -0.120          0.0924         -0.0487   
                   (0.75)         (-0.02)          (1.73)         (-0.26)          (1.25)         (-1.41)          (1.25)         (-0.64)   

stpr_fac102         0.492***       0.0271           0.383***       0.0645           0.191***       -0.112           0.192***      -0.0419   
                   (4.90)          (0.27)          (6.54)          (1.22)          (3.79)         (-1.80)          (3.55)         (-0.75)   

stpr_fac103        0.0834         -0.0163          0.0675          0.0315           0.111         -0.0578          0.0756          0.0108   
                   (0.72)         (-0.14)          (1.00)          (0.52)          (1.91)         (-0.81)          (1.22)          (0.17)   

_cons              -0.134         0.00957         -0.0565         -0.0138         -0.0896*         0.0310          -0.104*        -0.0258   
                  (-1.52)          (0.11)         (-1.09)         (-0.30)         (-2.02)          (0.57)         (-2.19)         (-0.53)   
--------------------------------------------------------------------------------------------------------------------------------------------
N                    1211            1211            1211            1211            1211            1211            1211            1211   
R-sq                0.227           0.241           0.308           0.286           0.190           0.189           0.231           0.239   
--------------------------------------------------------------------------------------------------------------------------------------------
t statistics in parentheses
* p<0.05, ** p<0.01, *** p<0.001
