--------------------------------------------------------------------------------------------------------------------------------------------
                      (1)             (2)             (3)             (4)             (5)             (6)             (7)             (8)   
             aginc_back~d    aginc_pred~t    nfincome_b~d    nfincome_p~t    output_bac~d    output_pre~t    percapinc_~d    percapinc_~t   
--------------------------------------------------------------------------------------------------------------------------------------------
lncedpi93d~e        0.167*        0.00567          0.0940        -0.00393          0.0510         0.00554         -0.0280        -0.00988   
                   (2.11)          (0.07)          (1.91)         (-0.08)          (1.12)          (0.11)         (-0.62)         (-0.22)   

stpr_fac1          -0.148          -0.113          -0.118*        -0.0848         -0.0499          0.0108          0.0368         -0.0140   
                  (-1.85)         (-1.45)         (-2.37)         (-1.73)         (-1.09)          (0.22)          (0.81)         (-0.31)   

stpr_fac2         -0.0700          -0.153*        -0.0600         -0.0602         -0.0462         -0.0386       -0.000828         -0.0662   
                  (-1.06)         (-2.39)         (-1.46)         (-1.49)         (-1.22)         (-0.96)         (-0.02)         (-1.76)   

stpr_fac3         -0.0758          -0.163**       -0.0553         -0.0948**       -0.0818*        -0.0327          0.0263         -0.0577   
                  (-1.28)         (-2.81)         (-1.49)         (-2.60)         (-2.40)         (-0.90)          (0.78)         (-1.70)   

stpr_fac4          -0.204*         -0.109          -0.125*        -0.0669         -0.0623          -0.118*        -0.0518         -0.0296   
                  (-2.46)         (-1.34)         (-2.42)         (-1.32)         (-1.31)         (-2.34)         (-1.10)         (-0.63)   

stpr_fac5          -0.144         -0.0275         -0.0301           0.112*       -0.00413          0.0171          0.0410         -0.0952*  
                  (-1.72)         (-0.34)         (-0.58)          (2.17)         (-0.09)          (0.33)          (0.86)         (-1.99)   

o.stpr_fac6             0               0               0               0               0               0               0               0   
                      (.)             (.)             (.)             (.)             (.)             (.)             (.)             (.)   

stpr_fac7         -0.0934       -0.000486          0.0511         -0.0736          0.0129         -0.0228          0.0428          0.0164   
                  (-1.23)         (-0.01)          (1.08)         (-1.58)          (0.30)         (-0.49)          (0.99)          (0.38)   

stpr_fac8          -0.158         -0.0923         -0.0621         -0.0435        -0.00548         -0.0489         -0.0520         -0.0394   
                  (-1.90)         (-1.14)         (-1.20)         (-0.85)         (-0.11)         (-0.96)         (-1.10)         (-0.83)   

stpr_fac9          -0.180*        -0.0324          -0.125*        -0.0174        0.000399          0.0184         -0.0489          0.0521   
                  (-2.26)         (-0.42)         (-2.52)         (-0.36)          (0.01)          (0.38)         (-1.08)          (1.15)   

stpr_fac10         -0.134          -0.214**        -0.159***       -0.102*         -0.114**       -0.0593          0.0217         -0.0224   
                  (-1.82)         (-2.98)         (-3.45)         (-2.25)         (-2.69)         (-1.32)          (0.52)         (-0.53)   

stpr_fac11         -0.133         -0.0825          -0.118**       -0.0306        -0.00679         -0.0655         -0.0246         -0.0251   
                  (-1.87)         (-1.19)         (-2.66)         (-0.70)         (-0.17)         (-1.51)         (-0.61)         (-0.62)   

stpr_fac12         -0.173*         0.0261         -0.0442          0.0172        -0.00312          0.0252         -0.0761          0.0218   
                  (-2.28)          (0.35)         (-0.93)          (0.37)         (-0.07)          (0.55)         (-1.76)          (0.50)   

stpr_fac13         -0.355***       -0.231*         -0.246***       -0.148*        -0.0447         -0.0708         0.00206         -0.0420   
                  (-3.45)         (-2.30)         (-3.84)         (-2.35)         (-0.76)         (-1.13)          (0.04)         (-0.72)   

stpr_fac14         -0.162         -0.0391         -0.0782         -0.0148         -0.0253         -0.0856          0.0586         0.00859   
                  (-1.36)         (-0.34)         (-1.05)         (-0.20)         (-0.37)         (-1.18)          (0.86)          (0.13)   

stpr_fac15         -0.276*         -0.134          -0.221**       -0.0989          -0.106         -0.0466         -0.0242        -0.00171   
                  (-2.45)         (-1.22)         (-3.14)         (-1.43)         (-1.65)         (-0.68)         (-0.38)         (-0.03)   

stpr_fac16         -0.166         -0.0855         -0.0876          -0.100         -0.0623         -0.0522         -0.0229         -0.0269   
                  (-1.68)         (-0.89)         (-1.42)         (-1.65)         (-1.10)         (-0.87)         (-0.41)         (-0.48)   

stpr_fac17         -0.251***        0.241***      -0.0548          0.0552         -0.0146         0.00785          -0.143***        0.167***
                  (-3.69)          (3.63)         (-1.29)          (1.32)         (-0.37)          (0.19)         (-3.69)          (4.30)   

stpr_fac18        -0.0189           0.103         -0.0597        -0.00256         0.00220         -0.0964*         0.0374          0.0185   
                  (-0.26)          (1.44)         (-1.30)         (-0.06)          (0.05)         (-2.15)          (0.89)          (0.44)   

stpr_fac19        -0.0554         -0.0410         -0.0103          0.0149         0.00452         -0.0376          0.0433         -0.0601   
                  (-0.81)         (-0.62)         (-0.24)          (0.35)          (0.12)         (-0.90)          (1.11)         (-1.54)   

stpr_fac20        -0.0712          0.0210         -0.0171          0.0430          0.0207        -0.00954          0.0191        -0.00668   
                  (-1.03)          (0.31)         (-0.40)          (1.02)          (0.52)         (-0.23)          (0.49)         (-0.17)   

stpr_fac21        -0.0800         0.00503         0.00899          0.0224         0.00432         -0.0518         0.00149         -0.0406   
                  (-0.87)          (0.06)          (0.16)          (0.40)          (0.08)         (-0.93)          (0.03)         (-0.78)   

stpr_fac22        -0.0135         -0.0642        -0.00677         -0.0301         -0.0294         -0.0433          0.0487         -0.0316   
                  (-0.17)         (-0.80)         (-0.13)         (-0.60)         (-0.63)         (-0.87)          (1.04)         (-0.68)   

stpr_fac23        -0.0446          0.0320        -0.00407          0.0314          0.0403          0.0995          0.0728          0.0499   
                  (-0.49)          (0.36)         (-0.07)          (0.56)          (0.77)          (1.80)          (1.41)          (0.96)   

stpr_fac24        -0.0675         -0.0832         -0.0383         -0.0447         -0.0279         -0.0407          0.0280         -0.0336   
                  (-0.76)         (-0.96)         (-0.69)         (-0.82)         (-0.55)         (-0.75)          (0.55)         (-0.66)   

stpr_fac25        -0.0856         -0.0472         -0.0590         0.00544         -0.0351         -0.0223         0.00545         -0.0235   
                  (-1.05)         (-0.59)         (-1.16)          (0.11)         (-0.75)         (-0.45)          (0.12)         (-0.50)   

stpr_fac26        -0.0912         -0.0140         -0.0351          0.0109         0.00536        -0.00566          0.0342        -0.00882   
                  (-0.74)         (-0.12)         (-0.46)          (0.14)          (0.08)         (-0.08)          (0.49)         (-0.13)   

stpr_fac27         -0.129          -0.148         -0.0762         -0.0861         -0.0622          -0.117         -0.0256         -0.0963   
                  (-1.08)         (-1.28)         (-1.03)         (-1.18)         (-0.91)         (-1.62)         (-0.38)         (-1.42)   

stpr_fac28         -0.120         -0.0540         -0.0709         -0.0161         -0.0416         -0.0330         -0.0511        -0.00421   
                  (-1.89)         (-0.87)         (-1.79)         (-0.41)         (-1.14)         (-0.85)         (-1.41)         (-0.12)   

stpr_fac29         0.0363         -0.0114          0.0549          0.0440          0.0307        -0.00290          0.0518        0.000153   
                   (0.49)         (-0.16)          (1.20)          (0.98)          (0.73)         (-0.06)          (1.24)          (0.00)   

stpr_fac30        -0.0759         -0.0753         -0.0652         -0.0439         -0.0727*        -0.0315        -0.00411         -0.0335   
                  (-1.29)         (-1.31)         (-1.78)         (-1.22)         (-2.15)         (-0.88)         (-0.12)         (-1.00)   

stpr_fac31         -0.121         -0.0207         -0.0666          0.0248         -0.0271         -0.0345        -0.00688         0.00651   
                  (-1.43)         (-0.25)         (-1.27)          (0.48)         (-0.56)         (-0.67)         (-0.14)          (0.14)   

stpr_fac32         -0.219**       -0.0668         -0.0980*        -0.0152         -0.0409          0.0102         -0.0236         -0.0232   
                  (-2.77)         (-0.87)         (-1.99)         (-0.31)         (-0.90)          (0.21)         (-0.52)         (-0.51)   

stpr_fac33         -0.314*        -0.0760          -0.271***       0.0397         -0.0771         -0.0895           0.180*         0.0690   
                  (-2.41)         (-0.60)         (-3.34)          (0.50)         (-1.03)         (-1.13)          (2.44)          (0.93)   

stpr_fac34         -0.137         -0.0109         -0.0610          0.0594         -0.0542         -0.0834          0.0566         0.00950   
                  (-1.41)         (-0.12)         (-1.01)          (1.00)         (-0.97)         (-1.41)          (1.02)          (0.17)   

stpr_fac35        -0.0724         -0.0497         -0.0649         -0.0316         -0.0778        -0.00940          0.0694          0.0334   
                  (-0.84)         (-0.59)         (-1.21)         (-0.60)         (-1.58)         (-0.18)          (1.42)          (0.68)   

stpr_fac36         -0.161         -0.0581         -0.0780        -0.00974          -0.117         -0.0734          0.0460         -0.0221   
                  (-1.51)         (-0.56)         (-1.18)         (-0.15)         (-1.92)         (-1.13)          (0.76)         (-0.36)   

stpr_fac37         -0.314**       -0.0986          -0.288***       -0.128          -0.142*         0.0133         -0.0787         -0.0691   
                  (-2.90)         (-0.94)         (-4.27)         (-1.93)         (-2.29)          (0.20)         (-1.28)         (-1.12)   

stpr_fac38        -0.0986          -0.118         -0.0902*        -0.0429         -0.0324         -0.0788         0.00490         -0.0326   
                  (-1.46)         (-1.80)         (-2.14)         (-1.04)         (-0.84)         (-1.92)          (0.13)         (-0.85)   

stpr_fac39        -0.0540         -0.0231         -0.0485        -0.00113         -0.0126         -0.0164          0.0263          0.0174   
                  (-0.87)         (-0.38)         (-1.25)         (-0.03)         (-0.36)         (-0.43)          (0.74)          (0.49)   

stpr_fac40        -0.0156          -0.132         -0.0483         -0.0969*         0.0580          -0.150***       0.0315        -0.00607   
                  (-0.22)         (-1.92)         (-1.10)         (-2.24)          (1.43)         (-3.49)          (0.79)         (-0.15)   

stpr_fac41        -0.0885         -0.0878          -0.104**       -0.0592         -0.0607         -0.0829*        0.00782          0.0112   
                  (-1.46)         (-1.49)         (-2.75)         (-1.59)         (-1.75)         (-2.25)          (0.23)          (0.32)   

stpr_fac42        -0.0511         -0.0591         -0.0153        -0.00870          0.0268          -0.122**      -0.00744         -0.0138   
                  (-0.79)         (-0.93)         (-0.38)         (-0.22)          (0.72)         (-3.08)         (-0.20)         (-0.37)   

stpr_fac43       -0.00996         -0.0265         -0.0256         -0.0212         0.00387          0.0364          0.0627          0.0325   
                  (-0.16)         (-0.44)         (-0.67)         (-0.56)          (0.11)          (0.97)          (1.79)          (0.93)   

stpr_fac44        -0.0543         -0.0312         -0.0364          0.0158         -0.0272          0.0264        -0.00881        -0.00925   
                  (-0.74)         (-0.44)         (-0.80)          (0.35)         (-0.65)          (0.59)         (-0.21)         (-0.22)   

stpr_fac45        -0.0310         -0.0486         -0.0281       -0.000143         -0.0639         0.00138          0.0226         -0.0244   
                  (-0.51)         (-0.82)         (-0.74)         (-0.00)         (-1.83)          (0.04)          (0.65)         (-0.70)   

stpr_fac46        -0.0170         -0.0439         -0.0779*        -0.0284         -0.0207         -0.0104         0.00850        -0.00254   
                  (-0.29)         (-0.76)         (-2.10)         (-0.78)         (-0.60)         (-0.29)          (0.25)         (-0.07)   

stpr_fac47         -0.167*         -0.106         -0.0782         0.00391         -0.0277         -0.0273         -0.0479         -0.0142   
                  (-2.23)         (-1.45)         (-1.68)          (0.09)         (-0.64)         (-0.60)         (-1.12)         (-0.33)   

stpr_fac48         -0.219**      -0.00982          -0.135**       -0.0604         -0.0694         -0.0351         -0.0566          0.0290   
                  (-3.01)         (-0.14)         (-2.97)         (-1.35)         (-1.66)         (-0.79)         (-1.37)          (0.70)   

stpr_fac49         -0.357**        -0.302**        -0.347***       -0.242***       -0.178**        -0.199**        -0.111         -0.0640   
                  (-3.28)         (-2.85)         (-5.12)         (-3.62)         (-2.85)         (-3.00)         (-1.79)         (-1.03)   

stpr_fac50         -0.198*       -0.00624          -0.108*       -0.00666         -0.0898        -0.00881         -0.0362          0.0359   
                  (-2.28)         (-0.07)         (-2.00)         (-0.13)         (-1.80)         (-0.17)         (-0.73)          (0.72)   

stpr_fac51         -0.161*         -0.105          -0.131**       -0.0605         -0.0165         -0.0564         0.00680         -0.0233   
                  (-2.09)         (-1.40)         (-2.72)         (-1.28)         (-0.37)         (-1.20)          (0.16)         (-0.53)   

stpr_fac52        -0.0286         -0.0134          -0.103*        -0.0376         -0.0375         -0.0901*         0.0745         0.00609   
                  (-0.41)         (-0.20)         (-2.35)         (-0.87)         (-0.93)         (-2.10)          (1.86)          (0.15)   

stpr_fac53        -0.0995         -0.0317         -0.0475         -0.0273          0.0157          0.0339          0.0232          0.0254   
                  (-1.32)         (-0.43)         (-1.01)         (-0.59)          (0.36)          (0.74)          (0.54)          (0.59)   

stpr_fac54          0.167         -0.0519         -0.0532         0.00460         -0.0470         -0.0394           0.117*        -0.0161   
                   (1.92)         (-0.61)         (-0.98)          (0.09)         (-0.94)         (-0.74)          (2.36)         (-0.32)   

stpr_fac55        -0.0922          -0.104         -0.0552         -0.0508         -0.0766          0.0169          0.0149         -0.0385   
                  (-1.35)         (-1.57)         (-1.30)         (-1.22)         (-1.96)          (0.41)          (0.38)         (-0.99)   

stpr_fac56         -0.191*        -0.0822          -0.129**       -0.0545         -0.0252         -0.0207         0.00939          0.0148   
                  (-2.39)         (-1.06)         (-2.60)         (-1.11)         (-0.55)         (-0.43)          (0.21)          (0.33)   

stpr_fac57        -0.0994          -0.109         -0.0429         -0.0518         -0.0238         -0.0522          0.0538         -0.0468   
                  (-0.98)         (-1.11)         (-0.68)         (-0.84)         (-0.41)         (-0.85)          (0.93)         (-0.81)   

stpr_fac58         -0.299***      -0.0709          -0.129*       -0.00433          -0.249***      -0.0776         -0.0764         -0.0190   
                  (-3.46)         (-0.84)         (-2.41)         (-0.08)         (-5.03)         (-1.48)         (-1.56)         (-0.39)   

stpr_fac59         -0.163**       -0.0966         -0.0313         -0.0742*       -0.00566        -0.00528        -0.00217         -0.0416   
                  (-2.74)         (-1.66)         (-0.84)         (-2.03)         (-0.17)         (-0.15)         (-0.06)         (-1.22)   

stpr_fac60         -0.198*         -0.174*        -0.0824          -0.102*        -0.0366         -0.0228          0.0535         -0.0715   
                  (-2.36)         (-2.12)         (-1.57)         (-1.99)         (-0.76)         (-0.45)          (1.12)         (-1.49)   

stpr_fac61         -0.230          -0.112          -0.125         -0.0606         -0.0867         -0.0883          0.0586         -0.0246   
                  (-1.76)         (-0.88)         (-1.54)         (-0.76)         (-1.16)         (-1.11)          (0.79)         (-0.33)   

stpr_fac62         -0.116         -0.0723         -0.0641         -0.0118         -0.0810*        -0.0449         -0.0276         -0.0127   
                  (-1.69)         (-1.09)         (-1.51)         (-0.28)         (-2.07)         (-1.08)         (-0.71)         (-0.33)   

stpr_fac63         -0.231*         -0.221*         -0.135*         -0.159**       -0.0409          -0.165**      0.000273         -0.0195   
                  (-2.57)         (-2.53)         (-2.42)         (-2.89)         (-0.80)         (-3.01)          (0.01)         (-0.38)   

stpr_fac64         -0.166*         -0.137          -0.124**       -0.0734         -0.0267          0.0165         -0.0288         -0.0190   
                  (-2.21)         (-1.88)         (-2.65)         (-1.59)         (-0.62)          (0.36)         (-0.67)         (-0.44)   

stpr_fac65         -0.227          -0.103          -0.128         -0.0606         -0.0715         -0.0492          0.0451         -0.0196   
                  (-1.91)         (-0.89)         (-1.73)         (-0.83)         (-1.05)         (-0.68)          (0.67)         (-0.29)   

stpr_fac66         -0.176         -0.0138         -0.0970         0.00380         -0.0598          0.0388          0.0123          0.0302   
                  (-1.74)         (-0.14)         (-1.55)          (0.06)         (-1.04)          (0.63)          (0.22)          (0.53)   

stpr_fac67        -0.0721         0.00899         -0.0621          0.0271         -0.0340         -0.0319         -0.0173          0.0197   
                  (-0.86)          (0.11)         (-1.18)          (0.52)         (-0.70)         (-0.62)         (-0.36)          (0.41)   

stpr_fac68         -0.158         -0.0436          -0.101         -0.0347         -0.0939         0.00103         -0.0408         0.00457   
                  (-1.61)         (-0.46)         (-1.66)         (-0.58)         (-1.67)          (0.02)         (-0.73)          (0.08)   

stpr_fac69        -0.0766          0.0182         -0.0363          0.0200         -0.0657        -0.00702        -0.00367          0.0230   
                  (-0.92)          (0.22)         (-0.70)          (0.39)         (-1.37)         (-0.14)         (-0.08)          (0.48)   

stpr_fac70         -0.132          -0.143*        -0.0930*         -0.133**       -0.0589        -0.00442          0.0365         -0.0690   
                  (-1.84)         (-2.05)         (-2.08)         (-3.03)         (-1.43)         (-0.10)          (0.89)         (-1.68)   

stpr_fac71         -0.408***     -0.00629         -0.0724         -0.0208         -0.0143         -0.0428         -0.0883          0.0131   
                  (-4.93)         (-0.08)         (-1.41)         (-0.41)         (-0.30)         (-0.85)         (-1.88)          (0.28)   

stpr_fac72         -0.544***        0.107          -0.223**       -0.0484         -0.0945         -0.0232          -0.105          0.0911   
                  (-4.74)          (0.96)         (-3.12)         (-0.69)         (-1.43)         (-0.33)         (-1.61)          (1.39)   

stpr_fac73        -0.0916         -0.0650         -0.0280         0.00602         -0.0919*        0.00254          0.0157        -0.00333   
                  (-1.15)         (-0.84)         (-0.57)          (0.12)         (-2.01)          (0.05)          (0.35)         (-0.07)   

stpr_fac74         -0.150          -0.126          -0.111         -0.0703         -0.0170         -0.0390          0.0140         -0.0416   
                  (-1.59)         (-1.38)         (-1.89)         (-1.22)         (-0.32)         (-0.68)          (0.26)         (-0.77)   

stpr_fac75         -0.123           0.171*        -0.0983         -0.0875          0.0340         -0.0636          0.0343           0.114*  
                  (-1.37)          (1.96)         (-1.76)         (-1.59)          (0.66)         (-1.16)          (0.67)          (2.23)   

stpr_fac76        -0.0531           0.144        -0.00982          0.0625         -0.0559          0.0774          0.0114          0.0921   
                  (-0.53)          (1.46)         (-0.16)          (1.01)         (-0.96)          (1.26)          (0.20)          (1.60)   

stpr_fac77         -0.389***        0.102          -0.144*         0.0469         -0.0502          0.0309         0.00745          0.0968   
                  (-3.49)          (0.94)         (-2.08)          (0.69)         (-0.78)          (0.45)          (0.12)          (1.52)   

stpr_fac78         -0.223**        -0.106        -0.00207          0.0103          0.0354         -0.0216         -0.0315         -0.0172   
                  (-3.08)         (-1.50)         (-0.05)          (0.23)          (0.85)         (-0.49)         (-0.76)         (-0.42)   

stpr_fac79        -0.0973          -0.214        -0.00679         -0.0971        -0.00810         -0.0222           0.243***       -0.175*  
                  (-0.79)         (-1.79)         (-0.09)         (-1.29)         (-0.12)         (-0.30)          (3.48)         (-2.50)   

stpr_fac80        -0.0665          -0.252**        -0.119*        -0.0941         -0.0416         -0.0677          0.0465          -0.110*  
                  (-0.73)         (-2.86)         (-2.12)         (-1.70)         (-0.80)         (-1.23)          (0.90)         (-2.12)   

stpr_fac81         -0.341***       -0.220*         -0.262***      -0.0594          -0.121*        -0.0536         -0.0713         -0.0639   
                  (-3.55)         (-2.35)         (-4.38)         (-1.01)         (-2.20)         (-0.92)         (-1.31)         (-1.17)   

stpr_fac82         -0.327***       -0.336***       -0.117         -0.0514        -0.00212          0.0943         -0.0950          -0.184** 
                  (-3.34)         (-3.53)         (-1.91)         (-0.86)         (-0.04)          (1.58)         (-1.71)         (-3.29)   

stpr_fac83          0.123           0.109           0.156**         0.101          0.0107          0.0457        -0.00357        -0.00448   
                   (1.46)          (1.32)          (2.96)          (1.96)          (0.22)          (0.89)         (-0.07)         (-0.09)   

stpr_fac84         -0.137*         -0.208**       -0.0901*         -0.141***      -0.0556           0.102*         -0.156***      -0.0489   
                  (-2.09)         (-3.25)         (-2.21)         (-3.50)         (-1.48)          (2.57)         (-4.18)         (-1.31)   

o.stpr_fac85            0               0               0               0               0               0               0               0   
                      (.)             (.)             (.)             (.)             (.)             (.)             (.)             (.)   

stpr_fac86        -0.0790         -0.0507         -0.0573         -0.0268        -0.00494         -0.0107         0.00715         -0.0148   
                  (-1.07)         (-0.71)         (-1.25)         (-0.59)         (-0.12)         (-0.24)          (0.17)         (-0.35)   

stpr_fac87        -0.0901         -0.0735         -0.0646         -0.0290         -0.0408         0.00433          0.0296       -0.000798   
                  (-1.33)         (-1.12)         (-1.53)         (-0.70)         (-1.05)          (0.11)          (0.77)         (-0.02)   

stpr_fac88         -0.246*         0.0497         -0.0868         -0.0632         -0.0115          -0.113         -0.0360          0.0591   
                  (-2.45)          (0.51)         (-1.39)         (-1.03)         (-0.20)         (-1.84)         (-0.63)          (1.03)   

stpr_fac89         -0.195**        -0.171*         -0.142***       -0.104*        -0.0850*        -0.0809         -0.0165         -0.0378   
                  (-2.83)         (-2.55)         (-3.32)         (-2.47)         (-2.15)         (-1.93)         (-0.42)         (-0.96)   

stpr_fac90        -0.0997          -0.177*        -0.0828          -0.151***      -0.0653         -0.0620         0.00130         -0.0710   
                  (-1.33)         (-2.43)         (-1.78)         (-3.30)         (-1.52)         (-1.36)          (0.03)         (-1.66)   

stpr_fac91        -0.0564         -0.0577         -0.0427         0.00438         -0.0644         -0.0225          0.0359        -0.00525   
                  (-0.86)         (-0.90)         (-1.04)          (0.11)         (-1.71)         (-0.56)          (0.96)         (-0.14)   

stpr_fac92         -0.207*        -0.0321          -0.140*         0.0189         -0.0721         -0.0149          0.0224          0.0453   
                  (-2.30)         (-0.37)         (-2.49)          (0.34)         (-1.40)         (-0.27)          (0.44)          (0.88)   

stpr_fac93        -0.0784          0.0166         -0.0407          0.0625         -0.0396         -0.0152          0.0906          0.0501   
                  (-0.90)          (0.20)         (-0.75)          (1.18)         (-0.80)         (-0.29)          (1.84)          (1.01)   

stpr_fac94        -0.0157          0.0891          -0.149*        -0.0303         -0.0768         0.00548           0.109          0.0558   
                  (-0.16)          (0.91)         (-2.38)         (-0.49)         (-1.33)          (0.09)          (1.91)          (0.97)   

stpr_fac95         -0.124         -0.0950         -0.0860         -0.0369         -0.0455         -0.0580         -0.0102         -0.0214   
                  (-1.55)         (-1.22)         (-1.73)         (-0.75)         (-0.99)         (-1.19)         (-0.22)         (-0.47)   

stpr_fac96        -0.0930         0.00870         -0.0717          0.0274         -0.0826*         0.0186         -0.0108          0.0367   
                  (-1.33)          (0.13)         (-1.65)          (0.64)         (-2.06)          (0.44)         (-0.27)          (0.92)   

stpr_fac97         -0.198*         -0.155         -0.0769         -0.0552         -0.0431         -0.0888        -0.00340         -0.0459   
                  (-2.31)         (-1.86)         (-1.44)         (-1.05)         (-0.88)         (-1.70)         (-0.07)         (-0.94)   

stpr_fac98         -0.226**       -0.0855          -0.122*        -0.0297         -0.0119         -0.0484         -0.0679        -0.00111   
                  (-2.97)         (-1.15)         (-2.56)         (-0.64)         (-0.27)         (-1.04)         (-1.57)         (-0.03)   

stpr_fac99        -0.0378          0.0477         -0.0240          0.0433         0.00355          0.0753          0.0285          0.0324   
                  (-0.50)          (0.65)         (-0.51)          (0.94)          (0.08)          (1.65)          (0.67)          (0.75)   

stpr_fac100        -0.136          0.0478          0.0913*        -0.0374         -0.0164         -0.0487         -0.0556          0.0587   
                  (-1.83)          (0.66)          (1.97)         (-0.82)         (-0.38)         (-1.07)         (-1.31)          (1.38)   

stpr_fac101        0.0266         -0.0397          0.0408          0.0269         -0.0325         -0.0555          0.0622         -0.0181   
                   (0.33)         (-0.50)          (0.80)          (0.54)         (-0.70)         (-1.12)          (1.34)         (-0.39)   

stpr_fac102        0.0488          0.0492           0.123           0.128*          0.104         -0.0639          0.0826         -0.0979   
                   (0.47)          (0.48)          (1.89)          (2.01)          (1.75)         (-1.01)          (1.39)         (-1.65)   

stpr_fac103        -0.171**       -0.0492         -0.0956*        0.00842         -0.0505         -0.0170         -0.0836*       -0.00137   
                  (-2.83)         (-0.84)         (-2.54)          (0.23)         (-1.46)         (-0.46)         (-2.43)         (-0.04)   

_cons               0.102          0.0648          0.0643          0.0268          0.0348          0.0205         -0.0103          0.0135   
                   (1.69)          (1.11)          (1.71)          (0.73)          (1.01)          (0.56)         (-0.30)          (0.39)   
--------------------------------------------------------------------------------------------------------------------------------------------
N                    1211            1211            1211            1211            1211            1211            1211            1211   
R-sq                0.279           0.291           0.297           0.269           0.210           0.239           0.307           0.249   
--------------------------------------------------------------------------------------------------------------------------------------------
t statistics in parentheses
* p<0.05, ** p<0.01, *** p<0.001
