--------------------------------------------------------------------------------------------------------------------------------------------
                      (1)             (2)             (3)             (4)             (5)             (6)             (7)             (8)   
             avwage_bac~d    avwage_pre~t    pop_backward     pop_predict    wagebill_b~d    wagebill_p~t    wageemp_ba~d    wageemp_pr~t   
--------------------------------------------------------------------------------------------------------------------------------------------
lncedpi89d~e       -0.104**       -0.0382         -0.0267         0.00181          0.0460         -0.0640          0.0643         -0.0519   
                  (-3.17)         (-1.35)         (-0.93)          (0.07)          (0.54)         (-0.95)          (1.01)         (-0.93)   

stpr_fac1         -0.0211         -0.0497         -0.0719*        -0.0488          -0.393***        0.142          -0.253***       0.0735   
                  (-0.55)         (-1.49)         (-2.12)         (-1.58)         (-3.93)          (1.80)         (-3.36)          (1.12)   

stpr_fac2         -0.0759         -0.0631        -0.00429          0.0447          -0.214*          0.138         -0.0492          0.0769   
                  (-1.94)         (-1.87)         (-0.13)          (1.43)         (-2.12)          (1.73)         (-0.65)          (1.16)   

stpr_fac3         -0.0685          -0.103***      0.00347        -0.00555          -0.280**         0.101          -0.123          0.0729   
                  (-1.89)         (-3.30)          (0.11)         (-0.19)         (-3.00)          (1.36)         (-1.75)          (1.19)   

stpr_fac4          0.0438         -0.0274          0.0451          0.0204          -0.257**         0.139          -0.149*         0.0700   
                   (1.15)         (-0.83)          (1.35)          (0.67)         (-2.60)          (1.77)         (-2.01)          (1.08)   

stpr_fac5          -0.133*        -0.0571          -0.106*         0.0113          -0.343*        -0.0916          -0.216*         -0.190*  
                  (-2.48)         (-1.23)         (-2.26)          (0.26)         (-2.47)         (-0.83)         (-2.07)         (-2.09)   

stpr_fac6         -0.0327          0.0279           0.147*          0.167**        -0.407*          0.223          -0.245           0.103   
                  (-0.50)          (0.49)          (2.57)          (3.20)         (-2.41)          (1.66)         (-1.93)          (0.92)   

stpr_fac7          0.0172         -0.0717          0.0321          0.0499          -0.156           0.115         -0.0516           0.100   
                   (0.40)         (-1.94)          (0.86)          (1.46)         (-1.42)          (1.31)         (-0.62)          (1.38)   

stpr_fac8          0.0243         -0.0321          0.0862*         0.0470          -0.417***       0.0612          -0.302**       -0.0845   
                   (0.51)         (-0.78)          (2.06)          (1.23)         (-3.38)          (0.63)         (-3.26)         (-1.04)   

stpr_fac9        -0.00177         -0.0189          0.0190        -0.00239          -0.129           0.153*         0.0198          0.0863   
                  (-0.05)         (-0.61)          (0.61)         (-0.08)         (-1.40)          (2.09)          (0.28)          (1.42)   

stpr_fac10         -0.164***       -0.149***     -0.00205         -0.0506          -0.346***       0.0876          -0.196*       -0.00316   
                  (-4.10)         (-4.32)         (-0.06)         (-1.58)         (-3.35)          (1.07)         (-2.52)         (-0.05)   

stpr_fac11        -0.0146         -0.0486          0.0304         0.00937          -0.283**         0.146*         -0.119          0.0879   
                  (-0.42)         (-1.63)          (1.00)          (0.34)         (-3.17)          (2.06)         (-1.77)          (1.49)   

stpr_fac12        -0.0704         -0.0112          0.0514          0.0718*         -0.291**        0.0651          -0.109         -0.0132   
                  (-1.74)         (-0.32)          (1.46)          (2.23)         (-2.79)          (0.79)         (-1.39)         (-0.19)   

stpr_fac13         0.0231        -0.00253         -0.0264          -0.140***       -0.467***        0.212*         -0.276**        0.0927   
                   (0.50)         (-0.06)         (-0.65)         (-3.75)         (-3.88)          (2.22)         (-3.05)          (1.17)   

stpr_fac14         0.0327          0.0123          0.0194         -0.0217          -0.246           0.386***      -0.0347           0.232*  
                   (0.59)          (0.26)          (0.40)         (-0.49)         (-1.71)          (3.39)         (-0.32)          (2.46)   

stpr_fac15          0.108**       -0.0610*        0.00350         -0.0347          -0.109           0.116         -0.0408          0.0687   
                   (3.10)         (-2.03)          (0.11)         (-1.25)         (-1.21)          (1.63)         (-0.60)          (1.16)   

stpr_fac16          0.115**       -0.0337          0.0737*         0.0247          -0.298**         0.210*         -0.238**         0.136   
                   (2.68)         (-0.91)          (1.97)          (0.72)         (-2.69)          (2.39)         (-2.86)          (1.87)   

stpr_fac17         -0.109**       -0.0863*         0.0203          0.0266          -0.257*          0.158         -0.0500           0.127   
                  (-2.74)         (-2.51)          (0.58)          (0.84)         (-2.50)          (1.94)         (-0.65)          (1.87)   

stpr_fac18        0.00116         -0.0187          0.0239          0.0549          -0.579***       0.0704          -0.297***     -0.00938   
                   (0.03)         (-0.56)          (0.71)          (1.79)         (-5.84)          (0.90)         (-3.98)         (-0.14)   

stpr_fac19        -0.0199          0.0579          0.0401          0.0152          -0.287**         0.276***       -0.122           0.194** 
                  (-0.51)          (1.71)          (1.17)          (0.48)         (-2.82)          (3.43)         (-1.60)          (2.90)   

stpr_fac20         0.0785         -0.0272          0.0705*         0.0214         -0.0620          0.0890         -0.0268         0.00188   
                   (1.94)         (-0.78)          (1.99)          (0.66)         (-0.59)          (1.07)         (-0.34)          (0.03)   

stpr_fac21          0.132**      -0.00870          0.0750*         0.0936**       -0.0713           0.259**       -0.0584           0.148*  
                   (3.29)         (-0.25)          (2.13)          (2.90)         (-0.68)          (3.14)         (-0.75)          (2.16)   

stpr_fac22       -0.00197         -0.0709          0.0349          0.0313          -0.131           0.141          -0.120          0.0777   
                  (-0.04)         (-1.57)          (0.76)          (0.75)         (-0.97)          (1.32)         (-1.18)          (0.87)   

o.stpr_fac23            0               0               0               0               0               0               0               0   
                      (.)             (.)             (.)             (.)             (.)             (.)             (.)             (.)   

stpr_fac24         -0.102         -0.0513         0.00759         0.00404          -0.363*          0.105          -0.192          0.0495   
                  (-1.78)         (-1.04)          (0.15)          (0.09)         (-2.47)          (0.90)         (-1.73)          (0.51)   

stpr_fac25         -0.127**       -0.0963**        0.0144          0.0536          -0.348**         0.148          -0.177*          0.126   
                  (-3.00)         (-2.62)          (0.39)          (1.58)         (-3.16)          (1.70)         (-2.14)          (1.74)   

stpr_fac26         0.0235         -0.0888          0.0473          0.0503         -0.0401          0.0126          0.0248         -0.0226   
                   (0.36)         (-1.58)          (0.83)          (0.96)         (-0.24)          (0.09)          (0.20)         (-0.20)   

stpr_fac27         -0.109         -0.0931          0.0387          0.0444          -0.357*         0.0876          -0.140          0.0560   
                  (-1.64)         (-1.63)          (0.67)          (0.84)         (-2.09)          (0.65)         (-1.09)          (0.50)   

stpr_fac28        -0.0800          -0.101**        0.0578          0.0417          -0.166          0.0596         -0.0132          0.0219   
                  (-1.85)         (-2.71)          (1.52)          (1.20)         (-1.48)          (0.67)         (-0.16)          (0.30)   

stpr_fac29        -0.0134          0.0146          0.0934*         0.0456          -0.124           0.390***      -0.0131           0.259***
                  (-0.32)          (0.40)          (2.52)          (1.34)         (-1.13)          (4.49)         (-0.16)          (3.59)   

stpr_fac30         -0.106**       -0.0702*         0.0103          0.0120          -0.395***        0.107          -0.175**        0.0712   
                  (-3.06)         (-2.35)          (0.34)          (0.44)         (-4.43)          (1.52)         (-2.61)          (1.21)   

stpr_fac31          0.130**       -0.0142           0.114**        0.0365         -0.0629           0.202*        -0.0261           0.130   
                   (3.13)         (-0.40)          (3.13)          (1.10)         (-0.59)          (2.38)         (-0.32)          (1.84)   

stpr_fac32          0.112**        0.0330        -0.00709         -0.0112          -0.204*          0.195*         -0.136          0.0735   
                   (2.98)          (1.01)         (-0.22)         (-0.37)         (-2.10)          (2.53)         (-1.86)          (1.15)   

stpr_fac33       -0.00913         -0.0871*         -0.325***       -0.143***       -0.412**         0.155          -0.234*         0.0474   
                  (-0.18)         (-2.02)         (-7.45)         (-3.59)         (-3.20)          (1.52)         (-2.42)          (0.56)   

stpr_fac34         0.0524         -0.0604           0.103**        0.0210          -0.269**         0.159*         -0.155*         0.0817   
                   (1.33)         (-1.78)          (2.99)          (0.67)         (-2.65)          (1.97)         (-2.03)          (1.22)   

stpr_fac35       -0.00126         -0.0157          0.0118         -0.0212          -0.350**         0.127          -0.199*         0.0292   
                  (-0.03)         (-0.43)          (0.32)         (-0.62)         (-3.18)          (1.45)         (-2.40)          (0.40)   

stpr_fac36        -0.0404         -0.0340          0.0416          0.0451          -0.303**        0.0632          -0.174*      -0.000333   
                  (-1.02)         (-1.00)          (1.21)          (1.43)         (-2.97)          (0.78)         (-2.27)         (-0.00)   

stpr_fac37         0.0869          0.0208          0.0354         -0.0702*         -0.249*         0.0204          -0.192*        -0.0738   
                   (1.95)          (0.54)          (0.91)         (-1.97)         (-2.17)          (0.22)         (-2.23)         (-0.98)   

stpr_fac38        -0.0331         -0.0753*        0.00394          0.0150          -0.215*          0.149          -0.116          0.0690   
                  (-0.81)         (-2.13)          (0.11)          (0.46)         (-2.03)          (1.78)         (-1.46)          (0.99)   

stpr_fac39        -0.0506         -0.0264         0.00343        -0.00504          -0.350***        0.151          -0.196*         0.0503   
                  (-1.25)         (-0.76)          (0.10)         (-0.16)         (-3.35)          (1.82)         (-2.50)          (0.73)   

stpr_fac40        0.00903         -0.0430         -0.0152         -0.0165          -0.114           0.181         -0.0714          0.0573   
                   (0.20)         (-1.08)         (-0.38)         (-0.45)         (-0.95)          (1.91)         (-0.80)          (0.73)   

stpr_fac41        -0.0498          -0.100**       -0.0326         -0.0232          -0.309**        0.0619          -0.145*       -0.00191   
                  (-1.33)         (-3.10)         (-0.99)         (-0.77)         (-3.19)          (0.81)         (-1.99)         (-0.03)   

stpr_fac42        -0.0313         -0.0751          0.0398          0.0508          -0.260*          0.280**        -0.120           0.115   
                  (-0.69)         (-1.92)          (1.00)          (1.40)         (-2.22)          (3.02)         (-1.36)          (1.49)   

stpr_fac43        -0.0341         -0.0537          0.0199         -0.0123          -0.392***        0.182*         -0.282***       0.0936   
                  (-0.97)         (-1.77)          (0.65)         (-0.44)         (-4.32)          (2.54)         (-4.13)          (1.57)   

stpr_fac44        -0.0535         -0.0435          0.0552          0.0595          -0.377***       0.0748          -0.242**        0.0435   
                  (-1.29)         (-1.22)          (1.53)          (1.80)         (-3.53)          (0.89)         (-3.02)          (0.62)   

stpr_fac45        -0.0124         -0.0894**        0.0176          0.0309          -0.408***        0.176*         -0.242***       0.0456   
                  (-0.34)         (-2.86)          (0.56)          (1.07)         (-4.37)          (2.37)         (-3.44)          (0.74)   

stpr_fac46        -0.0655         -0.0242         0.00478         0.00192          -0.110           0.103          0.0153          0.0420   
                  (-1.57)         (-0.67)          (0.13)          (0.06)         (-1.01)          (1.21)          (0.19)          (0.59)   

stpr_fac47        -0.0462         -0.0735*         0.0408          0.0197          -0.285**         0.131         -0.0850          0.0661   
                  (-1.29)         (-2.37)          (1.30)          (0.69)         (-3.07)          (1.78)         (-1.22)          (1.08)   

stpr_fac48        -0.0432         -0.0589         -0.0207         -0.0195          -0.238*          0.278***      -0.0372           0.174** 
                  (-1.19)         (-1.88)         (-0.65)         (-0.67)         (-2.54)          (3.75)         (-0.53)          (2.82)   

stpr_fac49         0.0352          -0.104*       -0.00623         -0.0617          -0.507***       -0.398***       -0.262**        -0.350***
                   (0.75)         (-2.56)         (-0.15)         (-1.64)         (-4.16)         (-4.12)         (-2.86)         (-4.36)   

stpr_fac50        -0.0674         -0.0688         -0.0114        -0.00603          -0.178           0.183         -0.0649          0.0791   
                  (-1.35)         (-1.60)         (-0.26)         (-0.15)         (-1.38)          (1.80)         (-0.67)          (0.94)   

stpr_fac51       -0.00447         -0.0399        -0.00290         -0.0247          -0.356***       0.0605          -0.189**      -0.00466   
                  (-0.13)         (-1.36)         (-0.10)         (-0.91)         (-4.06)          (0.87)         (-2.87)         (-0.08)   

stpr_fac52         0.0459         -0.0473          0.0484         -0.0144          -0.505***        0.103          -0.315***       0.0276   
                   (1.43)         (-1.71)          (1.72)         (-0.56)         (-6.09)          (1.56)         (-5.06)          (0.51)   

stpr_fac53        -0.0131          0.0421          0.0921**        0.0119          -0.173           0.192**       -0.0557          0.0394   
                  (-0.37)          (1.39)          (3.01)          (0.43)         (-1.91)          (2.68)         (-0.82)          (0.66)   

stpr_fac54        -0.0203         -0.0781          0.0471        -0.00357          -0.324**         0.198*         -0.211*         0.0995   
                  (-0.44)         (-1.94)          (1.16)         (-0.10)         (-2.70)          (2.08)         (-2.34)          (1.26)   

stpr_fac55        0.00530         -0.0773*       -0.00972          0.0119          -0.249**         0.106          -0.146*         0.0706   
                   (0.14)         (-2.41)         (-0.30)          (0.40)         (-2.59)          (1.39)         (-2.03)          (1.12)   

stpr_fac56        0.00713         -0.0331          0.0110         -0.0284          -0.411***        0.209**        -0.253***        0.138*  
                   (0.21)         (-1.14)          (0.37)         (-1.06)         (-4.73)          (3.04)         (-3.88)          (2.41)   

stpr_fac57        -0.0359         -0.0867*         0.0218          0.0182          -0.623***       0.0563          -0.288**        0.0548   
                  (-0.71)         (-2.00)          (0.50)          (0.45)         (-4.79)          (0.55)         (-2.95)          (0.64)   

stpr_fac58        -0.0418          -0.168***       0.0310          0.0471          -0.454***      -0.0725          -0.228*        -0.0260   
                  (-0.89)         (-4.15)          (0.76)          (1.26)         (-3.75)         (-0.76)         (-2.50)         (-0.33)   

stpr_fac59        -0.0925*       -0.00402       -0.000241        0.000673          -0.588***        0.173*         -0.399***       0.0744   
                  (-2.43)         (-0.12)         (-0.01)          (0.02)         (-5.99)          (2.22)         (-5.41)          (1.15)   

stpr_fac60        0.00384         -0.0318         0.00362         -0.0300          -0.418***        0.171*         -0.271***       0.0791   
                   (0.11)         (-1.05)          (0.12)         (-1.07)         (-4.63)          (2.38)         (-3.99)          (1.33)   

o.stpr_fac61            0               0               0               0               0               0               0               0   
                      (.)             (.)             (.)             (.)             (.)             (.)             (.)             (.)   

stpr_fac62        -0.0369         -0.0524          0.0609          0.0404          -0.225*          0.148*         -0.118          0.0784   
                  (-1.04)         (-1.71)          (1.96)          (1.42)         (-2.45)          (2.03)         (-1.71)          (1.30)   

stpr_fac63        -0.0474         -0.0378          0.0242         -0.0556         -0.0419          0.0743          0.0430          0.0245   
                  (-1.12)         (-1.03)          (0.65)         (-1.64)         (-0.38)          (0.86)          (0.52)          (0.34)   

stpr_fac64        0.00586        -0.00359         0.00316         -0.0221          -0.187          0.0634         -0.0253          0.0137   
                   (0.15)         (-0.10)          (0.09)         (-0.70)         (-1.83)          (0.78)         (-0.33)          (0.20)   

stpr_fac65         0.0637         0.00140         -0.0172        -0.00436         -0.0315           0.253*         0.0112           0.194*  
                   (1.32)          (0.03)         (-0.41)         (-0.11)         (-0.25)          (2.57)          (0.12)          (2.37)   

stpr_fac66        -0.0339         -0.0864         -0.0146         -0.0226         -0.0407          0.0174          0.0526           0.103   
                  (-0.60)         (-1.76)         (-0.29)         (-0.50)         (-0.28)          (0.15)          (0.48)          (1.06)   

stpr_fac67       0.000132         -0.0502          0.0396          0.0301          -0.231           0.257**       -0.0521           0.201*  
                   (0.00)         (-1.23)          (0.95)          (0.79)         (-1.88)          (2.65)         (-0.57)          (2.49)   

stpr_fac68        -0.0511         -0.0553          0.0317        -0.00205          -0.339*      -0.000836         -0.0655          0.0241   
                  (-0.91)         (-1.13)          (0.64)         (-0.05)         (-2.33)         (-0.01)         (-0.60)          (0.25)   

stpr_fac69         0.0263         -0.0293          0.0458          0.0280          -0.216           0.132          -0.124          0.0606   
                   (0.55)         (-0.71)          (1.10)          (0.73)         (-1.75)          (1.35)         (-1.34)          (0.75)   

stpr_fac70        -0.0160          -0.100**       -0.0317         -0.0684*         0.0258           0.112          0.0105          0.0597   
                  (-0.38)         (-2.77)         (-0.86)         (-2.03)          (0.24)          (1.30)          (0.13)          (0.83)   

stpr_fac71         0.0182         -0.0565        -0.00488         -0.0163          -0.435***        0.175*         -0.259***        0.114   
                   (0.49)         (-1.75)         (-0.15)         (-0.54)         (-4.50)          (2.28)         (-3.57)          (1.80)   

stpr_fac72          0.120*        -0.0248         0.00153         -0.0367          -0.448***        0.123          -0.340***       0.0788   
                   (2.54)         (-0.61)          (0.04)         (-0.98)         (-3.69)          (1.28)         (-3.73)          (0.99)   

stpr_fac73       -0.00244          -0.109***       0.0749*         0.0609*         -0.184*          0.209**       -0.0916           0.169** 
                  (-0.07)         (-3.71)          (2.52)          (2.24)         (-2.10)          (3.01)         (-1.39)          (2.93)   

stpr_fac74         0.0137         0.00173          0.0294          0.0136          -0.497***        0.225**        -0.284***        0.156*  
                   (0.36)          (0.05)          (0.87)          (0.44)         (-4.98)          (2.85)         (-3.79)          (2.37)   

stpr_fac75        -0.0767          0.0110        -0.00728         -0.0581          -0.510***       0.0703          -0.294**        0.0110   
                  (-1.53)          (0.25)         (-0.17)         (-1.45)         (-3.94)          (0.69)         (-3.03)          (0.13)   

stpr_fac76          0.165**       -0.0391           0.120*         0.0501           0.158          0.0302          0.0361         -0.0980   
                   (2.85)         (-0.78)          (2.37)          (1.08)          (1.06)          (0.25)          (0.32)         (-0.99)   

stpr_fac77         -0.105         -0.0303          0.0652          -0.137**        -0.328*          0.235*        -0.0672           0.186*  
                  (-1.88)         (-0.63)          (1.34)         (-3.10)         (-2.29)          (2.07)         (-0.62)          (1.97)   

stpr_fac78        -0.0478         -0.0709          0.0499          0.0359          -0.665***       0.0854          -0.377***       0.0499   
                  (-0.90)         (-1.54)          (1.07)          (0.84)         (-4.84)          (0.78)         (-3.65)          (0.55)   

stpr_fac79       -0.00424         -0.0741         -0.0438          0.0107          -0.367*          0.132          -0.218*         0.0965   
                  (-0.08)         (-1.55)         (-0.91)          (0.24)         (-2.57)          (1.17)         (-2.03)          (1.03)   

stpr_fac80        -0.0880*        -0.0535          0.0465        -0.00594          -0.333**         0.142          -0.155          0.0615   
                  (-2.14)         (-1.51)          (1.29)         (-0.18)         (-3.13)          (1.68)         (-1.93)          (0.88)   

stpr_fac81         0.0335         -0.0211         -0.0341         -0.0373          -0.239**       -0.0330          -0.158*        -0.0574   
                   (0.97)         (-0.70)         (-1.12)         (-1.35)         (-2.67)         (-0.47)         (-2.34)         (-0.97)   

stpr_fac82         0.0386          0.0871*        -0.0487       -0.000777         -0.0992           0.195*        -0.0820          0.0971   
                   (0.87)          (2.27)         (-1.25)         (-0.02)         (-0.87)          (2.15)         (-0.95)          (1.29)   

stpr_fac83          0.133**       -0.0858*          0.210***        0.127**        -0.276*          0.200          -0.137           0.185*  
                   (2.63)         (-1.96)          (4.75)          (3.13)         (-2.11)          (1.93)         (-1.39)          (2.15)   

stpr_fac84        0.00346          -0.104**         0.120**       -0.0230          -0.186          0.0873         -0.0566         0.00304   
                   (0.08)         (-2.69)          (3.05)         (-0.64)         (-1.60)          (0.95)         (-0.65)          (0.04)   

stpr_fac85        -0.0865         -0.0870          0.0162         0.00575          -0.582***        0.163          -0.256*         0.0597   
                  (-1.47)         (-1.71)          (0.31)          (0.12)         (-3.82)          (1.35)         (-2.24)          (0.60)   

stpr_fac86        -0.0388         -0.0625         -0.0267          0.0160          -0.352**        0.0404          -0.249**      -0.00868   
                  (-0.83)         (-1.56)         (-0.66)          (0.43)         (-2.93)          (0.42)         (-2.76)         (-0.11)   

stpr_fac87       -0.00845         -0.0167        -0.00250         -0.0215          -0.509***        0.339***       -0.280***        0.235***
                  (-0.21)         (-0.47)         (-0.07)         (-0.66)         (-4.82)          (4.05)         (-3.54)          (3.38)   

stpr_fac88         0.0204         -0.0176          0.0203          0.0813**        -0.196*          0.298***      -0.0598          0.0607   
                   (0.61)         (-0.61)          (0.70)          (3.06)         (-2.28)          (4.38)         (-0.93)          (1.07)   

stpr_fac89        0.00142         -0.0805**       0.00910         -0.0414          -0.404***        0.112          -0.235***       0.0425   
                   (0.04)         (-2.70)          (0.30)         (-1.50)         (-4.53)          (1.59)         (-3.50)          (0.72)   

stpr_fac90        -0.0991*        -0.0332        0.000466        -0.00942          -0.561***        0.148          -0.282***       0.0584   
                  (-2.40)         (-0.93)          (0.01)         (-0.28)         (-5.25)          (1.75)         (-3.51)          (0.83)   

stpr_fac91        -0.0540         -0.0702*        0.00274          0.0287          -0.302***        0.143*         -0.113          0.0812   
                  (-1.53)         (-2.30)          (0.09)          (1.02)         (-3.31)          (1.99)         (-1.65)          (1.35)   

stpr_fac92         0.0734*        -0.0174          0.0422         -0.0293          -0.307***       0.0679          -0.198**      -0.00609   
                   (2.09)         (-0.57)          (1.37)         (-1.04)         (-3.38)          (0.94)         (-2.91)         (-0.10)   

stpr_fac93         0.0651         -0.0501          0.0210          0.0236          -0.269**        0.0489          -0.129         -0.0134   
                   (1.86)         (-1.65)          (0.68)          (0.84)         (-2.97)          (0.68)         (-1.89)         (-0.22)   

stpr_fac94          0.117**       -0.0110          0.0410        -0.00809          -0.188          0.0782          -0.111          0.0579   
                   (2.67)         (-0.29)          (1.07)         (-0.23)         (-1.66)          (0.87)         (-1.31)          (0.78)   

stpr_fac95        -0.0385         -0.0370          0.0446          0.0139          -0.297**         0.202*         -0.144          0.0883   
                  (-0.93)         (-1.04)          (1.23)          (0.42)         (-2.78)          (2.39)         (-1.80)          (1.26)   

stpr_fac96        -0.0741*        -0.0501          0.0652*         0.0179          -0.496***      -0.0289          -0.260***      -0.0225   
                  (-2.17)         (-1.70)          (2.18)          (0.66)         (-5.63)         (-0.41)         (-3.92)         (-0.39)   

stpr_fac97         0.0544        -0.00973          0.0492         0.00574          -0.260**         0.233***       -0.138*          0.130*  
                   (1.64)         (-0.34)          (1.69)          (0.22)         (-3.03)          (3.43)         (-2.14)          (2.30)   

stpr_fac98         0.0280         -0.0355        -0.00536         0.00192          -0.169          0.0970         -0.0874          0.0235   
                   (0.79)         (-1.17)         (-0.17)          (0.07)         (-1.85)          (1.34)         (-1.28)          (0.39)   

stpr_fac99        -0.0428         0.00381          0.0426          0.0278          -0.422***       0.0343          -0.213**      -0.00865   
                  (-1.09)          (0.11)          (1.24)          (0.88)         (-4.14)          (0.43)         (-2.79)         (-0.13)   

stpr_fac100       0.00127         -0.0726           0.183***       0.0776          0.0486           0.196           0.114           0.145   
                   (0.02)         (-1.63)          (4.06)          (1.89)          (0.37)          (1.86)          (1.15)          (1.65)   

stpr_fac101       -0.0709         -0.0958*         0.0373          0.0854*         -0.174           0.265*        -0.0235           0.246** 
                  (-1.33)         (-2.09)          (0.80)          (2.01)         (-1.26)          (2.44)         (-0.23)          (2.72)   

stpr_fac102        0.0370           0.142***       0.0964*          0.179***      -0.0631           0.483***       0.0501           0.245** 
                   (0.79)          (3.52)          (2.37)          (4.80)         (-0.52)          (5.07)          (0.55)          (3.10)   

stpr_fac103        0.0409         -0.0253          0.0497          0.0180         -0.0910           0.130         -0.0277          0.0813   
                   (1.13)         (-0.81)          (1.57)          (0.62)         (-0.97)          (1.76)         (-0.39)          (1.32)   

_cons              0.0267          0.0508         -0.0233         -0.0121           0.287***       -0.134*          0.147*        -0.0701   
                   (0.89)          (1.96)         (-0.89)         (-0.50)          (3.70)         (-2.18)          (2.52)         (-1.37)   
--------------------------------------------------------------------------------------------------------------------------------------------
N                    1211            1211            1211            1211            1211            1211            1211            1211   
R-sq                0.253           0.231           0.299           0.267           0.330           0.247           0.309           0.224   
--------------------------------------------------------------------------------------------------------------------------------------------
t statistics in parentheses
* p<0.05, ** p<0.01, *** p<0.001
