--------------------------------------------------------------------------------------------------------------------------------------------
                      (1)             (2)             (3)             (4)             (5)             (6)             (7)             (8)   
             avwage_bac~d    avwage_pre~t    pop_backward     pop_predict    wagebill_b~d    wagebill_p~t    wageemp_ba~d    wageemp_pr~t   
--------------------------------------------------------------------------------------------------------------------------------------------
lncedp87di~e       0.0301*        -0.0117          0.0115          0.0183         -0.0759*      -0.000832         -0.0943***       0.0123   
                   (2.23)         (-0.95)          (1.08)          (1.74)         (-2.14)         (-0.03)         (-3.47)          (0.59)   

stpr_fac1          0.0847*        -0.0570          -0.120***      -0.0770*        -0.0568          -0.111          -0.125         -0.0816   
                   (2.14)         (-1.58)         (-3.82)         (-2.49)         (-0.55)         (-1.44)         (-1.57)         (-1.34)   

stpr_fac2          0.0705         -0.0514         -0.0394          0.0270         -0.0494          0.0207         -0.0992          0.0547   
                   (1.84)         (-1.48)         (-1.30)          (0.90)         (-0.49)          (0.28)         (-1.28)          (0.93)   

stpr_fac3           0.154***      -0.0910*        -0.0155         -0.0126          0.0330         -0.0465         -0.0739         -0.0128   
                   (3.90)         (-2.54)         (-0.50)         (-0.41)          (0.32)         (-0.60)         (-0.93)         (-0.21)   

stpr_fac4          0.0932         -0.0103        -0.00750          0.0328         -0.0417         -0.0122          -0.110         -0.0198   
                   (1.94)         (-0.24)         (-0.20)          (0.87)         (-0.33)         (-0.13)         (-1.14)         (-0.27)   

stpr_fac5         -0.0151         -0.0764         -0.0540         -0.0832*          0.185          -0.245*         0.0648          -0.272***
                  (-0.22)         (-1.72)         (-1.00)         (-2.18)          (1.44)         (-2.57)          (0.66)         (-3.62)   

stpr_fac6           0.121         -0.0176           0.153*          0.172**        -0.297          0.0542          -0.333*         0.0340   
                   (1.58)         (-0.25)          (2.53)          (2.88)         (-1.48)          (0.36)         (-2.15)          (0.29)   

stpr_fac7           0.160**        0.0657         -0.0526          0.0734        -0.00328          0.0600          -0.116          0.0541   
                   (3.20)          (1.44)         (-1.33)          (1.88)         (-0.02)          (0.61)         (-1.15)          (0.70)   

stpr_fac8           0.215***     -0.00616          0.0337           0.121**        -0.144          -0.101          -0.322**        -0.136   
                   (3.98)         (-0.13)          (0.79)          (2.86)         (-1.02)         (-0.95)         (-2.95)         (-1.63)   

stpr_fac9           0.103*        -0.0210         -0.0373          0.0330          0.0677        -0.00180          0.0177         0.00858   
                   (2.29)         (-0.52)         (-1.06)          (0.94)          (0.58)         (-0.02)          (0.20)          (0.12)   

stpr_fac10         0.0111         -0.0975*        -0.0175         -0.0315          -0.168         -0.0656          -0.238*        -0.0674   
                   (0.24)         (-2.27)         (-0.47)         (-0.85)         (-1.35)         (-0.71)         (-2.50)         (-0.93)   

stpr_fac11         0.0921*         0.0102         -0.0143         0.00882        -0.00245         -0.0257         -0.0358         -0.0239   
                   (2.50)          (0.30)         (-0.49)          (0.31)         (-0.03)         (-0.36)         (-0.48)         (-0.42)   

stpr_fac12          0.120**      -0.00154        0.000806          0.0818*        -0.0486         -0.0949          -0.129         -0.0806   
                   (2.63)         (-0.04)          (0.02)          (2.29)         (-0.40)         (-1.06)         (-1.38)         (-1.14)   

stpr_fac13         0.0388        -0.00514         -0.0408         -0.0634         -0.0324          -0.112         -0.0312          -0.107   
                   (0.66)         (-0.10)         (-0.88)         (-1.39)         (-0.21)         (-0.98)         (-0.26)         (-1.18)   

stpr_fac14          0.102         -0.0109         -0.0339        -0.00887          -0.254           0.162          -0.208           0.174   
                   (1.62)         (-0.19)         (-0.68)         (-0.18)         (-1.54)          (1.32)         (-1.64)          (1.79)   

stpr_fac15          0.207***      -0.0762         -0.0714       -0.000718          -0.116          0.0359          -0.247*         0.0357   
                   (3.40)         (-1.37)         (-1.48)         (-0.02)         (-0.72)          (0.30)         (-2.01)          (0.38)   

stpr_fac16          0.159**       -0.0308          0.0104           0.111*         -0.184          0.0328          -0.320**        0.0532   
                   (2.84)         (-0.61)          (0.24)          (2.54)         (-1.26)          (0.30)         (-2.85)          (0.62)   

stpr_fac17         0.0335         -0.0311         -0.0275          0.0635         -0.0473         0.00822         -0.0724          0.0136   
                   (0.73)         (-0.75)         (-0.76)          (1.78)         (-0.39)          (0.09)         (-0.79)          (0.19)   

stpr_fac18          0.158***      -0.0471         -0.0151          0.0427          -0.382**        -0.215*         -0.300**        -0.145*  
                   (3.34)         (-1.10)         (-0.41)          (1.16)         (-3.08)         (-2.33)         (-3.15)         (-1.99)   

stpr_fac19         0.0986*         0.0919*        -0.0114          0.0377         -0.0461          0.0990          -0.182*          0.102   
                   (2.16)          (2.22)         (-0.32)          (1.06)         (-0.39)          (1.11)         (-1.98)          (1.45)   

stpr_fac20          0.195***      0.00878         0.00645          0.0503          0.0235         -0.0339          -0.156         -0.0475   
                   (4.27)          (0.21)          (0.18)          (1.41)          (0.20)         (-0.38)         (-1.69)         (-0.67)   

stpr_fac21          0.208***      -0.0318          0.0326           0.115**        0.0901          0.0320         -0.0898          0.0320   
                   (3.94)         (-0.66)          (0.78)          (2.79)          (0.65)          (0.31)         (-0.84)          (0.39)   

stpr_fac22          0.148**      -0.00407         0.00692          0.0290           0.168         -0.0187         -0.0267         -0.0507   
                   (3.08)         (-0.09)          (0.18)          (0.77)          (1.34)         (-0.20)         (-0.28)         (-0.68)   

stpr_fac23          0.111*         0.0442         -0.0372         -0.0223           0.263          0.0115          0.0284         -0.0420   
                   (2.14)          (0.94)         (-0.91)         (-0.55)          (1.93)          (0.11)          (0.27)         (-0.53)   

stpr_fac24          0.118         -0.0402         -0.0162          0.0353          -0.192         -0.0991          -0.291*        -0.0529   
                   (1.86)         (-0.70)         (-0.32)          (0.71)         (-1.15)         (-0.80)         (-2.28)         (-0.54)   

stpr_fac25        -0.0197         -0.0603         -0.0168          0.0149         -0.0574         -0.0228         -0.0825         0.00260   
                  (-0.48)         (-1.61)         (-0.52)          (0.46)         (-0.53)         (-0.28)         (-0.99)          (0.04)   

stpr_fac26         0.0594         -0.0491        0.000994          0.0193           0.261         0.00978           0.157         -0.0480   
                   (0.87)         (-0.79)          (0.02)          (0.36)          (1.46)          (0.07)          (1.15)         (-0.46)   

stpr_fac27        -0.0447         -0.0555         -0.0343          0.0165          0.0722         -0.0966           0.101         -0.0701   
                  (-0.66)         (-0.91)         (-0.64)          (0.31)          (0.41)         (-0.73)          (0.75)         (-0.67)   

stpr_fac28          0.143**       -0.0774          0.0164          0.0909*         -0.104        -0.00728          -0.220*         0.0480   
                   (2.79)         (-1.66)          (0.41)          (2.27)         (-0.77)         (-0.07)         (-2.13)          (0.61)   

stpr_fac29         0.0921         -0.0386          0.0193          0.0883*          0.112          0.0770          0.0176          0.0776   
                   (1.82)         (-0.84)          (0.48)          (2.23)          (0.84)          (0.78)          (0.17)          (1.00)   

stpr_fac30         0.0529         -0.0867**       0.00351         -0.0139          0.0434          -0.193**      -0.00410          -0.128*  
                   (1.43)         (-2.59)          (0.12)         (-0.48)          (0.45)         (-2.67)         (-0.06)         (-2.24)   

stpr_fac31          0.211***     -0.00443          0.0441          0.0789           0.183          0.0996         -0.0150          0.0799   
                   (4.04)         (-0.09)          (1.07)          (1.93)          (1.33)          (0.97)         (-0.14)          (0.99)   

stpr_fac32         0.0974*         0.0390          -0.105**       0.00127         -0.0366          0.0317          -0.136        0.000369   
                   (2.36)          (1.04)         (-3.24)          (0.04)         (-0.34)          (0.39)         (-1.64)          (0.01)   

stpr_fac33          0.152**       -0.0788          -0.178***       -0.325***       -0.272         -0.0333          -0.260*        -0.0481   
                   (2.61)         (-1.49)         (-3.86)         (-7.13)         (-1.78)         (-0.29)         (-2.21)         (-0.53)   

stpr_fac34         0.0962*        -0.0682          0.0173         0.00943          0.0576          -0.102         -0.0220         -0.0701   
                   (2.33)         (-1.82)          (0.53)          (0.29)          (0.53)         (-1.27)         (-0.27)         (-1.10)   

stpr_fac35        0.00500          0.0508         -0.0423         0.00772          -0.148         -0.0728          -0.153          -0.128   
                   (0.10)          (1.17)         (-1.12)          (0.21)         (-1.18)         (-0.78)         (-1.59)         (-1.73)   

stpr_fac36         0.0592         -0.0792*        0.00341         0.00523         -0.0654          -0.138          -0.138         -0.0890   
                   (1.43)         (-2.11)          (0.10)          (0.16)         (-0.60)         (-1.70)         (-1.66)         (-1.40)   

stpr_fac37          0.127*         0.0217         -0.0193         -0.0162         -0.0809          -0.150          -0.223*         -0.163*  
                   (2.40)          (0.45)         (-0.46)         (-0.39)         (-0.58)         (-1.45)         (-2.09)         (-2.00)   

stpr_fac38          0.139**       -0.0177         0.00118          0.0170         -0.0284          0.0531          -0.189*         0.0448   
                   (2.94)         (-0.41)          (0.03)          (0.46)         (-0.23)          (0.58)         (-1.99)          (0.62)   

stpr_fac39         0.0915*        -0.0283         -0.0284         0.00466          -0.225         -0.0196          -0.283**       0.00273   
                   (2.04)         (-0.70)         (-0.80)          (0.13)         (-1.92)         (-0.22)         (-3.14)          (0.04)   

stpr_fac40         0.0376          0.0496         -0.0299        -0.00535          -0.128           0.176          -0.209*         0.0953   
                   (0.80)          (1.16)         (-0.80)         (-0.15)         (-1.03)          (1.91)         (-2.20)          (1.31)   

stpr_fac41         0.0816         -0.0565         -0.0588         -0.0123         -0.0491          -0.122          -0.146         -0.0827   
                   (1.96)         (-1.49)         (-1.79)         (-0.38)         (-0.45)         (-1.50)         (-1.74)         (-1.29)   

stpr_fac42          0.151***      -0.0466         0.00737          0.0359         -0.0358          0.0759          -0.141          0.0388   
                   (3.62)         (-1.23)          (0.22)          (1.10)         (-0.33)          (0.93)         (-1.67)          (0.60)   

stpr_fac43         0.0774*        -0.0478         -0.0309         0.00204          -0.194         -0.0815          -0.241**       -0.0665   
                   (2.04)         (-1.39)         (-1.03)          (0.07)         (-1.94)         (-1.10)         (-3.15)         (-1.14)   

o.stpr_fac44            0               0               0               0               0               0               0               0   
                      (.)             (.)             (.)             (.)             (.)             (.)             (.)             (.)   

stpr_fac45        0.00624         -0.0491         -0.0490         -0.0146         -0.0260          0.0348         -0.0458         -0.0556   
                   (0.19)         (-1.64)         (-1.88)         (-0.57)         (-0.30)          (0.54)         (-0.69)         (-1.09)   

stpr_fac46         0.0604        -0.00312         -0.0512        -0.00230           0.208*        -0.0416           0.113         -0.0434   
                   (1.82)         (-0.10)         (-1.95)         (-0.09)          (2.39)         (-0.64)          (1.69)         (-0.85)   

stpr_fac47          0.104*         -0.104**       0.00662          0.0441         -0.0169         -0.0422         -0.0792        -0.00647   
                   (2.41)         (-2.63)          (0.19)          (1.30)         (-0.15)         (-0.50)         (-0.91)         (-0.10)   

stpr_fac48          0.151**        -0.102*        -0.0499         -0.0101          -0.115          0.0252          -0.156          0.0528   
                   (2.93)         (-2.17)         (-1.23)         (-0.25)         (-0.85)          (0.25)         (-1.50)          (0.66)   

stpr_fac49         0.0709          -0.159**       -0.0456       -0.000650          -0.247          -0.501***       -0.234          -0.353***
                   (1.16)         (-2.87)         (-0.94)         (-0.01)         (-1.54)         (-4.18)         (-1.90)         (-3.74)   

stpr_fac50         0.0626         -0.0385         -0.0505        -0.00308         -0.0539          0.0226          -0.113          0.0104   
                   (1.23)         (-0.83)         (-1.26)         (-0.08)         (-0.40)          (0.23)         (-1.10)          (0.13)   

stpr_fac51         0.0828*        -0.0219         -0.0508         -0.0222          0.0131          -0.125         -0.0850         -0.0820   
                   (2.23)         (-0.65)         (-1.73)         (-0.77)          (0.13)         (-1.72)         (-1.14)         (-1.43)   

stpr_fac52          0.141***      -0.0860*        -0.0170         0.00548          -0.330**        -0.155          -0.318***      -0.0919   
                   (3.37)         (-2.27)         (-0.52)          (0.17)         (-3.01)         (-1.90)         (-3.77)         (-1.43)   

stpr_fac53          0.110**        0.0129         0.00996          0.0629          0.0273          0.0136         -0.0717         -0.0184   
                   (2.64)          (0.34)          (0.30)          (1.93)          (0.25)          (0.17)         (-0.85)         (-0.29)   

stpr_fac54         0.0150        -0.00408         0.00528          0.0407          0.0281        -0.00656         -0.0619         -0.0455   
                   (0.27)         (-0.08)          (0.12)          (0.95)          (0.20)         (-0.06)         (-0.56)         (-0.54)   

stpr_fac55         0.0949**       -0.0518         -0.0690*        -0.0235           0.128         -0.0345          0.0269       -0.000361   
                   (2.73)         (-1.64)         (-2.51)         (-0.86)          (1.41)         (-0.51)          (0.38)         (-0.01)   

stpr_fac56         0.0749         -0.0118         -0.0231          0.0128          -0.228         -0.0168          -0.285**       -0.0305   
                   (1.40)         (-0.24)         (-0.55)          (0.31)         (-1.62)         (-0.16)         (-2.65)         (-0.37)   

stpr_fac57        0.00313         -0.0380        -0.00415          0.0249          -0.604***       -0.158          -0.448***      -0.0320   
                   (0.05)         (-0.67)         (-0.08)          (0.51)         (-3.68)         (-1.29)         (-3.56)         (-0.33)   

stpr_fac58         0.0592          -0.130**       0.00663          0.0419          -0.273          -0.259*         -0.282*         -0.127   
                   (1.08)         (-2.61)          (0.15)          (0.98)         (-1.90)         (-2.41)         (-2.55)         (-1.50)   

stpr_fac59         0.0751         -0.0132         -0.0102        -0.00380          -0.168          -0.145          -0.241**        -0.137*  
                   (1.76)         (-0.34)         (-0.30)         (-0.11)         (-1.50)         (-1.74)         (-2.81)         (-2.09)   

stpr_fac60         0.0816         -0.0355        0.000428         -0.0293          -0.126         -0.0436          -0.201*        -0.0347   
                   (1.88)         (-0.90)          (0.01)         (-0.86)         (-1.10)         (-0.51)         (-2.30)         (-0.52)   

stpr_fac61         0.0631         -0.0472         -0.0328          0.0236           0.495**        -0.102           0.117         -0.0837   
                   (0.94)         (-0.78)         (-0.62)          (0.45)          (2.82)         (-0.78)          (0.87)         (-0.81)   

stpr_fac62         0.0550         -0.0152        -0.00639          0.0350           0.184         0.00305          0.0735         -0.0290   
                   (1.54)         (-0.47)         (-0.23)          (1.25)          (1.96)          (0.04)          (1.02)         (-0.53)   

stpr_fac63          0.137*        -0.0361         -0.0195          0.0264           0.174         -0.0383          0.0321         -0.0355   
                   (2.31)         (-0.67)         (-0.42)          (0.57)          (1.12)         (-0.33)          (0.27)         (-0.39)   

stpr_fac64         0.0733          0.0265         -0.0309         0.00375           0.114          -0.109         0.00479         -0.0692   
                   (1.42)          (0.57)         (-0.76)          (0.09)          (0.84)         (-1.08)          (0.05)         (-0.87)   

stpr_fac65          0.178*        -0.0745         -0.0659          0.0394          0.0977           0.191         -0.0783           0.139   
                   (2.54)         (-1.17)         (-1.19)          (0.72)          (0.53)          (1.39)         (-0.55)          (1.28)   

stpr_fac66         0.0939         -0.0689         -0.0587         -0.0339          0.0509          0.0206          -0.146           0.105   
                   (1.56)         (-1.26)         (-1.24)         (-0.72)          (0.32)          (0.18)         (-1.20)          (1.14)   

stpr_fac67          0.193**       -0.0508        -0.00253          0.0678          -0.179          0.0919          -0.269*          0.151   
                   (2.90)         (-0.84)         (-0.05)          (1.31)         (-1.02)          (0.71)         (-2.01)          (1.47)   

stpr_fac68          0.120         -0.0840         -0.0137          0.0406          -0.172         -0.0703          -0.181         -0.0348   
                   (1.75)         (-1.34)         (-0.25)          (0.75)         (-0.95)         (-0.52)         (-1.30)         (-0.33)   

stpr_fac69          0.131*        -0.0188        -0.00521          0.0558          -0.141          0.0155          -0.244*         0.0335   
                   (2.18)         (-0.34)         (-0.11)          (1.19)         (-0.89)          (0.13)         (-2.01)          (0.36)   

stpr_fac70          0.140*        -0.0885         -0.0104        -0.00686           0.113          0.0882          -0.152          0.0881   
                   (2.02)         (-1.41)         (-0.19)         (-0.13)          (0.62)          (0.65)         (-1.09)          (0.83)   

stpr_fac71          0.159*        0.00895         -0.0497          0.0612          -0.469*        -0.0495          -0.507***      -0.0100   
                   (2.14)          (0.13)         (-0.84)          (1.05)         (-2.40)         (-0.34)         (-3.37)         (-0.09)   

stpr_fac72          0.187*        -0.0555         -0.0427          0.0161          -0.336          -0.162          -0.472**        -0.110   
                   (2.56)         (-0.84)         (-0.74)          (0.28)         (-1.76)         (-1.14)         (-3.21)         (-0.97)   

stpr_fac73          0.124*        -0.0799          0.0367          0.0942*        -0.0467          0.0456          -0.151          0.0468   
                   (2.35)         (-1.67)          (0.88)          (2.29)         (-0.34)          (0.44)         (-1.42)          (0.58)   

stpr_fac74          0.106*        -0.0296        -0.00968          0.0329          -0.358**       -0.0101          -0.381***       0.0390   
                   (2.05)         (-0.63)         (-0.24)          (0.82)         (-2.65)         (-0.10)         (-3.67)          (0.49)   

stpr_fac75        -0.0142         -0.0607         -0.0678        -0.00553          -0.634***       -0.104          -0.496***      -0.0691   
                  (-0.22)         (-1.05)         (-1.36)         (-0.11)         (-3.82)         (-0.84)         (-3.89)         (-0.71)   

stpr_fac76          0.321***      -0.0341          0.0586           0.102           0.175          0.0863          -0.122          0.0211   
                   (4.70)         (-0.55)          (1.09)          (1.92)          (0.98)          (0.65)         (-0.89)          (0.20)   

o.stpr_fac77            0               0               0               0               0               0               0               0   
                      (.)             (.)             (.)             (.)             (.)             (.)             (.)             (.)   

stpr_fac78         0.0990*         0.0204          0.0169          0.0687          -0.605***       -0.163          -0.474***       -0.102   
                   (1.97)          (0.45)          (0.42)          (1.75)         (-4.58)         (-1.65)         (-4.68)         (-1.32)   

stpr_fac79        -0.0660         -0.0750         -0.0837         -0.0532          -0.391*         -0.120          -0.316*        -0.0624   
                  (-1.00)         (-1.25)         (-1.61)         (-1.03)         (-2.26)         (-0.93)         (-2.38)         (-0.61)   

stpr_fac80       -0.00929         -0.0436          0.0158          0.0234          -0.176         -0.0668          -0.161         -0.0486   
                  (-0.18)         (-0.95)          (0.40)          (0.59)         (-1.33)         (-0.68)         (-1.59)         (-0.63)   

stpr_fac81         0.0762         -0.0232         -0.0494         -0.0349          0.0839          -0.149         -0.0774          -0.113   
                   (1.66)         (-0.56)         (-1.36)         (-0.97)          (0.70)         (-1.66)         (-0.84)         (-1.60)   

stpr_fac82         0.0894          0.0259          -0.131**        0.0281          0.0967          0.0341          -0.116          0.0114   
                   (1.60)          (0.51)         (-2.97)          (0.64)          (0.66)          (0.31)         (-1.03)          (0.13)   

stpr_fac83         0.0563          0.0620          0.0577           0.204***      -0.0843          0.0796         -0.0765           0.124   
                   (1.07)          (1.29)          (1.39)          (4.94)         (-0.61)          (0.77)         (-0.72)          (1.52)   

stpr_fac84        -0.0309         -0.0118          -0.142***        0.158***       -0.204          -0.110          -0.208*        -0.0855   
                  (-0.68)         (-0.29)         (-3.99)          (4.48)         (-1.72)         (-1.25)         (-2.28)         (-1.23)   

stpr_fac85         0.0603         -0.0238         -0.0160        -0.00491          -0.397***       -0.117          -0.286***      -0.0580   
                   (1.43)         (-0.62)         (-0.48)         (-0.15)         (-3.59)         (-1.42)         (-3.37)         (-0.89)   

stpr_fac86         0.0728         -0.0139         -0.0603        -0.00695         -0.0825          -0.162          -0.171         -0.0999   
                   (1.67)         (-0.35)         (-1.75)         (-0.20)         (-0.72)         (-1.89)         (-1.94)         (-1.48)   

stpr_fac87          0.131**      -0.00276         -0.0267         -0.0291          -0.285**       -0.0515          -0.276***       0.0142   
                   (3.29)         (-0.08)         (-0.85)         (-0.94)         (-2.73)         (-0.66)         (-3.45)          (0.23)   

stpr_fac88          0.109*        -0.0654          0.0273          0.0161          0.0219           0.105          0.0183          0.0315   
                   (2.57)         (-1.71)          (0.82)          (0.49)          (0.20)          (1.27)          (0.21)          (0.48)   

stpr_fac89          0.113**       -0.0504         -0.0282         -0.0211          -0.156         -0.0907          -0.211*        -0.0508   
                   (2.60)         (-1.28)         (-0.82)         (-0.62)         (-1.38)         (-1.07)         (-2.42)         (-0.76)   

stpr_fac90         0.0711         -0.0649         -0.0171          0.0265          -0.473**        -0.116          -0.441***      -0.0650   
                   (1.13)         (-1.14)         (-0.35)          (0.54)         (-2.88)         (-0.95)         (-3.49)         (-0.67)   

stpr_fac91         0.0610         -0.0454         -0.0323         0.00266          -0.148          0.0162          -0.119          0.0131   
                   (1.70)         (-1.39)         (-1.14)          (0.10)         (-1.57)          (0.23)         (-1.65)          (0.24)   

stpr_fac92          0.163***      -0.0805         -0.0150         0.00802          -0.233          -0.125          -0.274**       -0.0989   
                   (3.40)         (-1.85)         (-0.40)          (0.21)         (-1.86)         (-1.34)         (-2.84)         (-1.34)   

stpr_fac93          0.185***     -0.00804         -0.0128          0.0234         -0.0229         -0.0670         -0.0637         -0.0928   
                   (4.36)         (-0.21)         (-0.38)          (0.70)         (-0.21)         (-0.81)         (-0.74)         (-1.42)   

stpr_fac94         0.0808         -0.0620         -0.0138        -0.00358           0.110         -0.0746         -0.0488         -0.0302   
                   (1.87)         (-1.58)         (-0.40)         (-0.11)          (0.97)         (-0.88)         (-0.56)         (-0.45)   

stpr_fac95          0.106*        -0.0497        -0.00260          0.0374         -0.0345         -0.0610          -0.122         -0.0518   
                   (2.03)         (-1.04)         (-0.06)          (0.91)         (-0.25)         (-0.59)         (-1.16)         (-0.64)   

stpr_fac96          0.141*        -0.0822          0.0335          0.0881          -0.395*         -0.234          -0.439***       -0.118   
                   (2.19)         (-1.41)          (0.66)          (1.76)         (-2.35)         (-1.87)         (-3.40)         (-1.19)   

stpr_fac97          0.112**       -0.0485         0.00787         0.00868         -0.0660          0.0118          -0.163*         0.0298   
                   (2.81)         (-1.34)          (0.25)          (0.28)         (-0.63)          (0.15)         (-2.03)          (0.49)   

stpr_fac98          0.155***       0.0318         -0.0262         0.00953           0.105         0.00114         -0.0320         -0.0500   
                   (3.59)          (0.81)         (-0.77)          (0.28)          (0.93)          (0.01)         (-0.37)         (-0.75)   

stpr_fac99          0.147*        -0.0125          0.0269          0.0712          -0.392*         -0.145          -0.423***      -0.0752   
                   (2.35)         (-0.22)          (0.54)          (1.45)         (-2.39)         (-1.18)         (-3.35)         (-0.78)   

stpr_fac100         0.239***      -0.0296          0.0735           0.148***        0.220           0.222*        0.00356           0.236** 
                   (4.67)         (-0.63)          (1.82)          (3.70)          (1.64)          (2.22)          (0.03)          (2.98)   

stpr_fac101         0.140**       -0.0620          0.0202          0.0597          0.0617          0.0584         -0.0264           0.131   
                   (2.88)         (-1.41)          (0.53)          (1.57)          (0.48)          (0.61)         (-0.27)          (1.76)   

stpr_fac102         0.113          0.0955         -0.0473           0.163***        0.103           0.276*         0.0128           0.147   
                   (1.94)          (1.81)         (-1.03)          (3.59)          (0.68)          (2.43)          (0.11)          (1.64)   

stpr_fac103        0.0979*         0.0407        -0.00253          0.0356           0.189         -0.0209          0.0164        -0.00947   
                   (2.51)          (1.15)         (-0.08)          (1.17)          (1.85)         (-0.27)          (0.21)         (-0.16)   

_cons             -0.0996**        0.0374          0.0138         -0.0214          0.0687          0.0397           0.152*         0.0220   
                  (-2.62)          (1.08)          (0.46)         (-0.72)          (0.69)          (0.53)          (1.99)          (0.38)   
--------------------------------------------------------------------------------------------------------------------------------------------
N                    1208            1211            1208            1211            1210            1211            1210            1211   
R-sq                0.237           0.230           0.223           0.314           0.341           0.247           0.292           0.242   
--------------------------------------------------------------------------------------------------------------------------------------------
t statistics in parentheses
* p<0.05, ** p<0.01, *** p<0.001
