--------------------------------------------------------------------------------------------------------------------------------------------
                      (1)             (2)             (3)             (4)             (5)             (6)             (7)             (8)   
             avwage_bac~d    avwage_pre~t    pop_backward     pop_predict    wagebill_b~d    wagebill_p~t    wageemp_ba~d    wageemp_pr~t   
--------------------------------------------------------------------------------------------------------------------------------------------
lncedpi91d~e      -0.0834*         -0.197***      -0.0131         -0.0791**        -0.289***       -0.462***       -0.144*         -0.302***
                  (-2.32)         (-6.12)         (-0.40)         (-2.62)         (-3.38)         (-5.80)         (-2.18)         (-4.61)   

stpr_fac1         -0.0955**        0.0163         -0.0563         -0.0152         -0.0408           0.138          0.0768          0.0702   
                  (-2.60)          (0.50)         (-1.68)         (-0.49)         (-0.47)          (1.69)          (1.14)          (1.05)   

stpr_fac2         -0.0893*        -0.0600          0.0328          0.0381          0.0386          0.0137           0.175**       0.00941   
                  (-2.46)         (-1.84)          (0.99)          (1.24)          (0.45)          (0.17)          (2.63)          (0.14)   

stpr_fac3          -0.119**       -0.0866*       -0.00955         0.00732         -0.0301         -0.0430           0.119         -0.0327   
                  (-3.15)         (-2.57)         (-0.28)          (0.23)         (-0.34)         (-0.51)          (1.72)         (-0.48)   

stpr_fac4          0.0113          0.0635*         0.0415          0.0801**         0.208*          0.322***        0.200**         0.229***
                   (0.33)          (2.04)          (1.31)          (2.74)          (2.52)          (4.18)          (3.14)          (3.61)   

stpr_fac5          -0.120*        -0.0665         -0.0916           0.119**        -0.197          -0.204          -0.104          -0.221*  
                  (-2.35)         (-1.45)         (-1.95)          (2.75)         (-1.61)         (-1.79)         (-1.10)         (-2.36)   

stpr_fac6         -0.0626          0.0564           0.117*          0.158**        0.0837           0.182           0.106           0.113   
                  (-1.02)          (1.03)          (2.08)          (3.06)          (0.57)          (1.33)          (0.94)          (1.01)   

stpr_fac7          0.0844*        -0.0459          0.0825*         0.0473           0.109           0.152           0.142           0.186*  
                   (2.12)         (-1.29)          (2.27)          (1.41)          (1.15)          (1.71)          (1.95)          (2.56)   

stpr_fac8          0.0329         -0.0749           0.128**        0.0261         -0.0652         -0.0636         -0.0468         -0.0809   
                   (0.73)         (-1.86)          (3.12)          (0.69)         (-0.61)         (-0.64)         (-0.57)         (-0.98)   

stpr_fac9        0.000386          0.0568          0.0444          0.0246           0.181*          0.305***        0.223***        0.217***
                   (0.01)          (1.93)          (1.48)          (0.89)          (2.32)          (4.19)          (3.71)          (3.62)   

stpr_fac10         -0.109**        -0.125***      -0.0263         -0.0314         -0.0271          0.0511          0.0563          0.0379   
                  (-2.83)         (-3.60)         (-0.75)         (-0.97)         (-0.29)          (0.60)          (0.80)          (0.54)   

stpr_fac11        -0.0252         -0.0491          0.0244          0.0467          0.0940           0.140           0.165**         0.118   
                  (-0.76)         (-1.66)          (0.81)          (1.68)          (1.20)          (1.90)          (2.74)          (1.95)   

stpr_fac12        -0.0164         -0.0250          0.0732*         0.0843*         0.0243          0.0411          0.0773          0.0263   
                  (-0.42)         (-0.72)          (2.05)          (2.57)          (0.26)          (0.48)          (1.08)          (0.37)   

stpr_fac13         0.0566          0.0927*        -0.0412         -0.0717*          0.104           0.287**         0.125           0.205** 
                   (1.31)          (2.40)         (-1.05)         (-1.97)          (1.01)          (2.99)          (1.58)          (2.61)   

stpr_fac14         0.0222          0.0572          0.0103          0.0518           0.320**         0.523***        0.344***        0.379***
                   (0.43)          (1.25)          (0.22)          (1.21)          (2.64)          (4.62)          (3.68)          (4.07)   

stpr_fac15        0.00416         -0.0153         -0.0105          0.0156           0.264***        0.273***        0.234***        0.250***
                   (0.13)         (-0.55)         (-0.37)          (0.60)          (3.58)          (3.98)          (4.13)          (4.43)   

stpr_fac16         0.0617         -0.0209           0.112**        0.0202           0.315***        0.248**         0.270***        0.221** 
                   (1.61)         (-0.61)          (3.20)          (0.63)          (3.46)          (2.92)          (3.86)          (3.16)   

stpr_fac17         0.0549         -0.0503          0.0317          0.0781*          0.132           0.121           0.112           0.116   
                   (1.48)         (-1.51)          (0.94)          (2.50)          (1.50)          (1.47)          (1.65)          (1.72)   

stpr_fac18         0.0440         0.00409          0.0338           0.136***      -0.0548           0.189*         0.0117           0.140*  
                   (1.25)          (0.13)          (1.05)          (4.57)         (-0.65)          (2.41)          (0.18)          (2.18)   

stpr_fac19         0.0815*         0.0101          0.0668*         0.0831**         0.195*          0.167*          0.207**         0.174*  
                   (2.20)          (0.31)          (1.97)          (2.67)          (2.21)          (2.03)          (3.06)          (2.57)   

stpr_fac20         0.0518         -0.0374          0.0834*         0.0484          0.0944          0.0574           0.106          0.0367   
                   (1.33)         (-1.07)          (2.35)          (1.48)          (1.02)          (0.67)          (1.49)          (0.52)   

stpr_fac21         0.0479          0.0469           0.105**         0.118***        0.229*          0.346***        0.199**         0.244***
                   (1.27)          (1.39)          (3.05)          (3.73)          (2.55)          (4.13)          (2.88)          (3.55)   

stpr_fac22        -0.0173          -0.111*         0.0401          0.0302        -0.00581        -0.00973          0.0382          0.0165   
                  (-0.35)         (-2.51)          (0.89)          (0.73)         (-0.05)         (-0.09)          (0.42)          (0.18)   

o.stpr_fac23            0               0               0               0               0               0               0               0   
                      (.)             (.)             (.)             (.)             (.)             (.)             (.)             (.)   

stpr_fac24        -0.0471          -0.108*         0.0259          0.0159         -0.0747         -0.0141          0.0411          0.0262   
                  (-0.88)         (-2.27)          (0.53)          (0.35)         (-0.59)         (-0.12)          (0.42)          (0.27)   

stpr_fac25        -0.0761         -0.0301          0.0305          0.0821*       0.000641           0.166           0.109           0.119   
                  (-1.94)         (-0.86)          (0.85)          (2.49)          (0.01)          (1.91)          (1.53)          (1.67)   

stpr_fac26         0.0271         0.00235          0.0464          0.0965           0.253          0.0830           0.199          0.0916   
                   (0.45)          (0.04)          (0.84)          (1.90)          (1.75)          (0.62)          (1.80)          (0.83)   

stpr_fac27        -0.0638         -0.0609          0.0520          0.0676        0.000214          0.0906           0.114           0.103   
                  (-1.03)         (-1.09)          (0.92)          (1.29)          (0.00)          (0.66)          (1.00)          (0.91)   

stpr_fac28        -0.0727          -0.125***       0.0815*         0.0282          0.0237         -0.0758           0.151*        -0.0289   
                  (-1.77)         (-3.40)          (2.17)          (0.82)          (0.24)         (-0.83)          (2.01)         (-0.39)   

stpr_fac29        -0.0146         -0.0333          0.0880*         0.0723           0.141           0.242*          0.225**         0.193*  
                  (-0.33)         (-0.83)          (2.15)          (1.92)          (1.32)          (2.44)          (2.75)          (2.36)   

stpr_fac30         -0.126***      -0.0898**       -0.0144          0.0292          -0.217*         0.0204         -0.0408          0.0507   
                  (-3.37)         (-2.68)         (-0.42)          (0.93)         (-2.44)          (0.25)         (-0.60)          (0.74)   

stpr_fac31         0.0675           0.124***       0.0885**         0.123***        0.413***        0.467***        0.338***        0.312***
                   (1.87)          (3.81)          (2.68)          (4.03)          (4.79)          (5.81)          (5.10)          (4.71)   

stpr_fac32         0.0462          0.0912**        0.0113          0.0280           0.255***        0.360***        0.203***        0.203***
                   (1.46)          (3.22)          (0.39)          (1.05)          (3.38)          (5.11)          (3.51)          (3.51)   

stpr_fac33         -0.116*        -0.0325          -0.351***     -0.00745          0.0999           0.220*          0.131           0.146   
                  (-2.51)         (-0.78)         (-8.29)         (-0.19)          (0.91)          (2.14)          (1.55)          (1.73)   

stpr_fac34        -0.0288          0.0445          0.0377           0.108***        0.102           0.378***        0.120           0.236***
                  (-0.81)          (1.39)          (1.16)          (3.61)          (1.21)          (4.78)          (1.85)          (3.64)   

stpr_fac35        0.00466          0.0197          0.0106         0.00470        -0.00284          0.0911          0.0465          0.0401   
                   (0.11)          (0.54)          (0.28)          (0.14)         (-0.03)          (1.00)          (0.62)          (0.54)   

stpr_fac36        -0.0776*         0.0563          0.0315           0.115***        0.145           0.235**         0.186**         0.157*  
                  (-2.18)          (1.77)          (0.97)          (3.83)          (1.71)          (2.97)          (2.85)          (2.42)   

stpr_fac37         0.0796*         0.0520         -0.0100        -0.00281           0.374***        0.229*          0.298***        0.177*  
                   (1.99)          (1.45)         (-0.27)         (-0.08)          (3.92)          (2.57)          (4.07)          (2.41)   

stpr_fac38        -0.0564          -0.120**       0.00698         0.00451         -0.0250         -0.0374          0.0963         0.00610   
                  (-1.32)         (-3.14)          (0.18)          (0.13)         (-0.25)         (-0.39)          (1.23)          (0.08)   

stpr_fac39        -0.0280         -0.0357       -0.000416          0.0135         -0.0380         -0.0182          0.0886         0.00262   
                  (-0.68)         (-0.96)         (-0.01)          (0.39)         (-0.39)         (-0.20)          (1.17)          (0.03)   

stpr_fac40         0.0302         -0.0970*       -0.00984         -0.0119           0.109         -0.0560           0.159         -0.0818   
                   (0.68)         (-2.44)         (-0.24)         (-0.32)          (1.03)         (-0.57)          (1.96)         (-1.01)   

stpr_fac41        -0.0597         -0.0909**       -0.0173         -0.0139         -0.0549          0.0233          0.0670          0.0251   
                  (-1.60)         (-2.72)         (-0.51)         (-0.44)         (-0.62)          (0.28)          (0.98)          (0.37)   

stpr_fac42        -0.0834          -0.132**        0.0450          0.0326         0.00199          0.0223          0.0979          0.0196   
                  (-1.77)         (-3.12)          (1.04)          (0.82)          (0.02)          (0.21)          (1.13)          (0.23)   

stpr_fac43        -0.0612          0.0184          0.0167          0.0112         -0.0180           0.165*         0.0464          0.0927   
                  (-1.89)          (0.63)          (0.57)          (0.41)         (-0.23)          (2.29)          (0.78)          (1.57)   

stpr_fac44        -0.0223         -0.0161          0.0542          0.0916**         0.128          0.0282           0.177*         0.0259   
                  (-0.57)         (-0.46)          (1.52)          (2.79)          (1.37)          (0.33)          (2.47)          (0.36)   

stpr_fac45        -0.0538         -0.0416          0.0243          0.0613*         0.0116           0.102          0.0824          0.0646   
                  (-1.54)         (-1.32)          (0.76)          (2.08)          (0.14)          (1.31)          (1.28)          (1.01)   

stpr_fac46        -0.0321          -0.105**        0.0273         0.00173         -0.0351        -0.00885          0.0781          0.0299   
                  (-0.78)         (-2.84)          (0.73)          (0.05)         (-0.36)         (-0.10)          (1.04)          (0.40)   

stpr_fac47        -0.0792*       -0.00665          0.0417          0.0430          0.0544          0.0677           0.142*         0.0503   
                  (-2.32)         (-0.22)          (1.34)          (1.50)          (0.67)          (0.89)          (2.27)          (0.81)   

stpr_fac48        -0.0607         -0.0175         -0.0181          0.0268           0.167*          0.421***        0.226***        0.324***
                  (-1.81)         (-0.58)         (-0.59)          (0.95)          (2.10)          (5.65)          (3.69)          (5.30)   

o.stpr_fac49            0               0               0               0               0               0               0               0   
                      (.)             (.)             (.)             (.)             (.)             (.)             (.)             (.)   

stpr_fac50        -0.0510          -0.115**       0.00247         0.00443          0.0516          0.0196           0.143          0.0299   
                  (-1.04)         (-2.62)          (0.06)          (0.11)          (0.44)          (0.18)          (1.59)          (0.33)   

stpr_fac51        -0.0478         -0.0236         -0.0129          0.0156         -0.0346          0.0419          0.0814          0.0343   
                  (-1.43)         (-0.79)         (-0.42)          (0.55)         (-0.44)          (0.57)          (1.33)          (0.56)   

stpr_fac52        -0.0525         0.00601          0.0179          0.0539*        -0.0170           0.167*         0.0716           0.114*  
                  (-1.76)          (0.23)          (0.66)          (2.15)         (-0.24)          (2.52)          (1.31)          (2.09)   

stpr_fac53        0.00387        -0.00152          0.0763*         0.0235          0.0915          0.0981           0.129*         0.0493   
                   (0.11)         (-0.05)          (2.35)          (0.79)          (1.08)          (1.24)          (1.98)          (0.76)   

stpr_fac54        -0.0476        -0.00443          0.0346          0.0688          0.0670           0.116          0.0817          0.0548   
                  (-1.07)         (-0.11)          (0.85)          (1.83)          (0.63)          (1.17)          (1.00)          (0.67)   

stpr_fac55        -0.0175         -0.0648         0.00466          0.0307          0.0971          0.0240           0.160*         0.0248   
                  (-0.46)         (-1.89)          (0.13)          (0.95)          (1.07)          (0.28)          (2.29)          (0.35)   

stpr_fac56         0.0427          0.0866**       0.00105          0.0469           0.210**         0.499***        0.156**         0.378***
                   (1.44)          (3.26)          (0.04)          (1.88)          (2.97)          (7.58)          (2.88)          (6.98)   

stpr_fac57        -0.0349         -0.0685          0.0112          0.0557         -0.0778         0.00166          0.0834         0.00494   
                  (-0.73)         (-1.59)          (0.25)          (1.38)         (-0.68)          (0.02)          (0.95)          (0.06)   

stpr_fac58        -0.0900*         -0.110**        0.0325          0.0708          -0.176         -0.0818         0.00256       -0.000795   
                  (-1.98)         (-2.69)          (0.78)          (1.85)         (-1.62)         (-0.81)          (0.03)         (-0.01)   

stpr_fac59        -0.0464          -0.111**       -0.0186          0.0219          -0.268**      -0.00757          -0.136          0.0139   
                  (-1.13)         (-3.04)         (-0.50)          (0.64)         (-2.76)         (-0.08)         (-1.82)          (0.19)   

stpr_fac60       -0.00589          0.0107         -0.0342          0.0151          0.0633           0.232**        0.0987           0.160** 
                  (-0.18)          (0.36)         (-1.15)          (0.55)          (0.81)          (3.19)          (1.65)          (2.68)   

stpr_fac61        0.00620          0.0871*       -0.00552          0.0837*          0.340**         0.347***        0.219**         0.254** 
                   (0.14)          (2.22)         (-0.14)          (2.27)          (3.25)          (3.57)          (2.73)          (3.18)   

stpr_fac62        -0.0263         -0.0733*         0.0609          0.0608*         0.0834          0.0380           0.121          0.0494   
                  (-0.74)         (-2.29)          (1.86)          (2.02)          (0.98)          (0.48)          (1.84)          (0.76)   

stpr_fac63       -0.00777         -0.0238          0.0169         -0.0507           0.143           0.146           0.180*         0.0999   
                  (-0.19)         (-0.66)          (0.46)         (-1.50)          (1.50)          (1.64)          (2.44)          (1.36)   

stpr_fac64         0.0365          0.0420        -0.00278         0.00173          0.0281           0.129           0.107           0.112   
                   (0.95)          (1.22)         (-0.08)          (0.05)          (0.31)          (1.52)          (1.53)          (1.60)   

stpr_fac65        0.00804           0.128***      0.00328          0.0705*          0.501***        0.460***        0.377***        0.315***
                   (0.20)          (3.48)          (0.09)          (2.05)          (5.14)          (5.06)          (5.04)          (4.21)   

stpr_fac66        -0.0620         -0.0641         -0.0133         0.00786           0.142          0.0357           0.193          0.0572   
                  (-1.14)         (-1.32)         (-0.27)          (0.17)          (1.10)          (0.30)          (1.94)          (0.58)   

stpr_fac67        -0.0138         -0.0491          0.0396          0.0662           0.168           0.142           0.267**         0.149   
                  (-0.30)         (-1.21)          (0.95)          (1.73)          (1.55)          (1.41)          (3.20)          (1.79)   

stpr_fac68        -0.0693         -0.0119          0.0399          0.0117          0.0389         -0.0738           0.122          0.0512   
                  (-1.30)         (-0.25)          (0.82)          (0.26)          (0.31)         (-0.62)          (1.26)          (0.53)   

stpr_fac69        -0.0179         -0.0174          0.0493          0.0424           0.103           0.117           0.162          0.0826   
                  (-0.38)         (-0.42)          (1.16)          (1.08)          (0.93)          (1.14)          (1.90)          (0.97)   

stpr_fac70        -0.0626         -0.0891*        -0.0510         -0.0392           0.220*         0.0718           0.220**        0.0647   
                  (-1.48)         (-2.35)         (-1.32)         (-1.10)          (2.18)          (0.76)          (2.84)          (0.84)   

stpr_fac71         0.0473         -0.0535          0.0110          0.0125       -0.000647           0.163*         0.0714           0.107   
                   (1.30)         (-1.64)          (0.33)          (0.41)         (-0.01)          (2.01)          (1.07)          (1.61)   

stpr_fac72         0.0829           0.226***      -0.0170          0.0967**         0.307**         0.665***        0.193*          0.433***
                   (1.88)          (5.73)         (-0.42)          (2.61)          (2.93)          (6.79)          (2.39)          (5.38)   

stpr_fac73        -0.0455         -0.0418          0.0758*         0.0794**         0.136           0.291***        0.176**         0.232***
                  (-1.36)         (-1.40)          (2.49)          (2.83)          (1.71)          (3.92)          (2.87)          (3.80)   

stpr_fac74         0.0160           0.102**        0.0275          0.0885**         0.160           0.480***        0.180**         0.353***
                   (0.45)          (3.22)          (0.85)          (2.97)          (1.89)          (6.10)          (2.77)          (5.46)   

stpr_fac75         0.0319         -0.0658         -0.0139        -0.00768          -0.173           0.226*        -0.0121           0.107   
                   (0.68)         (-1.56)         (-0.32)         (-0.19)         (-1.55)          (2.17)         (-0.14)          (1.24)   

stpr_fac76         0.0647         -0.0291           0.107*         0.0686           0.235         -0.0516           0.167         -0.0213   
                   (1.16)         (-0.58)          (2.08)          (1.46)          (1.76)         (-0.41)          (1.63)         (-0.21)   

stpr_fac77       -0.00220           0.133**       0.00644         -0.0467           0.225           0.667***        0.273**         0.476***
                  (-0.04)          (2.90)          (0.14)         (-1.08)          (1.84)          (5.87)          (2.91)          (5.09)   

stpr_fac78        -0.0566         -0.0819          0.0659          0.0111          -0.322**       -0.0910          -0.113         -0.0164   
                  (-1.18)         (-1.90)          (1.50)          (0.27)         (-2.82)         (-0.85)         (-1.28)         (-0.19)   

stpr_fac79         0.0302           0.142**       -0.0813           0.123**         0.152           0.533***        0.113           0.360***
                   (0.58)          (3.03)         (-1.71)          (2.81)          (1.23)          (4.60)          (1.18)          (3.78)   

stpr_fac80        -0.0182          -0.120***       0.0289         0.00837         -0.0142          0.0648          0.0420           0.110   
                  (-0.47)         (-3.45)          (0.82)          (0.26)         (-0.15)          (0.75)          (0.59)          (1.56)   

stpr_fac81         0.0192          0.0854**       -0.0378          0.0602*          0.160*          0.330***        0.142*          0.191***
                   (0.61)          (3.03)         (-1.32)          (2.27)          (2.14)          (4.73)          (2.46)          (3.33)   

stpr_fac82         0.0224          0.0582        -0.00216         0.00505           0.128           0.173           0.169*         0.0986   
                   (0.50)          (1.46)         (-0.05)          (0.13)          (1.21)          (1.75)          (2.07)          (1.21)   

stpr_fac83          0.120*         0.0390           0.250***        0.151***        0.125           0.298**         0.192*          0.213*  
                   (2.53)          (0.92)          (5.78)          (3.79)          (1.11)          (2.84)          (2.22)          (2.47)   

stpr_fac84         0.0135         -0.0606           0.220***      -0.0591         -0.0284          0.0128          0.0920         -0.0264   
                   (0.31)         (-1.55)          (5.54)         (-1.61)         (-0.27)          (0.13)          (1.16)         (-0.33)   

stpr_fac85        -0.0622          -0.152**        0.0246         -0.0148          -0.332*         -0.222         -0.0543          -0.130   
                  (-1.12)         (-3.05)          (0.48)         (-0.32)         (-2.51)         (-1.80)         (-0.53)         (-1.28)   

stpr_fac86        -0.0403          -0.103*       -0.00489          0.0160          -0.177         -0.0759         -0.0138         -0.0773   
                  (-0.87)         (-2.48)         (-0.12)          (0.41)         (-1.60)         (-0.74)         (-0.16)         (-0.91)   

stpr_fac87        -0.0340         -0.0623         -0.0156        -0.00358          -0.125           0.160          0.0704           0.149   
                  (-0.81)         (-1.66)         (-0.41)         (-0.10)         (-1.25)          (1.72)          (0.92)          (1.95)   

stpr_fac88         0.0116          0.0890***       0.0287          0.0969***        0.264***        0.416***        0.206***        0.152** 
                   (0.40)          (3.39)          (1.07)          (3.93)          (3.78)          (6.38)          (3.83)          (2.84)   

stpr_fac89        -0.0347         -0.0546         -0.0143         -0.0126         -0.0101           0.119          0.0863          0.0781   
                  (-1.02)         (-1.79)         (-0.46)         (-0.44)         (-0.13)          (1.58)          (1.39)          (1.26)   

stpr_fac90        -0.0637        0.000171       -0.000428        -0.00540         -0.0819           0.232**        0.0428           0.201** 
                  (-1.63)          (0.00)         (-0.01)         (-0.16)         (-0.88)          (2.66)          (0.60)          (2.81)   

stpr_fac91        -0.0581         -0.0484         0.00535          0.0707*          0.114           0.146*          0.164**         0.120*  
                  (-1.75)         (-1.63)          (0.18)          (2.53)          (1.45)          (1.97)          (2.69)          (1.97)   

stpr_fac92         0.0162           0.164***       0.0169          0.0800**         0.215**         0.497***        0.162**         0.322***
                   (0.49)          (5.53)          (0.56)          (2.87)          (2.73)          (6.77)          (2.67)          (5.33)   

stpr_fac93        0.00185          0.0109          0.0249          0.0634*         0.0439           0.109          0.0831          0.0712   
                   (0.06)          (0.37)          (0.84)          (2.32)          (0.57)          (1.51)          (1.40)          (1.20)   

stpr_fac94         0.0756           0.243***       0.0134           0.120***        0.460***        0.571***        0.329***        0.385***
                   (1.81)          (6.51)          (0.35)          (3.41)          (4.63)          (6.16)          (4.32)          (5.06)   

stpr_fac95        -0.0551         -0.0268          0.0319          0.0384         -0.0232           0.160          0.0638           0.129   
                  (-1.37)         (-0.74)          (0.87)          (1.13)         (-0.24)          (1.78)          (0.87)          (1.75)   

stpr_fac96        -0.0448         -0.0269          0.0571          0.0520         -0.0833         -0.0155          0.0368          0.0373   
                  (-1.37)         (-0.91)          (1.91)          (1.88)         (-1.07)         (-0.21)          (0.61)          (0.62)   

stpr_fac97       -0.00654          0.0748**        0.0353          0.0709**         0.274***        0.381***        0.283***        0.249***
                  (-0.23)          (2.95)          (1.37)          (2.98)          (4.07)          (6.07)          (5.47)          (4.82)   

stpr_fac98        0.00221         -0.0925**       0.00977          0.0171           0.130          0.0344           0.162*         0.0678   
                   (0.06)         (-2.99)          (0.31)          (0.59)          (1.58)          (0.45)          (2.56)          (1.07)   

stpr_fac99        0.00654          0.0416          0.0424          0.0660*        -0.0252          0.0837          0.0744          0.0636   
                   (0.17)          (1.24)          (1.24)          (2.09)         (-0.28)          (1.01)          (1.08)          (0.93)   

stpr_fac100       -0.0878          -0.210***        0.173**      -0.00320          0.0617          -0.327*          0.239*         -0.204   
                  (-1.44)         (-3.84)          (3.11)         (-0.06)          (0.42)         (-2.41)          (2.14)         (-1.83)   

stpr_fac101        -0.137*         -0.202***       0.0682          0.0351         -0.0917          -0.105           0.117         -0.0191   
                  (-2.37)         (-3.92)          (1.30)          (0.73)         (-0.67)         (-0.82)          (1.11)         (-0.18)   

stpr_fac102         0.126**         0.137***        0.195***        0.260***        0.604***        0.596***        0.485***        0.416***
                   (2.95)          (3.58)          (4.98)          (7.23)          (5.92)          (6.26)          (6.19)          (5.32)   

stpr_fac103        0.0358        -0.00556          0.0620          0.0490          0.0818          0.0951           0.166*         0.0828   
                   (0.98)         (-0.17)          (1.86)          (1.60)          (0.94)          (1.17)          (2.49)          (1.24)   

_cons              0.0402          0.0367         -0.0224         -0.0377         -0.0285          -0.100          -0.108         -0.0785   
                   (1.33)          (1.36)         (-0.81)         (-1.49)         (-0.40)         (-1.50)         (-1.96)         (-1.42)   
--------------------------------------------------------------------------------------------------------------------------------------------
N                    1211            1211            1211            1211            1211            1211            1211            1211   
R-sq                0.256           0.222           0.357           0.282           0.271           0.216           0.259           0.194   
--------------------------------------------------------------------------------------------------------------------------------------------
t statistics in parentheses
* p<0.05, ** p<0.01, *** p<0.001
