--------------------------------------------------------------------------------------------------------------------------------------------
                      (1)             (2)             (3)             (4)             (5)             (6)             (7)             (8)   
             avwage_bac~d    avwage_pre~t    pop_backward     pop_predict    wagebill_b~d    wagebill_p~t    wageemp_ba~d    wageemp_pr~t   
--------------------------------------------------------------------------------------------------------------------------------------------
lncedp88di~e      -0.0293         0.00245         0.00327         0.00896        -0.00848         0.00828         -0.0155         0.00225   
                  (-1.40)          (0.13)          (0.19)          (0.55)         (-0.17)          (0.20)         (-0.41)          (0.06)   

stpr_fac1          0.0534          0.0135         -0.0904*        -0.0904*        -0.0596          0.0281          -0.156          0.0114   
                   (1.08)          (0.29)         (-2.23)         (-2.36)         (-0.50)          (0.28)         (-1.73)          (0.14)   

stpr_fac2          0.0268          0.0212         -0.0193         0.00955          0.0825          0.0968         -0.0193          0.0744   
                   (0.64)          (0.55)         (-0.57)          (0.30)          (0.83)          (1.16)         (-0.26)          (1.08)   

stpr_fac3          0.0459         -0.0193         -0.0156         -0.0390          0.0907          0.0531         -0.0162          0.0561   
                   (1.07)         (-0.49)         (-0.45)         (-1.18)          (0.89)          (0.62)         (-0.21)          (0.79)   

stpr_fac4          0.0642          0.0265         0.00264         0.00177           0.135          0.0357        -0.00985          0.0162   
                   (1.37)          (0.61)          (0.07)          (0.05)          (1.21)          (0.38)         (-0.12)          (0.21)   

stpr_fac5        -0.00525          0.0257         -0.0859         -0.0699           0.159          -0.189          0.0329          -0.270** 
                  (-0.09)          (0.47)         (-1.78)         (-1.53)          (1.12)         (-1.59)          (0.31)         (-2.77)   

stpr_fac6        -0.00353          0.0795           0.172**         0.130*        -0.0550           0.120          -0.130          0.0359   
                  (-0.05)          (1.20)          (2.93)          (2.34)         (-0.32)          (0.83)         (-1.00)          (0.30)   

stpr_fac7          0.0784           0.103*       -0.00547          0.0295           0.131           0.136          0.0280          0.0890   
                   (1.60)          (2.28)         (-0.14)          (0.78)          (1.12)          (1.38)          (0.32)          (1.10)   

stpr_fac8           0.128*         0.0990*         0.0580          0.0473         -0.0943          0.0202          -0.241*         -0.138   
                   (2.46)          (2.07)          (1.37)          (1.18)         (-0.76)          (0.19)         (-2.57)         (-1.61)   

stpr_fac9         0.00128          0.0670         -0.0109        -0.00654           0.202          0.0979          0.0859          0.0519   
                   (0.03)          (1.44)         (-0.27)         (-0.17)          (1.67)          (0.96)          (0.94)          (0.62)   

stpr_fac10         -0.106*        -0.0410        -0.00992         -0.0649         -0.0421          0.0597          -0.139        -0.00593   
                  (-2.11)         (-0.89)         (-0.24)         (-1.68)         (-0.35)          (0.59)         (-1.53)         (-0.07)   

stpr_fac11         0.0337          0.0442         0.00595         -0.0179          0.0515          0.0747         -0.0352          0.0475   
                   (0.77)          (1.10)          (0.17)         (-0.53)          (0.49)          (0.85)         (-0.45)          (0.66)   

stpr_fac12      -0.000574          0.0820          0.0425          0.0565          0.0773         -0.0102         -0.0479         -0.0610   
                  (-0.01)          (1.69)          (0.99)          (1.39)          (0.61)         (-0.10)         (-0.50)         (-0.70)   

stpr_fac13        -0.0377          0.0701         -0.0450          -0.147**       0.00595           0.107        -0.00993         0.00343   
                  (-0.64)          (1.29)         (-0.93)         (-3.21)          (0.04)          (0.90)         (-0.09)          (0.04)   

stpr_fac14         0.0193          0.0542         -0.0169         -0.0375         -0.0102           0.284*        -0.0470           0.208   
                   (0.30)          (0.90)         (-0.32)         (-0.74)         (-0.07)          (2.16)         (-0.40)          (1.92)   

stpr_fac15         0.0244          0.0251         -0.0615         -0.0415           0.178          0.0948          0.0276          0.0417   
                   (0.44)          (0.50)         (-1.37)         (-0.98)          (1.35)          (0.86)          (0.28)          (0.46)   

stpr_fac16         0.0767          0.0563         0.00535          0.0394          0.0467           0.141          -0.117          0.0778   
                   (1.52)          (1.21)          (0.13)          (1.01)          (0.39)          (1.39)         (-1.28)          (0.93)   

stpr_fac17        -0.0682          0.0563         0.00635          0.0203          0.0141           0.123         0.00548          0.0601   
                  (-1.50)          (1.34)          (0.17)          (0.58)          (0.13)          (1.35)          (0.07)          (0.80)   

stpr_fac18         0.0185          0.0364        -0.00381          0.0132          -0.268*        -0.0673          -0.212*        -0.0722   
                   (0.38)          (0.80)         (-0.09)          (0.35)         (-2.27)         (-0.68)         (-2.37)         (-0.89)   

stpr_fac19         0.0604           0.111**       0.00159        -0.00154          0.0628           0.193*        -0.0809           0.149   
                   (1.31)          (2.61)          (0.04)         (-0.04)          (0.57)          (2.08)         (-0.97)          (1.95)   

stpr_fac20         0.0812           0.125**        0.0184         0.00890           0.116          0.0700         -0.0360         -0.0536   
                   (1.78)          (2.97)          (0.49)          (0.25)          (1.06)          (0.76)         (-0.44)         (-0.71)   

stpr_fac21          0.111*         0.0685          0.0282          0.0836*          0.219           0.188          0.0230          0.0964   
                   (2.22)          (1.49)          (0.69)          (2.17)          (1.83)          (1.87)          (0.25)          (1.17)   

stpr_fac22          0.122*         0.0473          0.0216        -0.00452           0.238          0.0700         -0.0101          0.0181   
                   (2.24)          (0.95)          (0.49)         (-0.11)          (1.83)          (0.64)         (-0.10)          (0.20)   

stpr_fac23          0.138*         0.0736         -0.0205         -0.0326           0.329*       -0.00774          0.0815         -0.0339   
                   (2.26)          (1.31)         (-0.41)         (-0.69)          (2.25)         (-0.06)          (0.74)         (-0.34)   

stpr_fac24        -0.0188          0.0454         -0.0110        -0.00966         -0.0567          0.0290          -0.161        -0.00215   
                  (-0.31)          (0.81)         (-0.22)         (-0.20)         (-0.39)          (0.24)         (-1.45)         (-0.02)   

stpr_fac25        -0.0436        0.000427        -0.00683         0.00837         -0.0147          0.0850         -0.0843          0.0789   
                  (-0.86)          (0.01)         (-0.16)          (0.21)         (-0.12)          (0.83)         (-0.92)          (0.94)   

stpr_fac26         0.0385          0.0175          0.0245          0.0112           0.291        -0.00227           0.135         -0.0325   
                   (0.53)          (0.26)          (0.42)          (0.20)          (1.68)         (-0.02)          (1.03)         (-0.27)   

o.stpr_fac27            0               0               0               0               0               0               0               0   
                      (.)             (.)             (.)             (.)             (.)             (.)             (.)             (.)   

stpr_fac28         0.0143          0.0153          0.0326          0.0310           0.118          0.0352        -0.00834         0.00494   
                   (0.30)          (0.35)          (0.83)          (0.84)          (1.02)          (0.36)         (-0.10)          (0.06)   

stpr_fac29         0.0247          0.0799          0.0411          0.0319           0.208           0.242*          0.117           0.124   
                   (0.47)          (1.64)          (0.95)          (0.78)          (1.64)          (2.28)          (1.23)          (1.42)   

stpr_fac30         0.0269        -0.00688        -0.00430         -0.0377          0.0550         -0.0464        -0.00441         -0.0315   
                   (0.52)         (-0.14)         (-0.10)         (-0.95)          (0.45)         (-0.45)         (-0.05)         (-0.37)   

stpr_fac31          0.111*         0.0711          0.0558          0.0212           0.322**         0.135           0.113          0.0640   
                   (2.33)          (1.62)          (1.43)          (0.58)          (2.82)          (1.41)          (1.31)          (0.81)   

stpr_fac32          0.100*         0.0573         -0.0741*        -0.0359           0.166          0.0603          0.0155         -0.0112   
                   (2.20)          (1.36)         (-1.99)         (-1.02)          (1.52)          (0.66)          (0.19)         (-0.15)   

stpr_fac33         0.0415          0.0155          -0.250***       -0.280***       -0.107          0.0683          -0.147         -0.0151   
                   (0.72)          (0.29)         (-5.34)         (-6.32)         (-0.78)          (0.59)         (-1.41)         (-0.16)   

stpr_fac34          0.117*        -0.0112          0.0603         -0.0311           0.145         -0.0161          0.0169         -0.0299   
                   (2.22)         (-0.23)          (1.40)         (-0.76)          (1.14)         (-0.15)          (0.18)         (-0.34)   

stpr_fac35         0.0314          0.0917*        -0.0243         -0.0387        -0.00111          0.0381         -0.0998         -0.0237   
                   (0.62)          (1.96)         (-0.59)         (-0.99)         (-0.01)          (0.37)         (-1.09)         (-0.28)   

stpr_fac36      -0.000748        -0.00521         0.00243         0.00500        -0.00445         -0.0499          -0.127         -0.0505   
                  (-0.02)         (-0.12)          (0.06)          (0.13)         (-0.04)         (-0.51)         (-1.43)         (-0.63)   

stpr_fac37         0.0959          0.0142        -0.00537         -0.0768           0.128          -0.159         -0.0803          -0.157   
                   (1.85)          (0.30)         (-0.13)         (-1.93)          (1.03)         (-1.53)         (-0.86)         (-1.83)   

stpr_fac38         0.0899          0.0460        -0.00678         -0.0275           0.107           0.153         -0.0499          0.0829   
                   (1.89)          (1.05)         (-0.17)         (-0.75)          (0.94)          (1.59)         (-0.58)          (1.05)   

stpr_fac39         0.0513          0.0465         -0.0214         -0.0314         -0.0876          0.0860          -0.179*         0.0264   
                   (1.15)          (1.13)         (-0.59)         (-0.91)         (-0.82)          (0.96)         (-2.21)          (0.36)   

stpr_fac40         0.0278           0.104*        -0.0108         -0.0333           0.107           0.140         -0.0678          0.0448   
                   (0.59)          (2.40)         (-0.28)         (-0.92)          (0.95)          (1.48)         (-0.79)          (0.57)   

stpr_fac41         0.0185          0.0212         -0.0495         -0.0487          0.0272         -0.0204         -0.0841         -0.0463   
                   (0.44)          (0.55)         (-1.45)         (-1.52)          (0.27)         (-0.24)         (-1.11)         (-0.67)   

stpr_fac42          0.157*        0.00769          0.0173        -0.00198          0.0969           0.156         -0.0281          0.0771   
                   (2.23)          (0.12)          (0.30)         (-0.04)          (0.57)          (1.11)         (-0.22)          (0.66)   

stpr_fac43        -0.0207          0.0418         -0.0111         -0.0211         -0.0967          0.0940          -0.230*         0.0207   
                  (-0.41)          (0.89)         (-0.27)         (-0.54)         (-0.79)          (0.91)         (-2.48)          (0.24)   

stpr_fac44         0.0732          0.0328          0.0330         0.00988         -0.0136          0.0459          -0.132          0.0526   
                   (1.13)          (0.55)          (0.62)          (0.20)         (-0.09)          (0.35)         (-1.12)          (0.49)   

stpr_fac45         0.0271         0.00760        -0.00605        -0.00221         -0.0841          0.0917          -0.178*        -0.0134   
                   (0.63)          (0.19)         (-0.17)         (-0.07)         (-0.81)          (1.05)         (-2.27)         (-0.19)   

stpr_fac46         0.0756          0.0626         -0.0140         -0.0253           0.255*         0.0345           0.103          0.0119   
                   (1.62)          (1.46)         (-0.37)         (-0.71)          (2.29)          (0.37)          (1.22)          (0.15)   

stpr_fac47       -0.00214          0.0393          0.0209         0.00549          0.0880          0.0256         0.00952         0.00237   
                  (-0.05)          (0.99)          (0.59)          (0.16)          (0.85)          (0.29)          (0.12)          (0.03)   

stpr_fac48        -0.0153          0.0145         -0.0433         -0.0445          0.0989           0.156          0.0304           0.121   
                  (-0.31)          (0.32)         (-1.08)         (-1.17)          (0.84)          (1.57)          (0.34)          (1.49)   

stpr_fac49        -0.0584         -0.0364         -0.0519         -0.0564         -0.0989          -0.453***      -0.0987          -0.371***
                  (-1.09)         (-0.74)         (-1.19)         (-1.37)         (-0.77)         (-4.21)         (-1.02)         (-4.19)   

stpr_fac50          0.104         0.00581         -0.0336         -0.0502          0.0602          0.0863         -0.0360          0.0431   
                   (1.45)          (0.09)         (-0.57)         (-0.91)          (0.35)          (0.60)         (-0.28)          (0.36)   

stpr_fac51         0.0435          0.0444         -0.0283         -0.0498          0.0368         -0.0129         -0.0663         -0.0331   
                   (1.02)          (1.13)         (-0.81)         (-1.52)          (0.36)         (-0.15)         (-0.86)         (-0.47)   

stpr_fac52         0.0353        -0.00505         0.00618         -0.0336          -0.197         -0.0234          -0.226**       -0.0490   
                   (0.78)         (-0.12)          (0.17)         (-0.96)         (-1.81)         (-0.26)         (-2.75)         (-0.65)   

stpr_fac53        0.00740           0.114**        0.0644          0.0110           0.141           0.120          0.0177         0.00648   
                   (0.16)          (2.72)          (1.74)          (0.32)          (1.30)          (1.32)          (0.22)          (0.09)   

stpr_fac54        -0.0318          0.0150          0.0167        -0.00886          0.0116           0.181         -0.0851          0.0819   
                  (-0.58)          (0.30)          (0.38)         (-0.21)          (0.09)          (1.65)         (-0.86)          (0.91)   

stpr_fac55          0.121*       -0.00793         -0.0410         -0.0308          0.0920          0.0343         -0.0579          0.0453   
                   (2.16)         (-0.15)         (-0.90)         (-0.72)          (0.69)          (0.31)         (-0.57)          (0.49)   

stpr_fac56        -0.0359          0.0552         -0.0263         -0.0449         -0.0385           0.103          -0.112          0.0361   
                  (-0.86)          (1.43)         (-0.77)         (-1.39)         (-0.38)          (1.21)         (-1.47)          (0.52)   

stpr_fac57        -0.0552          0.0134        -0.00736         -0.0120          -0.316*        -0.0267          -0.198        -0.00226   
                  (-0.96)          (0.25)         (-0.16)         (-0.27)         (-2.29)         (-0.23)         (-1.90)         (-0.02)   

stpr_fac58         0.0144         -0.0674          0.0105       -0.000996          -0.140         -0.0621         -0.0957         -0.0585   
                   (0.26)         (-1.32)          (0.23)         (-0.02)         (-1.05)         (-0.56)         (-0.95)         (-0.64)   

stpr_fac59        0.00474          0.0767        -0.00676         -0.0358          -0.119          0.0353          -0.188*        -0.0354   
                   (0.11)          (1.95)         (-0.19)         (-1.09)         (-1.16)          (0.41)         (-2.44)         (-0.50)   

stpr_fac60         0.0133          0.0427         -0.0133         -0.0626         -0.0481          0.0595          -0.139         0.00469   
                   (0.30)          (1.05)         (-0.37)         (-1.84)         (-0.45)          (0.67)         (-1.74)          (0.06)   

stpr_fac61         -0.112          0.0582         -0.0491        -0.00668           0.444**       -0.0889           0.197         -0.0916   
                  (-1.68)          (0.95)         (-0.90)         (-0.13)          (2.77)         (-0.66)          (1.63)         (-0.83)   

stpr_fac62         0.0442          0.0333          0.0248         0.00633           0.153          0.0647          0.0252          0.0144   
                   (0.86)          (0.70)          (0.59)          (0.16)          (1.24)          (0.63)          (0.27)          (0.17)   

stpr_fac63        -0.0196          0.0571        -0.00106         -0.0495           0.385**       -0.0111           0.195         -0.0336   
                  (-0.35)          (1.11)         (-0.02)         (-1.15)          (2.87)         (-0.10)          (1.92)         (-0.36)   

stpr_fac64       0.000911          0.0884*        -0.0239         -0.0392           0.208         -0.0245          0.0945         -0.0375   
                   (0.02)          (1.99)         (-0.61)         (-1.05)          (1.80)         (-0.25)          (1.08)         (-0.47)   

stpr_fac65        -0.0226          0.0466         -0.0684         -0.0103           0.349*          0.189           0.144           0.114   
                  (-0.33)          (0.73)         (-1.21)         (-0.19)          (2.10)          (1.35)          (1.14)          (1.00)   

stpr_fac66         0.0309         -0.0142         -0.0408         -0.0534           0.178          0.0269          0.0154           0.115   
                   (0.49)         (-0.25)         (-0.80)         (-1.11)          (1.19)          (0.21)          (0.14)          (1.12)   

stpr_fac67         0.0108          0.0386          0.0117          0.0230          0.0638           0.213         -0.0261           0.160   
                   (0.16)          (0.62)          (0.21)          (0.45)          (0.40)          (1.58)         (-0.21)          (1.44)   

o.stpr_fac68            0               0               0               0               0               0               0               0   
                      (.)             (.)             (.)             (.)             (.)             (.)             (.)             (.)   

stpr_fac69        0.00344          0.0498         0.00814          0.0285          0.0341           0.115          -0.121          0.0786   
                   (0.05)          (0.81)          (0.15)          (0.55)          (0.21)          (0.86)         (-1.00)          (0.71)   

stpr_fac70        -0.0180         0.00317         -0.0369         -0.0774           0.298*          0.110          0.0430          0.0825   
                  (-0.35)          (0.07)         (-0.88)         (-1.95)          (2.41)          (1.06)          (0.46)          (0.97)   

stpr_fac71        -0.0128          0.0855         -0.0451         -0.0176          -0.115          0.0852          -0.178          0.0214   
                  (-0.21)          (1.55)         (-0.92)         (-0.38)         (-0.80)          (0.71)         (-1.64)          (0.22)   

stpr_fac72      -0.000106          0.0198         -0.0597         -0.0492         -0.0308         -0.0568          -0.167         -0.0732   
                  (-0.00)          (0.38)         (-1.30)         (-1.14)         (-0.23)         (-0.50)         (-1.64)         (-0.79)   

stpr_fac73         0.0852         -0.0324          0.0345          0.0263           0.185          0.0950          0.0326          0.0908   
                   (1.68)         (-0.69)          (0.83)          (0.67)          (1.53)          (0.93)          (0.36)          (1.08)   

stpr_fac74       -0.00903          0.0619        -0.00699        -0.00881          -0.213          0.0916          -0.244**        0.0684   
                  (-0.19)          (1.41)         (-0.18)         (-0.24)         (-1.87)          (0.96)         (-2.83)          (0.87)   

stpr_fac75         -0.191**        0.0893         -0.0462         -0.0566          -0.451**         0.140          -0.347**        0.0261   
                  (-3.17)          (1.61)         (-0.94)         (-1.22)         (-3.12)          (1.15)         (-3.17)          (0.26)   

stpr_fac76          0.210**        0.0845          0.0919          0.0504           0.414**        0.0654          0.0371         -0.0553   
                   (3.23)          (1.41)          (1.73)          (1.00)          (2.65)          (0.50)          (0.32)         (-0.51)   

stpr_fac77        -0.0900          0.0750          0.0359          -0.133**         0.200          0.0681           0.175         0.00439   
                  (-1.40)          (1.26)          (0.68)         (-2.68)          (1.30)          (0.53)          (1.50)          (0.04)   

stpr_fac78        -0.0141           0.115*         0.0386          0.0271          -0.394***       0.0419          -0.339***      0.00652   
                  (-0.29)          (2.55)          (0.97)          (0.72)         (-3.37)          (0.43)         (-3.83)          (0.08)   

stpr_fac79         -0.168**        0.0693          -0.102*        -0.0614          -0.252          0.0912          -0.195          0.0194   
                  (-2.65)          (1.19)         (-1.97)         (-1.26)         (-1.66)          (0.72)         (-1.69)          (0.19)   

stpr_fac80        -0.0766          0.0392          0.0324         -0.0196         -0.0616          0.0651         -0.0978         0.00714   
                  (-1.60)          (0.89)          (0.83)         (-0.53)         (-0.54)          (0.68)         (-1.13)          (0.09)   

stpr_fac81         0.0192          0.0256         -0.0597         -0.0752*          0.170          -0.102          0.0149          -0.119   
                   (0.45)          (0.65)         (-1.71)         (-2.29)          (1.66)         (-1.18)          (0.19)         (-1.68)   

stpr_fac82         0.0705           0.130**        -0.102*        -0.0227           0.257*          0.142          0.0562          0.0381   
                   (1.36)          (2.73)         (-2.41)         (-0.57)          (2.07)          (1.37)          (0.60)          (0.44)   

stpr_fac83          0.102          0.0685           0.126*          0.150**       -0.0472           0.206         -0.0846           0.203*  
                   (1.64)          (1.19)          (2.48)          (3.12)         (-0.32)          (1.64)         (-0.75)          (1.97)   

stpr_fac84         0.0332          0.0186         -0.0360          0.0519          0.0211          0.0167         -0.0710         -0.0266   
                   (0.68)          (0.42)         (-0.91)          (1.38)          (0.18)          (0.17)         (-0.81)         (-0.33)   

stpr_fac85         0.0860          0.0222          0.0213         -0.0337          -0.285*         0.0129          -0.234*        -0.0126   
                   (1.71)          (0.48)          (0.52)         (-0.87)         (-2.36)          (0.13)         (-2.57)         (-0.15)   

stpr_fac86         0.0823          0.0474         -0.0452         -0.0316        -0.00186         -0.0273          -0.148         -0.0235   
                   (1.46)          (0.91)         (-0.98)         (-0.73)         (-0.01)         (-0.24)         (-1.46)         (-0.25)   

stpr_fac87          0.132*         0.0625         -0.0184         -0.0638          -0.195           0.166          -0.203*          0.120   
                   (2.31)          (1.19)         (-0.40)         (-1.45)         (-1.43)          (1.45)         (-1.97)          (1.27)   

stpr_fac88        -0.0361          0.0642          0.0122          0.0289          0.0976           0.189*         0.0602          0.0165   
                  (-0.84)          (1.63)          (0.35)          (0.87)          (0.95)          (2.19)          (0.78)          (0.23)   

stpr_fac89         0.0402          0.0149         -0.0213         -0.0640         -0.0613          0.0308          -0.147         0.00297   
                   (0.93)          (0.37)         (-0.60)         (-1.91)         (-0.59)          (0.35)         (-1.88)          (0.04)   

stpr_fac90        -0.0828          0.0290         -0.0179         -0.0145          -0.235          0.0505          -0.197         -0.0268   
                  (-1.37)          (0.52)         (-0.36)         (-0.31)         (-1.62)          (0.42)         (-1.80)         (-0.27)   

stpr_fac91         0.0276          0.0160         -0.0156        -0.00830         -0.0297          0.0859         -0.0640          0.0514   
                   (0.65)          (0.41)         (-0.45)         (-0.25)         (-0.29)          (1.00)         (-0.83)          (0.73)   

stpr_fac92         0.0450          0.0398         0.00133         -0.0339          0.0467         -0.0589         -0.0857          -0.102   
                   (0.94)          (0.91)          (0.03)         (-0.92)          (0.41)         (-0.61)         (-0.99)         (-1.29)   

stpr_fac93         0.0859          0.0790         0.00310        -0.00331          0.0886         -0.0113        -0.00814         -0.0614   
                   (1.86)          (1.85)          (0.08)         (-0.09)          (0.80)         (-0.12)         (-0.10)         (-0.80)   

stpr_fac94         0.0280          0.0194         -0.0194         -0.0367           0.183         0.00625          0.0439          0.0106   
                   (0.64)          (0.48)         (-0.54)         (-1.09)          (1.74)          (0.07)          (0.55)          (0.15)   

stpr_fac95         0.0346          0.0250          0.0148         -0.0166          0.0727          0.0656         -0.0200          0.0215   
                   (0.69)          (0.54)          (0.36)         (-0.43)          (0.60)          (0.65)         (-0.22)          (0.26)   

stpr_fac96        -0.0502          0.0288          0.0283          0.0167          -0.152          -0.115          -0.159         -0.0818   
                  (-1.04)          (0.65)          (0.72)          (0.45)         (-1.31)         (-1.18)         (-1.81)         (-1.02)   

stpr_fac97         0.0279          0.0520        -0.00848         -0.0107          0.0427           0.142         -0.0572          0.0727   
                   (0.68)          (1.37)         (-0.25)         (-0.34)          (0.43)          (1.72)         (-0.77)          (1.07)   

stpr_fac98         0.0660          0.0811         -0.0187         -0.0148           0.167          0.0719         -0.0119        -0.00849   
                   (1.46)          (1.95)         (-0.50)         (-0.43)          (1.54)          (0.79)         (-0.15)         (-0.11)   

stpr_fac99        -0.0475          0.0973          0.0203          0.0227          -0.127         -0.0341          -0.163         -0.0443   
                  (-0.79)          (1.77)          (0.42)          (0.49)         (-0.88)         (-0.28)         (-1.50)         (-0.45)   

stpr_fac100         0.112*         0.0421           0.141***       0.0846*          0.330**         0.238*          0.137           0.197*  
                   (2.24)          (0.91)          (3.44)          (2.19)          (2.74)          (2.36)          (1.51)          (2.38)   

stpr_fac101        0.0210        -0.00432          0.0354          0.0443          0.0861           0.225*        0.00821           0.241** 
                   (0.41)         (-0.09)          (0.84)          (1.11)          (0.69)          (2.17)          (0.09)          (2.81)   

stpr_fac102        0.0257           0.168***       0.0283           0.136**         0.277*          0.296**         0.145           0.122   
                   (0.47)          (3.32)          (0.63)          (3.21)          (2.11)          (2.68)          (1.46)          (1.34)   

stpr_fac103        0.0692          0.0739          0.0168        -0.00382           0.238*         0.0665          0.0421          0.0438   
                   (1.51)          (1.75)          (0.45)         (-0.11)          (2.17)          (0.72)          (0.51)          (0.58)   

_cons             -0.0222         -0.0395         0.00103          0.0130         -0.0464         -0.0662          0.0595         -0.0246   
                  (-0.58)         (-1.12)          (0.03)          (0.44)         (-0.51)         (-0.86)          (0.86)         (-0.39)   
--------------------------------------------------------------------------------------------------------------------------------------------
N                    1211            1211            1211            1211            1211            1211            1211            1211   
R-sq                0.227           0.190           0.248           0.292           0.352           0.225           0.314           0.219   
--------------------------------------------------------------------------------------------------------------------------------------------
t statistics in parentheses
* p<0.05, ** p<0.01, *** p<0.001
