--------------------------------------------------------------------------------------------------------------------------------------------
                      (1)             (2)             (3)             (4)             (5)             (6)             (7)             (8)   
             avwage_bac~d    avwage_pre~t    pop_backward     pop_predict    wagebill_b~d    wagebill_p~t    wageemp_ba~d    wageemp_pr~t   
--------------------------------------------------------------------------------------------------------------------------------------------
lncedpi93d~e       0.0388         0.00575           0.109**       0.00545          0.0699         0.00960          0.0328         -0.0220   
                   (0.88)          (0.15)          (2.96)          (0.15)          (0.73)          (0.10)          (0.41)         (-0.27)   

stpr_fac1         -0.0434         -0.0302          -0.154***      -0.0784*        -0.0463         -0.0517        -0.00513         -0.0455   
                  (-0.97)         (-0.76)         (-4.12)         (-2.08)         (-0.48)         (-0.51)         (-0.06)         (-0.55)   

stpr_fac2         -0.0335         -0.0554         -0.0496         -0.0114          0.0227         -0.0249          0.0595        -0.00286   
                  (-0.91)         (-1.70)         (-1.61)         (-0.37)          (0.28)         (-0.30)          (0.90)         (-0.04)   

stpr_fac3         -0.0654*        -0.0411         -0.0731**       -0.0489        -0.00413          -0.104          0.0485         -0.0903   
                  (-1.98)         (-1.40)         (-2.64)         (-1.74)         (-0.06)         (-1.39)          (0.82)         (-1.48)   

stpr_fac4         -0.0348         -0.0914*        -0.0757         -0.0268         -0.0501         -0.0652        -0.00428         0.00178   
                  (-0.75)         (-2.24)         (-1.96)         (-0.69)         (-0.50)         (-0.62)         (-0.05)          (0.02)   

stpr_fac5         -0.0219        -0.00361          -0.107**         0.129**        -0.246*        -0.0638          -0.279***      -0.0900   
                  (-0.47)         (-0.09)         (-2.73)          (3.28)         (-2.41)         (-0.60)         (-3.33)         (-1.05)   

o.stpr_fac6             0               0               0               0               0               0               0               0   
                      (.)             (.)             (.)             (.)             (.)             (.)             (.)             (.)   

stpr_fac7          0.0508         -0.0602         -0.0209         -0.0584          0.0683          0.0443          0.0766           0.108   
                   (1.20)         (-1.60)         (-0.59)         (-1.63)          (0.74)          (0.46)          (1.01)          (1.38)   

stpr_fac8          0.0451         -0.0687        -0.00890         0.00353         -0.0513         -0.0740          -0.153         -0.0595   
                   (0.97)         (-1.67)         (-0.23)          (0.09)         (-0.51)         (-0.70)         (-1.83)         (-0.70)   

stpr_fac9         0.00301         0.00336         -0.0939*        -0.0568         0.00308          0.0712          0.0289          0.0609   
                   (0.07)          (0.09)         (-2.53)         (-1.51)          (0.03)          (0.71)          (0.36)          (0.75)   

stpr_fac10        -0.0966*        -0.0743*         -0.128***      -0.0995**       -0.0190         -0.0364         -0.0218         -0.0359   
                  (-2.35)         (-2.04)         (-3.72)         (-2.86)         (-0.21)         (-0.39)         (-0.29)         (-0.47)   

stpr_fac11        -0.0146         -0.0353         -0.0893**      -0.00227        -0.00823          0.0632          0.0290          0.0455   
                  (-0.37)         (-1.00)         (-2.69)         (-0.07)         (-0.09)          (0.70)          (0.41)          (0.62)   

stpr_fac12         0.0216          0.0220         -0.0211          0.0224         -0.0990          0.0892         -0.0809          0.0710   
                   (0.51)          (0.59)         (-0.59)          (0.62)         (-1.07)          (0.93)         (-1.07)          (0.91)   

stpr_fac13      -0.000691         -0.0296          -0.253***       -0.108*      -0.000291          -0.179         -0.0253         -0.0788   
                  (-0.01)         (-0.58)         (-5.28)         (-2.23)         (-0.00)         (-1.38)         (-0.25)         (-0.75)   

stpr_fac14        -0.0196         -0.0422          -0.152**       -0.0314           0.173           0.114           0.177           0.101   
                  (-0.29)         (-0.72)         (-2.73)         (-0.56)          (1.19)          (0.76)          (1.48)          (0.83)   

stpr_fac15        -0.0615         -0.0825          -0.194***      -0.0913         -0.0427          0.0197       -0.000423           0.109   
                  (-0.98)         (-1.48)         (-3.68)         (-1.72)         (-0.31)          (0.14)         (-0.00)          (0.94)   

stpr_fac16        -0.0137          -0.146**       -0.0634         -0.0776          0.0383         -0.0885          0.0499          0.0476   
                  (-0.25)         (-2.98)         (-1.37)         (-1.66)          (0.32)         (-0.71)          (0.50)          (0.47)   

stpr_fac17        0.00630         -0.0309         -0.0254          0.0225          0.0581          0.0938          0.0492           0.101   
                   (0.17)         (-0.92)         (-0.80)          (0.70)          (0.70)          (1.09)          (0.72)          (1.44)   

stpr_fac18        -0.0185         -0.0485         -0.0480          0.0525          -0.144         0.00450         -0.0875          0.0276   
                  (-0.45)         (-1.34)         (-1.40)          (1.51)         (-1.61)          (0.05)         (-1.19)          (0.37)   

stpr_fac19         0.0614        -0.00272         -0.0457          0.0535           0.129          0.0502           0.138*         0.0927   
                   (1.62)         (-0.08)         (-1.44)          (1.66)          (1.55)          (0.58)          (2.03)          (1.32)   

stpr_fac20         0.0735         -0.0343         -0.0411          0.0563         0.00148          0.0539         -0.0658          0.0677   
                   (1.91)         (-1.01)         (-1.28)          (1.73)          (0.02)          (0.62)         (-0.95)          (0.96)   

stpr_fac21        0.00172         -0.0332         -0.0103          0.0630          0.0903          0.0535          0.0713          0.0688   
                   (0.03)         (-0.73)         (-0.24)          (1.46)          (0.81)          (0.46)          (0.78)          (0.73)   

stpr_fac22       -0.00376         -0.0501         -0.0515        -0.00192         0.00591          0.0729         0.00639          0.0707   
                  (-0.08)         (-1.24)         (-1.35)         (-0.05)          (0.06)          (0.71)          (0.08)          (0.84)   

stpr_fac23         0.0241          0.0822         -0.0749         -0.0213         -0.0683           0.136         -0.0443           0.111   
                   (0.48)          (1.84)         (-1.77)         (-0.50)         (-0.62)          (1.19)         (-0.49)          (1.19)   

stpr_fac24       -0.00665         -0.0549         -0.0633         -0.0161         -0.0439          0.0511         -0.0150          0.0691   
                  (-0.13)         (-1.25)         (-1.53)         (-0.38)         (-0.41)          (0.46)         (-0.17)          (0.76)   

stpr_fac25        -0.0566         -0.0155         -0.0554          0.0282          0.0103          0.0134          0.0621         0.00857   
                  (-1.24)         (-0.38)         (-1.45)          (0.73)          (0.10)          (0.13)          (0.76)          (0.10)   

stpr_fac26        -0.0440          0.0525         -0.0658          0.0196         -0.0863          0.0369         -0.0530          0.0438   
                  (-0.64)          (0.86)         (-1.14)          (0.34)         (-0.57)          (0.24)         (-0.43)          (0.35)   

stpr_fac27        -0.0523         -0.0327         -0.0476         0.00806         -0.0608        -0.00254         -0.0125          0.0263   
                  (-0.79)         (-0.56)         (-0.86)          (0.14)         (-0.42)         (-0.02)         (-0.11)          (0.22)   

stpr_fac28        -0.0373         -0.0389         -0.0243        -0.00803         -0.0388        -0.00399        -0.00841         0.00120   
                  (-1.06)         (-1.24)         (-0.82)         (-0.27)         (-0.50)         (-0.05)         (-0.13)          (0.02)   

stpr_fac29         0.0356         -0.0326         0.00382          0.0275           0.190*          0.209*          0.118           0.166*  
                   (0.87)         (-0.90)          (0.11)          (0.79)          (2.13)          (2.25)          (1.60)          (2.20)   

stpr_fac30        -0.0498         -0.0391         -0.0605*        -0.0119         -0.0934          0.0123         -0.0362          0.0217   
                  (-1.52)         (-1.35)         (-2.20)         (-0.43)         (-1.31)          (0.17)         (-0.62)          (0.36)   

stpr_fac31        0.00980        0.000760         -0.0565          0.0244          0.0496           0.101          0.0435          0.0805   
                   (0.21)          (0.02)         (-1.44)          (0.61)          (0.48)          (0.95)          (0.52)          (0.93)   

stpr_fac32       -0.00263          0.0154          -0.108**       -0.0278         -0.0207           0.129         -0.0304          0.0422   
                  (-0.06)          (0.40)         (-2.94)         (-0.75)         (-0.22)          (1.29)         (-0.38)          (0.52)   

stpr_fac33        -0.0687         -0.0850          -0.422***      -0.0852         -0.0592         -0.0162         -0.0549          0.0124   
                  (-0.95)         (-1.32)         (-6.96)         (-1.39)         (-0.37)         (-0.10)         (-0.42)          (0.09)   

stpr_fac34        -0.0788         -0.0472          -0.124**        0.0137          -0.109           0.101         -0.0555          0.0582   
                  (-1.46)         (-0.98)         (-2.74)          (0.30)         (-0.92)          (0.83)         (-0.57)          (0.58)   

stpr_fac35         0.0331          0.0139          -0.108**       -0.0404         -0.0410         -0.0463         -0.0418         -0.0722   
                   (0.69)          (0.33)         (-2.68)         (-0.99)         (-0.39)         (-0.43)         (-0.49)         (-0.82)   

stpr_fac36        -0.0802         -0.0493          -0.110*         0.0142          -0.158          0.0117         -0.0824        -0.00146   
                  (-1.35)         (-0.94)         (-2.21)          (0.28)         (-1.22)          (0.09)         (-0.77)         (-0.01)   

stpr_fac37        -0.0597          0.0503          -0.190***      -0.0822          -0.267*         0.0892          -0.188          0.0466   
                  (-0.99)          (0.94)         (-3.76)         (-1.61)         (-2.03)          (0.65)         (-1.74)          (0.42)   

stpr_fac38       -0.00595         -0.0828*        -0.0764*        -0.0272          0.0882          0.0400          0.0705          0.0672   
                  (-0.16)         (-2.48)         (-2.43)         (-0.85)          (1.07)          (0.47)          (1.04)          (0.97)   

stpr_fac39        0.00200          0.0281         -0.0612*        -0.0163          0.0314          0.0202          0.0201          0.0298   
                   (0.06)          (0.92)         (-2.11)         (-0.56)          (0.42)          (0.26)          (0.32)          (0.47)   

stpr_fac40         0.0537         -0.0924**       -0.0813*        -0.0679*         0.0724         -0.0514          0.0332         -0.0748   
                   (1.37)         (-2.66)         (-2.48)         (-2.04)          (0.85)         (-0.58)          (0.47)         (-1.04)   

stpr_fac41        -0.0282         -0.0573         -0.0924**       -0.0578*        -0.0840          0.0580         -0.0567          0.0783   
                  (-0.84)         (-1.91)         (-3.27)         (-2.02)         (-1.14)          (0.76)         (-0.94)          (1.26)   

stpr_fac42        -0.0306         -0.0120        -0.00949         0.00903           0.122           0.194*         0.0765           0.108   
                  (-0.85)         (-0.37)         (-0.31)          (0.29)          (1.55)          (2.37)          (1.18)          (1.62)   

stpr_fac43        -0.0117          0.0138         -0.0795**       -0.0444          0.0170         -0.0110         0.00651        -0.00639   
                  (-0.34)          (0.46)         (-2.78)         (-1.53)          (0.23)         (-0.14)          (0.11)         (-0.10)   

stpr_fac44        -0.0137        -0.00356         -0.0216          0.0253        -0.00492          0.0411          0.0450          0.0396   
                  (-0.34)         (-0.10)         (-0.63)          (0.73)         (-0.06)          (0.44)          (0.61)          (0.53)   

stpr_fac45        -0.0391         0.00551         -0.0380          0.0119          0.0336          0.0302         -0.0215          0.0390   
                  (-1.15)          (0.18)         (-1.34)          (0.41)          (0.45)          (0.39)         (-0.35)          (0.62)   

stpr_fac46         0.0190         -0.0180         -0.0512         -0.0167         -0.0159          0.0181         0.00652          0.0177   
                   (0.57)         (-0.61)         (-1.84)         (-0.59)         (-0.22)          (0.24)          (0.11)          (0.29)   

stpr_fac47        -0.0203         -0.0448         -0.0677         -0.0118         -0.0576         0.00619         -0.0168         0.00943   
                  (-0.49)         (-1.21)         (-1.94)         (-0.33)         (-0.63)          (0.07)         (-0.22)          (0.12)   

stpr_fac48        -0.0433         -0.0326          -0.114***      -0.0512          0.0729           0.276**         0.104           0.269***
                  (-1.07)         (-0.91)         (-3.35)         (-1.49)          (0.82)          (3.00)          (1.43)          (3.60)   

stpr_fac49         -0.112          -0.234***       -0.177***       -0.175***       -0.568***       -0.422**        -0.405***       -0.201   
                  (-1.85)         (-4.36)         (-3.48)         (-3.41)         (-4.29)         (-3.07)         (-3.72)         (-1.79)   

stpr_fac50        -0.0428         -0.0115         -0.0872*        -0.0309          0.0323           0.144          0.0338           0.138   
                  (-0.88)         (-0.27)         (-2.15)         (-0.75)          (0.31)          (1.32)          (0.39)          (1.55)   

stpr_fac51        -0.0173         -0.0504          -0.129***      -0.0407         -0.0994         -0.0331         -0.0539          0.0311   
                  (-0.40)         (-1.33)         (-3.58)         (-1.12)         (-1.06)         (-0.34)         (-0.70)          (0.39)   

stpr_fac52        -0.0648         -0.0510          -0.109***      -0.0122          -0.110         -0.0219         -0.0683         -0.0102   
                  (-1.65)         (-1.47)         (-3.31)         (-0.37)         (-1.28)         (-0.25)         (-0.97)         (-0.14)   

stpr_fac53         0.0502          0.0157         -0.0739*        -0.0394          0.0279          0.0436         -0.0158         0.00982   
                   (1.20)          (0.42)         (-2.10)         (-1.11)          (0.30)          (0.46)         (-0.21)          (0.13)   

stpr_fac54        -0.0385         -0.0361         -0.0638          0.0157           0.110         -0.0246          0.0680         -0.0262   
                  (-0.79)         (-0.84)         (-1.57)          (0.38)          (1.04)         (-0.22)          (0.78)         (-0.29)   

stpr_fac55        -0.0559         -0.0293         -0.0674*        -0.0164         -0.0211         -0.0153          0.0364         -0.0108   
                  (-1.47)         (-0.87)         (-2.12)         (-0.51)         (-0.25)         (-0.18)          (0.53)         (-0.16)   

stpr_fac56        -0.0103         -0.0575          -0.135***      -0.0711         0.00791          0.0788          0.0119           0.120   
                  (-0.23)         (-1.46)         (-3.63)         (-1.89)          (0.08)          (0.78)          (0.15)          (1.46)   

stpr_fac57        -0.0497         -0.0637         -0.0949*       -0.00654          -0.116         -0.0906         -0.0243         -0.0362   
                  (-0.88)         (-1.28)         (-2.01)         (-0.14)         (-0.95)         (-0.71)         (-0.24)         (-0.35)   

stpr_fac58         -0.119*        -0.0540         -0.0510          0.0108          -0.128          -0.155         -0.0710         -0.0755   
                  (-2.48)         (-1.27)         (-1.27)          (0.26)         (-1.22)         (-1.42)         (-0.82)         (-0.85)   

stpr_fac59         0.0304         -0.0614*        -0.0710*        -0.0354         -0.0228         -0.0485         -0.0433         -0.0177   
                   (0.91)         (-2.09)         (-2.56)         (-1.26)         (-0.31)         (-0.65)         (-0.73)         (-0.29)   

stpr_fac60        -0.0218         -0.0479          -0.149***      -0.0475         -0.0317          0.0241         -0.0185          0.0552   
                  (-0.47)         (-1.15)         (-3.80)         (-1.20)         (-0.31)          (0.23)         (-0.22)          (0.64)   

stpr_fac61        -0.0329          -0.102          -0.172**       -0.0389          -0.235          0.0117          -0.137          0.0572   
                  (-0.45)         (-1.59)         (-2.82)         (-0.63)         (-1.48)          (0.07)         (-1.05)          (0.43)   

stpr_fac62        -0.0168         -0.0570         -0.0368         0.00408         0.00439          0.0248         0.00369          0.0408   
                  (-0.44)         (-1.69)         (-1.16)          (0.13)          (0.05)          (0.29)          (0.05)          (0.58)   

stpr_fac63       -0.00827          -0.191***       -0.141***       -0.143***       -0.109          0.0903         -0.0577          0.0618   
                  (-0.17)         (-4.32)         (-3.37)         (-3.37)         (-1.00)          (0.80)         (-0.64)          (0.67)   

stpr_fac64         0.0341          0.0351         -0.0977**       -0.0575         -0.0989           0.122         -0.0522           0.107   
                   (0.82)          (0.95)         (-2.79)         (-1.62)         (-1.08)          (1.29)         (-0.69)          (1.39)   

stpr_fac65        -0.0396         -0.0468          -0.162**       -0.0443          0.0499        -0.00531          0.0724          0.0364   
                  (-0.60)         (-0.80)         (-2.93)         (-0.79)          (0.34)         (-0.04)          (0.61)          (0.30)   

stpr_fac66        -0.0675        -0.00895          -0.108*        -0.0294         -0.0438          -0.105           0.102         -0.0566   
                  (-1.20)         (-0.18)         (-2.30)         (-0.62)         (-0.36)         (-0.83)          (1.01)         (-0.55)   

stpr_fac67        -0.0172         -0.0365         -0.0429         0.00454           0.130          0.0552           0.143          0.0863   
                  (-0.37)         (-0.88)         (-1.09)          (0.11)          (1.27)          (0.52)          (1.70)          (1.00)   

stpr_fac68        -0.0537         -0.0244         -0.0591         -0.0429         -0.0776          -0.278*        -0.0143          -0.141   
                  (-0.98)         (-0.50)         (-1.29)         (-0.93)         (-0.65)         (-2.24)         (-0.15)         (-1.40)   

stpr_fac69       -0.00514         -0.0177         -0.0351         0.00232          0.0339          0.0939          0.0632          0.0627   
                  (-0.11)         (-0.43)         (-0.90)          (0.06)          (0.33)          (0.89)          (0.76)          (0.73)   

stpr_fac70        -0.0463         -0.0422          -0.123***      -0.0713*         0.0428          0.0616          0.0719          0.0178   
                  (-1.16)         (-1.19)         (-3.67)         (-2.10)          (0.49)          (0.68)          (1.00)          (0.24)   

stpr_fac71         0.0185         -0.0513          -0.115**       -0.0392         -0.0179          0.0312        -0.00429         0.00761   
                   (0.40)         (-1.26)         (-2.98)         (-1.00)         (-0.18)          (0.30)         (-0.05)          (0.09)   

stpr_fac72        -0.0674         -0.0254          -0.203***      -0.0660          -0.195         0.00412          -0.116          0.0224   
                  (-1.06)         (-0.45)         (-3.79)         (-1.22)         (-1.40)          (0.03)         (-1.01)          (0.19)   

stpr_fac73        -0.0922*        -0.0333         -0.0441         0.00919          0.0172           0.184          0.0718           0.173*  
                  (-2.08)         (-0.85)         (-1.19)          (0.24)          (0.18)          (1.84)          (0.90)          (2.12)   

stpr_fac74       -0.00811         -0.0567          -0.112*        -0.0246         -0.0111          0.0684          0.0405          0.0863   
                  (-0.15)         (-1.22)         (-2.54)         (-0.55)         (-0.10)          (0.58)          (0.43)          (0.89)   

stpr_fac75         0.0365          -0.110*         -0.112**       -0.0717          0.0664         -0.0737          0.0126         -0.0382   
                   (0.73)         (-2.49)         (-2.68)         (-1.69)          (0.61)         (-0.65)          (0.14)         (-0.42)   

stpr_fac76         0.0281          0.0636         -0.0151          0.0270         -0.0148          0.0459         -0.0718          0.0475   
                   (0.50)          (1.27)         (-0.32)          (0.57)         (-0.12)          (0.36)         (-0.71)          (0.46)   

stpr_fac77        0.00815        -0.00252          -0.228***      -0.0595         -0.0303           0.419**       -0.0209           0.387***
                   (0.13)         (-0.05)         (-4.38)         (-1.13)         (-0.22)          (2.98)         (-0.19)          (3.38)   

stpr_fac78         0.0597         -0.0547         -0.0346         -0.0167         -0.0356          0.0437        -0.00888          0.0559   
                   (1.48)         (-1.53)         (-1.03)         (-0.49)         (-0.40)          (0.48)         (-0.12)          (0.75)   

stpr_fac79       -0.00604          0.0560          -0.179**       0.00575         -0.0217           0.138         -0.0130          0.0735   
                  (-0.09)          (0.92)         (-3.14)          (0.10)         (-0.15)          (0.89)         (-0.11)          (0.58)   

stpr_fac80        -0.0295         -0.0512          -0.119**       -0.0656         -0.0363          0.0178         -0.0197          0.0533   
                  (-0.59)         (-1.15)         (-2.83)         (-1.54)         (-0.33)          (0.16)         (-0.22)          (0.57)   

stpr_fac81        -0.0475         -0.0566          -0.186***      -0.0668          -0.208         -0.0441          -0.149        -0.00698   
                  (-0.89)         (-1.20)         (-4.15)         (-1.48)         (-1.78)         (-0.36)         (-1.56)         (-0.07)   

stpr_fac82         0.0636           0.119*         -0.115*        -0.0445          0.0477          0.0400          0.0132          0.0327   
                   (1.17)          (2.47)         (-2.51)         (-0.96)          (0.40)          (0.32)          (0.13)          (0.33)   

stpr_fac83         0.0304         -0.0107           0.140***       0.0974*          0.167          0.0814           0.202*         0.0516   
                   (0.64)         (-0.26)          (3.55)          (2.44)          (1.62)          (0.76)          (2.39)          (0.59)   

stpr_fac84        -0.0105         0.00190          0.0659*        -0.0951**      -0.00909          0.0266         -0.0199         -0.0468   
                  (-0.29)          (0.06)          (2.16)         (-3.07)         (-0.11)          (0.32)         (-0.30)         (-0.70)   

o.stpr_fac85            0               0               0               0               0               0               0               0   
                      (.)             (.)             (.)             (.)             (.)             (.)             (.)             (.)   

stpr_fac86        0.00105         -0.0392         -0.0641         -0.0145         -0.0807         -0.0495         -0.0311         -0.0950   
                   (0.03)         (-1.08)         (-1.87)         (-0.42)         (-0.90)         (-0.53)         (-0.42)         (-1.26)   

stpr_fac87         0.0169         -0.0175         -0.0937**       -0.0324           0.115           0.108           0.113          0.0786   
                   (0.45)         (-0.52)         (-2.97)         (-1.01)          (1.40)          (1.27)          (1.67)          (1.13)   

stpr_fac88        -0.0131         -0.0783         -0.0944*        0.00372          0.0733          0.0175         -0.0176         -0.0600   
                  (-0.23)         (-1.58)         (-2.02)          (0.08)          (0.60)          (0.14)         (-0.18)         (-0.58)   

stpr_fac89        -0.0392         -0.0535          -0.121***      -0.0682*        -0.0410          0.0541         -0.0114        -0.00178   
                  (-1.02)         (-1.58)         (-3.76)         (-2.10)         (-0.49)          (0.62)         (-0.17)         (-0.03)   

stpr_fac90        -0.0262         -0.0438         -0.0783*        -0.0808*        -0.0307          0.0408         -0.0424          0.0830   
                  (-0.63)         (-1.19)         (-2.25)         (-2.29)         (-0.34)          (0.43)         (-0.57)          (1.08)   

stpr_fac91        -0.0373         -0.0373         -0.0623*       0.000847          0.0166          0.0544          0.0377          0.0446   
                  (-1.02)         (-1.15)         (-2.03)          (0.03)          (0.21)          (0.65)          (0.57)          (0.66)   

stpr_fac92        -0.0319         -0.0120          -0.143***      -0.0349          -0.167          0.0505          -0.131          0.0593   
                  (-0.64)         (-0.27)         (-3.41)         (-0.82)         (-1.53)          (0.45)         (-1.46)          (0.64)   

stpr_fac93        0.00973         -0.0102          -0.105**       0.00969          -0.114         -0.0249         -0.0887        -0.00919   
                   (0.20)         (-0.24)         (-2.60)          (0.24)         (-1.08)         (-0.23)         (-1.02)         (-0.10)   

stpr_fac94        -0.0555          0.0108          -0.152**       -0.0128          -0.103         0.00725         -0.0213          0.0482   
                  (-0.99)          (0.22)         (-3.26)         (-0.27)         (-0.85)          (0.06)         (-0.21)          (0.47)   

stpr_fac95        -0.0295         -0.0509         -0.0739*        -0.0173        -0.00562        -0.00582         0.00679          0.0304   
                  (-0.66)         (-1.29)         (-1.99)         (-0.46)         (-0.06)         (-0.06)          (0.09)          (0.37)   

stpr_fac96        -0.0300         0.00632         -0.0560        -0.00775          -0.200*        -0.0615          -0.100        -0.00403   
                  (-0.77)          (0.18)         (-1.71)         (-0.23)         (-2.35)         (-0.70)         (-1.43)         (-0.06)   

stpr_fac97        -0.0162         -0.0769          -0.107**       -0.0446          0.0448         -0.0173          0.0465          0.0352   
                  (-0.34)         (-1.82)         (-2.68)         (-1.10)          (0.43)         (-0.16)          (0.54)          (0.40)   

stpr_fac98         0.0189         -0.0884*        -0.0962**       -0.0402         -0.0179          0.0208         -0.0298          0.0702   
                   (0.45)         (-2.35)         (-2.71)         (-1.12)         (-0.19)          (0.22)         (-0.39)          (0.90)   

stpr_fac99         0.0383          0.0535         -0.0520         0.00804          -0.122         -0.0271         -0.0632          0.0271   
                   (0.92)          (1.44)         (-1.49)          (0.23)         (-1.34)         (-0.29)         (-0.84)          (0.35)   

stpr_fac100      -0.00613         -0.0399          0.0436         -0.0139           0.175         -0.0251           0.188*        -0.0267   
                  (-0.15)         (-1.08)          (1.26)         (-0.40)          (1.93)         (-0.27)          (2.52)         (-0.35)   

stpr_fac101       -0.0566         -0.0183        -0.00780          0.0276           0.156          0.0543           0.228**        0.0516   
                  (-1.25)         (-0.45)         (-0.21)          (0.72)          (1.58)          (0.53)          (2.80)          (0.62)   

stpr_fac102        0.0976          0.0109          0.0325           0.158**         0.193           0.280*         0.0936           0.238*  
                   (1.68)          (0.21)          (0.67)          (3.22)          (1.52)          (2.13)          (0.90)          (2.23)   

stpr_fac103        0.0302         0.00767         -0.0302         0.00533          0.0155           0.149          0.0384           0.110   
                   (0.90)          (0.26)         (-1.07)          (0.19)          (0.21)          (1.96)          (0.64)          (1.78)   

_cons              0.0153          0.0305          0.0723*         0.0165         0.00805         -0.0256        -0.00964         -0.0292   
                   (0.46)          (1.03)          (2.58)          (0.58)          (0.11)         (-0.34)         (-0.16)         (-0.47)   
--------------------------------------------------------------------------------------------------------------------------------------------
N                    1211            1211            1211            1211            1211            1211            1211            1211   
R-sq                0.190           0.268           0.292           0.284           0.225           0.180           0.219           0.180   
--------------------------------------------------------------------------------------------------------------------------------------------
t statistics in parentheses
* p<0.05, ** p<0.01, *** p<0.001
