--------------------------------------------------------------------------------------------------------------------------------------------
                      (1)             (2)             (3)             (4)             (5)             (6)             (7)             (8)   
             aginc_back~d    aginc_pred~t    nfincome_b~d    nfincome_p~t    output_bac~d    output_pre~t    percapinc_~d    percapinc_~t   
--------------------------------------------------------------------------------------------------------------------------------------------
lncedp91di~e       0.0204          0.0456*         0.0250*         0.0408***       0.0147          0.0284**        0.0332**        0.0170   
                   (1.05)          (2.39)          (2.25)          (3.66)          (1.36)          (2.97)          (2.98)          (1.66)   

stpr_fac1          0.0717         0.00345         -0.0898          0.0858         -0.0591          0.0776        -0.00284          0.0658   
                   (0.85)          (0.04)         (-1.87)          (1.78)         (-1.26)          (1.88)         (-0.06)          (1.49)   

stpr_fac2           0.180*        -0.0104          0.0148           0.108**       0.00572          0.0674          0.0121         0.00278   
                   (2.51)         (-0.15)          (0.36)          (2.63)          (0.14)          (1.91)          (0.29)          (0.07)   

stpr_fac3          0.0911         -0.0755         -0.0328          0.0366         -0.0529         0.00565         -0.0166         -0.0112   
                   (1.06)         (-0.89)         (-0.67)          (0.74)         (-1.10)          (0.13)         (-0.34)         (-0.25)   

stpr_fac4           0.142         -0.0163          0.0318          0.0759          0.0374          0.0150         0.00684         0.00974   
                   (1.68)         (-0.20)          (0.66)          (1.57)          (0.79)          (0.36)          (0.14)          (0.22)   

stpr_fac5          0.0798          0.0967         -0.0492           0.199**       0.00525          0.0586          0.0321          0.0389   
                   (0.69)          (0.85)         (-0.74)          (2.99)          (0.08)          (1.03)          (0.48)          (0.64)   

stpr_fac6           0.283*          0.205          0.0924           0.226**       0.00713           0.129*        -0.0153          0.0428   
                   (2.15)          (1.58)          (1.23)          (2.99)          (0.10)          (2.00)         (-0.20)          (0.62)   

stpr_fac7           0.112           0.114          0.0992*          0.151**         0.165***       0.0708         0.00479          0.0733   
                   (1.30)          (1.34)          (2.00)          (3.04)          (3.42)          (1.66)          (0.10)          (1.61)   

stpr_fac8           0.122         -0.0253           0.129*         0.0622          0.0936          0.0630        -0.00783         0.00892   
                   (1.30)         (-0.27)          (2.40)          (1.15)          (1.78)          (1.36)         (-0.15)          (0.18)   

stpr_fac9           0.149*         0.0785          0.0325           0.121**         0.102*          0.114**      -0.00994          0.0848*  
                   (1.96)          (1.05)          (0.75)          (2.79)          (2.40)          (3.05)         (-0.23)          (2.12)   

stpr_fac10        -0.0732          -0.102         -0.0875         -0.0236         -0.0824         -0.0373          -0.115*         0.0318   
                  (-0.79)         (-1.12)         (-1.66)         (-0.45)         (-1.60)         (-0.82)         (-2.17)          (0.65)   

stpr_fac11          0.151         -0.0169         -0.0305          0.0741          0.0265          0.0141         -0.0388          0.0315   
                   (1.77)         (-0.20)         (-0.63)          (1.52)          (0.56)          (0.34)         (-0.80)          (0.70)   

stpr_fac12          0.105           0.103          0.0281           0.146**        0.0778          0.0768         -0.0646          0.0449   
                   (1.18)          (1.19)          (0.56)          (2.88)          (1.58)          (1.76)         (-1.28)          (0.96)   

stpr_fac13         0.0818          -0.151         -0.0564         -0.0754          0.0552         -0.0195          0.0154          0.0550   
                   (0.84)         (-1.57)         (-1.01)         (-1.34)          (1.01)         (-0.40)          (0.28)          (1.06)   

stpr_fac14          0.166           0.124          0.0356           0.172**        0.0765          0.0672          0.0413           0.121*  
                   (1.47)          (1.11)          (0.55)          (2.65)          (1.21)          (1.21)          (0.64)          (2.03)   

stpr_fac15          0.123          0.0641         -0.0228           0.132***       0.0401          0.0888**       0.00551          0.0730*  
                   (1.85)          (0.98)         (-0.60)          (3.46)          (1.08)          (2.70)          (0.14)          (2.08)   

stpr_fac16          0.220*        -0.0112          0.0715          0.0607          0.0777          0.0287        -0.00608          0.0226   
                   (2.57)         (-0.13)          (1.46)          (1.24)          (1.62)          (0.68)         (-0.12)          (0.50)   

stpr_fac17        -0.0232           0.188*         0.0320           0.173***       0.0560          0.0789          -0.113*          0.153***
                  (-0.27)          (2.25)          (0.66)          (3.55)          (1.18)          (1.89)         (-2.33)          (3.41)   

stpr_fac18          0.363***        0.130         -0.0156           0.209***       0.0382          0.0615           0.140**        0.0427   
                   (4.55)          (1.66)         (-0.34)          (4.57)          (0.86)          (1.57)          (3.07)          (1.02)   

stpr_fac19          0.195*          0.198*         0.0944*          0.214***        0.131**        0.0925*         0.0125           0.112** 
                   (2.48)          (2.57)          (2.10)          (4.74)          (2.98)          (2.39)          (0.28)          (2.70)   

stpr_fac20          0.241**         0.151           0.180***        0.183***        0.106*          0.103**        0.0994*          0.107*  
                   (3.06)          (1.95)          (3.98)          (4.04)          (2.41)          (2.64)          (2.20)          (2.56)   

stpr_fac21          0.314***        0.209*          0.144**         0.295***        0.141**         0.121**        0.0614           0.149** 
                   (3.63)          (2.46)          (2.91)          (5.93)          (2.91)          (2.83)          (1.24)          (3.26)   

stpr_fac22          0.229*         0.0982          0.0698           0.186***       0.0534          0.0703          0.0347          0.0862   
                   (2.56)          (1.12)          (1.36)          (3.63)          (1.07)          (1.59)          (0.68)          (1.83)   

stpr_fac23          0.133           0.129          0.0192           0.169*         0.0973           0.146*        0.00790           0.143*  
                   (1.13)          (1.11)          (0.29)          (2.50)          (1.48)          (2.52)          (0.12)          (2.31)   

stpr_fac24          0.155          0.0676          0.0283           0.155**        0.0210          0.0756         0.00836          0.0667   
                   (1.55)          (0.69)          (0.49)          (2.71)          (0.38)          (1.53)          (0.15)          (1.27)   

stpr_fac25         0.0804         0.00222         -0.0238          0.0927          0.0102         0.00726         -0.0604          0.0111   
                   (0.79)          (0.02)         (-0.41)          (1.58)          (0.18)          (0.14)         (-1.03)          (0.20)   

stpr_fac26          0.197          0.0661          0.0807           0.131          0.0695          0.0274          0.0438          0.0278   
                   (1.47)          (0.50)          (1.05)          (1.70)          (0.93)          (0.41)          (0.57)          (0.39)   

stpr_fac27          0.135         -0.0542          0.0143          0.0353        0.000977         -0.0554         -0.0373         -0.0399   
                   (0.98)         (-0.40)          (0.18)          (0.44)          (0.01)         (-0.81)         (-0.47)         (-0.55)   

stpr_fac28          0.149*         0.0499          0.0712           0.133**        0.0196          0.0593         -0.0332          0.0460   
                   (2.03)          (0.69)          (1.69)          (3.17)          (0.48)          (1.64)         (-0.79)          (1.19)   

stpr_fac29          0.265**         0.183*          0.119*          0.239***       0.0697           0.140**        0.0431           0.112*  
                   (2.88)          (2.02)          (2.25)          (4.53)          (1.36)          (3.08)          (0.82)          (2.31)   

stpr_fac30         0.0743          0.0437         -0.0289           0.102*        -0.0768          0.0210         -0.0145          0.0486   
                   (0.91)          (0.55)         (-0.62)          (2.19)         (-1.69)          (0.52)         (-0.31)          (1.13)   

stpr_fac31          0.134           0.101          0.0323           0.174***       0.0525          0.0973*        -0.0423          0.0834   
                   (1.54)          (1.18)          (0.65)          (3.50)          (1.08)          (2.27)         (-0.85)          (1.82)   

stpr_fac32          0.148          0.0708          0.0266           0.135**        0.0516           0.102**        0.0259           0.108** 
                   (1.87)          (0.91)          (0.59)          (2.99)          (1.17)          (2.61)          (0.57)          (2.58)   

stpr_fac33         -0.279**       -0.0424          -0.400***        0.116         -0.0424          0.0229         0.00142          0.0568   
                  (-2.69)         (-0.42)         (-6.74)          (1.96)         (-0.73)          (0.45)          (0.02)          (1.04)   

stpr_fac34          0.109           0.124         -0.0196           0.190***      -0.0323          0.0473         -0.0457          0.0909   
                   (1.11)          (1.29)         (-0.35)          (3.37)         (-0.59)          (0.98)         (-0.81)          (1.76)   

stpr_fac35          0.119          0.0894           0.111*          0.124*         0.0167          0.0871          0.0389           0.130** 
                   (1.32)          (1.00)          (2.15)          (2.38)          (0.33)          (1.95)          (0.75)          (2.72)   

stpr_fac36          0.193*         0.0593          0.0216           0.190***      -0.0814          0.0461          0.0288          0.0669   
                   (2.11)          (0.66)          (0.41)          (3.64)         (-1.60)          (1.03)          (0.55)          (1.39)   

stpr_fac37          0.413***      0.00809           0.148**        0.0350           0.172**        0.0493           0.171**        0.0401   
                   (4.34)          (0.09)          (2.72)          (0.64)          (3.25)          (1.05)          (3.14)          (0.80)   

stpr_fac38         0.0879         -0.0148         -0.0440           0.101*         0.0133          0.0526         -0.0414          0.0245   
                   (1.05)         (-0.18)         (-0.92)          (2.11)          (0.28)          (1.28)         (-0.87)          (0.56)   

stpr_fac39       -0.00148         -0.0497         -0.0893          0.0484         0.00353          0.0185          -0.133          0.0493   
                  (-0.01)         (-0.42)         (-1.30)          (0.71)          (0.05)          (0.31)         (-1.94)          (0.78)   

stpr_fac40          0.103          0.0553         -0.0467           0.124**        0.0883          0.0657         -0.0416          0.0801   
                   (1.27)          (0.69)         (-1.00)          (2.65)          (1.94)          (1.64)         (-0.89)          (1.87)   

stpr_fac41          0.119          0.0136         -0.0519          0.0919*        -0.0207          0.0347         -0.0143          0.0788   
                   (1.51)          (0.18)         (-1.15)          (2.04)         (-0.47)          (0.89)         (-0.32)          (1.90)   

stpr_fac42          0.126          0.0719          0.0207           0.156**       -0.0244          0.0452         -0.0290          0.0903   
                   (1.36)          (0.79)          (0.39)          (2.94)         (-0.47)          (0.99)         (-0.55)          (1.85)   

stpr_fac43          0.156*          0.161*         0.0322           0.199***       0.0132           0.140***       0.0122           0.153***
                   (2.39)          (2.52)          (0.86)          (5.33)          (0.36)          (4.37)          (0.33)          (4.46)   

stpr_fac44          0.164          0.0628          0.0398           0.150**        0.0344          0.0433         -0.0225          0.0524   
                   (1.75)          (0.68)          (0.74)          (2.79)          (0.66)          (0.94)         (-0.42)          (1.06)   

stpr_fac45          0.129          0.0822          0.0208           0.149**       0.00702          0.0472        -0.00766          0.0674   
                   (1.57)          (1.01)          (0.44)          (3.15)          (0.15)          (1.16)         (-0.16)          (1.55)   

stpr_fac46          0.144*          0.204**        0.0335           0.170***       0.0461          0.0988**        0.0106           0.133***
                   (2.15)          (3.09)          (0.87)          (4.40)          (1.23)          (2.98)          (0.27)          (3.75)   

stpr_fac47          0.131           0.174**        0.0881*          0.252***     -0.00839           0.134***       0.0504           0.109** 
                   (1.95)          (2.63)          (2.29)          (6.54)         (-0.22)          (4.03)          (1.31)          (3.08)   

stpr_fac48         0.0371           0.289***       0.0541           0.253***       0.0525           0.119**        0.0553           0.151***
                   (0.46)          (3.67)          (1.18)          (5.51)          (1.18)          (3.03)          (1.21)          (3.59)   

o.stpr_fac49            0               0               0               0               0               0               0               0   
                      (.)             (.)             (.)             (.)             (.)             (.)             (.)             (.)   

stpr_fac50          0.153           0.224*         0.0154           0.252***       0.0282           0.114*         0.0641           0.162***
                   (1.69)          (2.53)          (0.30)          (4.88)          (0.56)          (2.57)          (1.24)          (3.40)   

stpr_fac51         0.0656          0.0237         -0.0529          0.0708        -0.00295          0.0319         -0.0402          0.0514   
                   (0.83)          (0.31)         (-1.17)          (1.57)         (-0.07)          (0.82)         (-0.89)          (1.24)   

stpr_fac52        -0.0106           0.211**      -0.00801           0.182***       0.0406          0.0703*        -0.0632           0.148***
                  (-0.16)          (3.27)         (-0.21)          (4.85)          (1.11)          (2.18)         (-1.69)          (4.27)   

stpr_fac53          0.245**         0.144          0.0654           0.140**         0.121**        0.0872*         0.0133           0.112** 
                   (3.27)          (1.95)          (1.52)          (3.26)          (2.88)          (2.36)          (0.31)          (2.82)   

stpr_fac54          0.104           0.121         -0.0710           0.169**      -0.00986          0.0564         -0.0774          0.0902   
                   (1.00)          (1.18)         (-1.19)          (2.83)         (-0.17)          (1.10)         (-1.30)          (1.64)   

stpr_fac55          0.145         -0.0302         -0.0125          0.0765        0.000418          0.0339         -0.0118          0.0280   
                   (1.47)         (-0.31)         (-0.22)          (1.35)          (0.01)          (0.70)         (-0.21)          (0.54)   

stpr_fac56         0.0677          0.0757         -0.0371          0.0926*         0.0570          0.0662         -0.0185          0.0830*  
                   (0.97)          (1.10)         (-0.92)          (2.30)          (1.46)          (1.91)         (-0.46)          (2.24)   

stpr_fac57          0.157          0.0309          0.0664          0.0962          0.0497       -0.000269          0.0474          0.0230   
                   (1.49)          (0.30)          (1.10)          (1.60)          (0.85)         (-0.01)          (0.79)          (0.42)   

stpr_fac58         0.0801         -0.0224          0.0455           0.111*        -0.0416         -0.0445          0.0225        -0.00334   
                   (0.84)         (-0.24)          (0.84)          (2.04)         (-0.78)         (-0.95)          (0.41)         (-0.07)   

stpr_fac59          0.114          0.0207         -0.0588          0.0834         -0.0178          0.0268        -0.00948          0.0423   
                   (1.29)          (0.24)         (-1.16)          (1.65)         (-0.36)          (0.62)         (-0.19)          (0.91)   

stpr_fac60          0.109          0.0490          0.0205          0.0979*         0.0629           0.104**        0.0578          0.0772   
                   (1.38)          (0.63)          (0.45)          (2.16)          (1.43)          (2.67)          (1.28)          (1.85)   

stpr_fac61          0.147          0.0893         0.00615           0.171**      -0.00569          0.0577          0.0333          0.0917   
                   (1.61)          (0.99)          (0.12)          (3.26)         (-0.11)          (1.28)          (0.63)          (1.90)   

stpr_fac62          0.145*         0.0815          0.0421           0.177***      -0.0136          0.0548        -0.00207          0.0627   
                   (2.02)          (1.15)          (1.02)          (4.29)         (-0.34)          (1.55)         (-0.05)          (1.65)   

stpr_fac63          0.151         -0.0225          0.0664          0.0665          0.0552          0.0824*         0.0567          0.0579   
                   (1.84)         (-0.28)          (1.41)          (1.41)          (1.21)          (2.04)          (1.21)          (1.34)   

stpr_fac64          0.177*         0.0797          0.0500           0.151***       0.0546           0.163***       0.0853          0.0707   
                   (2.32)          (1.06)          (1.15)          (3.47)          (1.28)          (4.34)          (1.95)          (1.76)   

stpr_fac65          0.131           0.105          0.0242           0.150**        0.0357           0.107*         0.0440          0.0742   
                   (1.52)          (1.24)          (0.49)          (3.02)          (0.74)          (2.51)          (0.89)          (1.63)   

o.stpr_fac66            0               0               0               0               0               0               0               0   
                      (.)             (.)             (.)             (.)             (.)             (.)             (.)             (.)   

stpr_fac67          0.134           0.142         0.00675           0.195***       0.0525          0.0557         -0.0255          0.0932   
                   (1.39)          (1.50)          (0.12)          (3.54)          (0.98)          (1.17)         (-0.46)          (1.84)   

stpr_fac68          0.124          0.0790          0.0574           0.124        -0.00719           0.114*         0.0227          0.0687   
                   (1.12)          (0.73)          (0.91)          (1.95)         (-0.12)          (2.09)          (0.36)          (1.18)   

stpr_fac69          0.112           0.164          0.0421           0.205***       0.0420           0.100*        -0.0192           0.123*  
                   (1.17)          (1.74)          (0.77)          (3.73)          (0.79)          (2.12)         (-0.35)          (2.43)   

stpr_fac70          0.135       -0.000984          0.0119          0.0814          0.0112          0.0837*         0.0796          0.0627   
                   (1.65)         (-0.01)          (0.25)          (1.73)          (0.24)          (2.07)          (1.70)          (1.45)   

stpr_fac71         -0.151*          0.275***       0.0632           0.243***       0.0964*         0.0897*         -0.106**         0.199***
                  (-2.12)          (3.92)          (1.55)          (5.93)          (2.42)          (2.55)         (-2.60)          (5.28)   

stpr_fac72        -0.0802           0.133         -0.0220           0.213***       0.0538           0.137***      -0.0430          0.0924*  
                  (-1.13)          (1.90)         (-0.54)          (5.23)          (1.36)          (3.92)         (-1.06)          (2.47)   

stpr_fac73          0.203**         0.116          0.0979*          0.222***       0.0274          0.0766*         0.0381          0.0877*  
                   (2.99)          (1.74)          (2.52)          (5.70)          (0.72)          (2.29)          (0.98)          (2.45)   

stpr_fac74         0.0628           0.106         -0.0319           0.162***       0.0210          0.0926*        -0.0355          0.0791   
                   (0.82)          (1.40)         (-0.72)          (3.67)          (0.49)          (2.44)         (-0.81)          (1.95)   

stpr_fac75          0.108           0.128          0.0353           0.141*          0.117*         0.0366          0.0384           0.121*  
                   (1.11)          (1.33)          (0.63)          (2.51)          (2.14)          (0.76)          (0.69)          (2.34)   

stpr_fac76          0.168           0.248*          0.124           0.255***        0.173**        0.0744         -0.0308           0.162** 
                   (1.49)          (2.24)          (1.91)          (3.94)          (2.76)          (1.34)         (-0.48)          (2.72)   

stpr_fac77          0.165           0.200          0.0380           0.178**        0.0458           0.156**        0.0707           0.236***
                   (1.51)          (1.86)          (0.61)          (2.84)          (0.75)          (2.89)          (1.13)          (4.09)   

stpr_fac78          0.366***       -0.184*        -0.0276           0.180***    -0.000288          0.0931*         0.0482         -0.0434   
                   (4.29)         (-2.20)         (-0.57)          (3.67)         (-0.01)          (2.22)          (0.99)         (-0.96)   

stpr_fac79          0.327**        -0.243*         0.0140           0.104          0.0608         -0.0138           0.285***      -0.0912   
                   (2.91)         (-2.20)          (0.22)          (1.61)          (0.97)         (-0.25)          (4.43)         (-1.54)   

stpr_fac80          0.227**        -0.112          0.0362          0.0981*          0.176***     0.000677          0.0248         -0.0365   
                   (2.75)         (-1.38)          (0.77)          (2.07)          (3.82)          (0.02)          (0.53)         (-0.84)   

stpr_fac81          0.225**       -0.0489          -0.125**        0.0567         0.00186          0.0292          0.0266         -0.0209   
                   (3.02)         (-0.67)         (-2.94)          (1.33)          (0.04)          (0.79)          (0.62)         (-0.53)   

stpr_fac82          0.128         -0.0182         -0.0472           0.168**         0.136*          0.218***      -0.0959          0.0325   
                   (1.33)         (-0.19)         (-0.86)          (3.05)          (2.53)          (4.59)         (-1.74)          (0.64)   

stpr_fac83          0.444***        0.283*          0.342***        0.216**         0.151*         0.0857          0.0756           0.104   
                   (3.84)          (2.49)          (5.16)          (3.26)          (2.34)          (1.50)          (1.14)          (1.70)   

stpr_fac84          0.296***      -0.0971           0.235***     -0.00576          0.0878           0.115**       -0.0199          0.0144   
                   (3.43)         (-1.15)          (4.77)         (-0.12)          (1.82)          (2.72)         (-0.40)          (0.32)   

stpr_fac85          0.120          0.0722          0.0632           0.128*         0.0537          0.0439          0.0255          0.0774   
                   (1.30)          (0.79)          (1.19)          (2.41)          (1.04)          (0.96)          (0.48)          (1.59)   

stpr_fac86         0.0443         -0.0155         -0.0776          0.0545          0.0119       -0.000291         -0.0898          0.0344   
                   (0.39)         (-0.14)         (-1.20)          (0.84)          (0.19)         (-0.01)         (-1.39)          (0.58)   

stpr_fac87         0.0887          0.0601        -0.00870           0.125*         0.0322          0.0809         0.00381          0.0893*  
                   (1.03)          (0.71)         (-0.18)          (2.55)          (0.67)          (1.91)          (0.08)          (1.98)   

stpr_fac88         0.0115           0.127         0.00713           0.143***       0.0578          0.0503         -0.0546          0.0851*  
                   (0.15)          (1.72)          (0.17)          (3.34)          (1.38)          (1.36)         (-1.27)          (2.15)   

stpr_fac89          0.108          0.0403         0.00852           0.125**        0.0315          0.0717*         0.0494          0.0682   
                   (1.64)          (0.62)          (0.23)          (3.29)          (0.85)          (2.20)          (1.30)          (1.96)   

stpr_fac90          0.162*          0.104          0.0495           0.163***       0.0110           0.125**        0.0759          0.0812   
                   (2.04)          (1.33)          (1.08)          (3.56)          (0.25)          (3.18)          (1.66)          (1.93)   

stpr_fac91          0.120          0.0639         0.00934           0.149***     -0.00812          0.0335         0.00614          0.0538   
                   (1.58)          (0.85)          (0.21)          (3.41)         (-0.19)          (0.89)          (0.14)          (1.34)   

stpr_fac92         0.0495           0.122         -0.0318           0.172***      0.00709          0.0822*        -0.0377           0.131***
                   (0.66)          (1.65)         (-0.74)          (3.99)          (0.17)          (2.22)         (-0.88)          (3.31)   

stpr_fac93          0.154*          0.163*         0.0518           0.206***       0.0434          0.0695          0.0358           0.143***
                   (1.97)          (2.13)          (1.16)          (4.59)          (0.99)          (1.80)          (0.80)          (3.46)   

stpr_fac94          0.176*          0.260***      -0.0101           0.140***       0.0450           0.131***       0.0505           0.149***
                   (2.45)          (3.69)         (-0.25)          (3.41)          (1.12)          (3.70)          (1.23)          (3.94)   

stpr_fac95         0.0786           0.107        -0.00909           0.174***      -0.0130          0.0845*        -0.0264          0.0843   
                   (0.96)          (1.33)         (-0.19)          (3.73)         (-0.29)          (2.10)         (-0.57)          (1.96)   

stpr_fac96          0.159*          0.188**        0.0531           0.231***      0.00936          0.0949**        0.0171           0.110** 
                   (2.45)          (2.95)          (1.43)          (6.19)          (0.26)          (2.96)          (0.46)          (3.22)   

stpr_fac97         0.0426          0.0824          0.0521           0.171***     0.000141          0.0727*        -0.0366          0.0907** 
                   (0.67)          (1.32)          (1.43)          (4.71)          (0.00)          (2.32)         (-1.01)          (2.71)   

stpr_fac98          0.109          0.0300          0.0201           0.135***       0.0891*         0.0323        -0.00243          0.0542   
                   (1.55)          (0.44)          (0.50)          (3.36)          (2.28)          (0.93)         (-0.06)          (1.47)   

stpr_fac99          0.202**         0.191**        0.0824           0.222***       0.0630           0.153***       0.0596          0.0956*  
                   (2.69)          (2.59)          (1.91)          (5.14)          (1.50)          (4.14)          (1.38)          (2.41)   

stpr_fac100         0.187*          0.195*          0.241***        0.161**         0.198***       0.0105         -0.0467           0.155** 
                   (2.02)          (2.14)          (4.55)          (3.03)          (3.83)          (0.23)         (-0.88)          (3.17)   

stpr_fac101         0.175           0.101          0.0824           0.201***      -0.0503          0.0503          0.0104          0.0702   
                   (1.83)          (1.07)          (1.51)          (3.67)         (-0.94)          (1.07)          (0.19)          (1.39)   

stpr_fac102         0.526***        0.323***        0.244***        0.464***        0.204***        0.164***        0.119*          0.121*  
                   (5.34)          (3.34)          (4.32)          (8.22)          (3.72)          (3.37)          (2.10)          (2.32)   

stpr_fac103         0.174*         0.0905          0.0399           0.165***       0.0691          0.0983**       0.00259          0.0593   
                   (2.42)          (1.28)          (0.97)          (4.00)          (1.72)          (2.77)          (0.06)          (1.56)   

_cons              -0.125         -0.0679         -0.0156          -0.137***      -0.0222         -0.0641*        0.00148         -0.0643   
                  (-1.91)         (-1.06)         (-0.42)         (-3.64)         (-0.61)         (-1.99)          (0.04)         (-1.86)   
--------------------------------------------------------------------------------------------------------------------------------------------
N                    1211            1211            1211            1211            1211            1211            1211            1211   
R-sq                0.283           0.227           0.368           0.308           0.274           0.190           0.252           0.231   
--------------------------------------------------------------------------------------------------------------------------------------------
t statistics in parentheses
* p<0.05, ** p<0.01, *** p<0.001
