--------------------------------------------------------------------------------------------------------------------------------------------
                      (1)             (2)             (3)             (4)             (5)             (6)             (7)             (8)   
             avwage_bac~d    avwage_pre~t    pop_backward     pop_predict    wagebill_b~d    wagebill_p~t    wageemp_ba~d    wageemp_pr~t   
--------------------------------------------------------------------------------------------------------------------------------------------
lncedp91di~e      0.00489          0.0255**      0.000165          0.0160*         0.0776***       0.0916***       0.0593***       0.0656***
                   (0.53)          (3.06)          (0.02)          (2.04)          (3.50)          (4.43)          (3.49)          (3.86)   

stpr_fac1         -0.0401          0.0916*        -0.0452        -0.00767         -0.0899           0.189*        -0.0304          0.0804   
                  (-1.00)          (2.54)         (-1.23)         (-0.23)         (-0.94)          (2.11)         (-0.41)          (1.10)   

stpr_fac2        -0.00939          0.0757*         0.0477          0.0709*         0.0855           0.212**         0.120           0.117   
                  (-0.27)          (2.46)          (1.52)          (2.45)          (1.05)          (2.78)          (1.91)          (1.87)   

stpr_fac3         -0.0424          0.0248         0.00538          0.0241         -0.0630          0.0636        0.000655         0.00875   
                  (-1.03)          (0.67)          (0.14)          (0.70)         (-0.64)          (0.70)          (0.01)          (0.12)   

stpr_fac4          0.0331          0.0585          0.0473          0.0550          0.0383           0.182*         0.0314           0.114   
                   (0.82)          (1.61)          (1.28)          (1.61)          (0.40)          (2.02)          (0.42)          (1.55)   

stpr_fac5         -0.0347          0.0559         -0.0747           0.135**        -0.246         -0.0973          -0.247*         -0.185   
                  (-0.63)          (1.13)         (-1.47)          (2.90)         (-1.86)         (-0.79)         (-2.43)         (-1.82)   

stpr_fac6        -0.00423           0.140*          0.128*          0.170**        0.0525           0.257          0.0104           0.140   
                  (-0.07)          (2.49)          (2.23)          (3.21)          (0.35)          (1.84)          (0.09)          (1.22)   

stpr_fac7           0.148***       0.0505          0.0948*         0.0642          0.0974           0.257**        0.0566           0.233** 
                   (3.57)          (1.36)          (2.51)          (1.84)          (0.99)          (2.79)          (0.75)          (3.08)   

stpr_fac8           0.108*         0.0454           0.143***       0.0514         -0.0499          0.0917          -0.123        -0.00255   
                   (2.39)          (1.12)          (3.46)          (1.36)         (-0.46)          (0.92)         (-1.49)         (-0.03)   

stpr_fac9          0.0451           0.112***       0.0536          0.0265           0.119           0.323***        0.118           0.207** 
                   (1.24)          (3.45)          (1.61)          (0.87)          (1.37)          (4.00)          (1.77)          (3.13)   

stpr_fac10        -0.0462         -0.0430         -0.0136         -0.0260         -0.0994          0.0912         -0.0791          0.0365   
                  (-1.05)         (-1.08)         (-0.34)         (-0.70)         (-0.94)          (0.93)         (-0.98)          (0.45)   

stpr_fac11         0.0318          0.0176          0.0363          0.0457        -0.00311           0.142          0.0160          0.0913   
                   (0.78)          (0.48)          (0.97)          (1.33)         (-0.03)          (1.57)          (0.21)          (1.23)   

stpr_fac12         0.0549          0.0784*         0.0872*         0.0992**       -0.0106           0.137         -0.0368          0.0618   
                   (1.30)          (2.07)          (2.26)          (2.79)         (-0.11)          (1.45)         (-0.48)          (0.80)   

stpr_fac13         0.0651          0.0579         -0.0375          -0.108**        -0.105          0.0804         -0.0605          0.0480   
                   (1.39)          (1.38)         (-0.88)         (-2.74)         (-0.94)          (0.77)         (-0.70)          (0.56)   

stpr_fac14         0.0445          0.0577          0.0161          0.0306           0.171           0.406***        0.192           0.281** 
                   (0.82)          (1.19)          (0.33)          (0.67)          (1.32)          (3.38)          (1.94)          (2.84)   

stpr_fac15         0.0453          0.0537        -0.00280          0.0318           0.284***        0.372***        0.202***        0.303***
                   (1.42)          (1.88)         (-0.10)          (1.18)          (3.74)          (5.25)          (3.46)          (5.19)   

stpr_fac16         0.0833*        -0.0164           0.117**       0.00292           0.188           0.153           0.138           0.140   
                   (2.03)         (-0.45)          (3.13)          (0.08)          (1.93)          (1.68)          (1.84)          (1.86)   

stpr_fac17          0.119**        0.0395          0.0443          0.0893**        0.0898           0.195*       0.000650           0.139   
                   (2.92)          (1.08)          (1.19)          (2.61)          (0.93)          (2.15)          (0.01)          (1.88)   

stpr_fac18         0.0889*         0.0622          0.0429           0.139***       -0.108           0.216*        -0.0863           0.138*  
                   (2.33)          (1.82)          (1.23)          (4.34)         (-1.19)          (2.55)         (-1.24)          (1.98)   

stpr_fac19          0.146***        0.113***       0.0790*          0.104**         0.204*          0.297***        0.139*          0.238***
                   (3.87)          (3.34)          (2.30)          (3.29)          (2.28)          (3.55)          (2.02)          (3.47)   

stpr_fac20          0.127***       0.0890**        0.0975**        0.0780*          0.132           0.237**        0.0476           0.133   
                   (3.37)          (2.63)          (2.83)          (2.46)          (1.46)          (2.83)          (0.69)          (1.93)   

stpr_fac21         0.0956*          0.106**         0.115**         0.120***        0.161           0.363***       0.0855           0.233** 
                   (2.31)          (2.85)          (3.03)          (3.45)          (1.63)          (3.94)          (1.13)          (3.08)   

stpr_fac22         0.0788          0.0695          0.0573          0.0833*          0.124           0.307**        0.0327           0.204** 
                   (1.84)          (1.81)          (1.46)          (2.31)          (1.21)          (3.23)          (0.42)          (2.61)   

stpr_fac23         0.0897           0.137**        0.0173          0.0242         -0.0150           0.151          -0.119          0.0676   
                   (1.59)          (2.71)          (0.34)          (0.51)         (-0.11)          (1.21)         (-1.16)          (0.66)   

stpr_fac24         0.0473          0.0702          0.0427          0.0694          0.0599           0.305**        0.0419           0.216*  
                   (0.99)          (1.64)          (0.98)          (1.72)          (0.53)          (2.86)          (0.48)          (2.47)   

stpr_fac25        -0.0185          0.0292          0.0428          0.0747          -0.132           0.132         -0.0705          0.0654   
                  (-0.38)          (0.66)          (0.96)          (1.81)         (-1.13)          (1.21)         (-0.79)          (0.73)   

stpr_fac26         0.0716          0.0470          0.0560          0.0898           0.144          0.0510          0.0552          0.0457   
                   (1.11)          (0.82)          (0.95)          (1.66)          (0.94)          (0.36)          (0.47)          (0.39)   

stpr_fac27       -0.00352          0.0133          0.0644          0.0696         -0.0865           0.111         -0.0308          0.0880   
                  (-0.05)          (0.22)          (1.06)          (1.25)         (-0.55)          (0.75)         (-0.25)          (0.73)   

stpr_fac28         0.0202          0.0429          0.0984**        0.0746*          0.122           0.202**         0.123           0.131*  
                   (0.58)          (1.36)          (3.06)          (2.52)          (1.46)          (2.58)          (1.91)          (2.04)   

stpr_fac29         0.0659          0.0983*          0.103*          0.101**         0.167           0.419***        0.151           0.284***
                   (1.49)          (2.49)          (2.56)          (2.73)          (1.59)          (4.28)          (1.87)          (3.53)   

stpr_fac30        -0.0485          0.0286        0.000522          0.0507          -0.226*          0.154          -0.140*          0.112   
                  (-1.24)          (0.82)          (0.01)          (1.54)         (-2.43)          (1.78)         (-1.96)          (1.57)   

stpr_fac31         0.0778          0.0906*         0.0926*         0.0858*          0.199*          0.259**         0.146           0.152*  
                   (1.87)          (2.43)          (2.44)          (2.45)          (2.01)          (2.80)          (1.92)          (2.00)   

stpr_fac32         0.0774*          0.109**        0.0186          0.0121           0.119           0.274**        0.0522           0.123   
                   (2.05)          (3.21)          (0.54)          (0.38)          (1.32)          (3.26)          (0.75)          (1.79)   

stpr_fac33        -0.0716          0.0196          -0.342***     -0.00837          0.0229           0.222*         0.0136           0.125   
                  (-1.44)          (0.44)         (-7.54)         (-0.20)          (0.19)          (2.01)          (0.15)          (1.38)   

stpr_fac34       -0.00370          0.0320          0.0447          0.0736          -0.123           0.186         -0.0985          0.0812   
                  (-0.08)          (0.76)          (1.04)          (1.86)         (-1.10)          (1.78)         (-1.14)          (0.95)   

stpr_fac35         0.0657           0.108**        0.0226          0.0174         -0.0333           0.172         -0.0516          0.0702   
                   (1.52)          (2.78)          (0.57)          (0.48)         (-0.32)          (1.79)         (-0.65)          (0.89)   

stpr_fac36        -0.0517          0.0540          0.0383          0.0878*        -0.0408          0.0856       -0.000777          0.0334   
                  (-1.18)          (1.38)          (0.96)          (2.39)         (-0.39)          (0.88)         (-0.01)          (0.42)   

stpr_fac37          0.113*         0.0730        -0.00230         -0.0180           0.239*          0.148           0.145          0.0996   
                   (2.48)          (1.79)         (-0.06)         (-0.47)          (2.21)          (1.46)          (1.74)          (1.20)   

stpr_fac38         0.0385          0.0379          0.0247          0.0412          0.0187           0.186*         0.0203           0.125   
                   (0.96)          (1.06)          (0.68)          (1.22)          (0.20)          (2.09)          (0.28)          (1.71)   

stpr_fac39         0.0449          0.0385          0.0153         0.00327          -0.210         -0.0658          -0.143         -0.0688   
                   (0.78)          (0.75)          (0.29)          (0.07)         (-1.54)         (-0.52)         (-1.36)         (-0.66)   

stpr_fac40          0.123**        0.0703*        0.00694          0.0342           0.207*          0.220*          0.131          0.0777   
                   (3.15)          (2.01)          (0.19)          (1.04)          (2.23)          (2.55)          (1.84)          (1.09)   

stpr_fac41         0.0203          0.0359        -0.00201          0.0117         -0.0470           0.180*        -0.0214           0.102   
                   (0.54)          (1.06)         (-0.06)          (0.37)         (-0.52)          (2.16)         (-0.31)          (1.49)   

stpr_fac42         0.0153          0.0324          0.0635          0.0704          0.0455           0.252*         0.0171           0.141   
                   (0.35)          (0.81)          (1.57)          (1.89)          (0.43)          (2.56)          (0.21)          (1.75)   

stpr_fac43        0.00495           0.135***       0.0288          0.0417          0.0388           0.348***       0.0156           0.196***
                   (0.16)          (4.82)          (1.01)          (1.59)          (0.52)          (5.03)          (0.27)          (3.44)   

stpr_fac44         0.0384          0.0603          0.0666          0.0950*         0.0481          0.0561          0.0373          0.0165   
                   (0.85)          (1.50)          (1.62)          (2.51)          (0.45)          (0.56)          (0.45)          (0.20)   

stpr_fac45         0.0115          0.0488          0.0374          0.0715*        -0.0388           0.170         -0.0375          0.0827   
                   (0.29)          (1.38)          (1.03)          (2.15)         (-0.41)          (1.94)         (-0.52)          (1.14)   

stpr_fac46         0.0656*         0.0872**        0.0443          0.0630*          0.135           0.354***        0.105           0.251***
                   (2.04)          (3.02)          (1.51)          (2.32)          (1.77)          (4.95)          (1.78)          (4.27)   

stpr_fac47       -0.00362           0.153***       0.0543          0.0998***        0.237**         0.402***        0.205***        0.261***
                  (-0.11)          (5.32)          (1.85)          (3.69)          (3.09)          (5.63)          (3.49)          (4.45)   

stpr_fac48        0.00414           0.136***     -0.00790          0.0885**         0.393***        0.782***        0.339***        0.560***
                   (0.11)          (3.96)         (-0.23)          (2.75)          (4.31)          (9.19)          (4.84)          (8.01)   

o.stpr_fac49            0               0               0               0               0               0               0               0   
                      (.)             (.)             (.)             (.)             (.)             (.)             (.)             (.)   

stpr_fac50         0.0433          0.0826*         0.0184          0.0736*          0.270**         0.427***        0.214**         0.286***
                   (1.00)          (2.13)          (0.47)          (2.02)          (2.62)          (4.45)          (2.70)          (3.62)   

stpr_fac51         0.0126          0.0588       -0.000793          0.0241         -0.0862          0.0994         -0.0337          0.0470   
                   (0.33)          (1.74)         (-0.02)          (0.76)         (-0.96)          (1.19)         (-0.49)          (0.68)   

stpr_fac52       -0.00281          0.0818**        0.0275          0.0673*        -0.0252           0.251***      0.00573           0.151** 
                  (-0.09)          (2.91)          (0.96)          (2.55)         (-0.34)          (3.60)          (0.10)          (2.64)   

stpr_fac53         0.0786*          0.118***       0.0906**        0.0480           0.102           0.248**        0.0492           0.124   
                   (2.19)          (3.66)          (2.76)          (1.59)          (1.20)          (3.11)          (0.75)          (1.89)   

stpr_fac54        0.00818          0.0626          0.0462          0.0692         -0.0207           0.127         -0.0584          0.0350   
                   (0.16)          (1.40)          (1.01)          (1.65)         (-0.17)          (1.14)         (-0.64)          (0.38)   

stpr_fac55         0.0501          0.0167          0.0187          0.0315        -0.00759          0.0384        -0.00797         0.00194   
                   (1.06)          (0.40)          (0.43)          (0.79)         (-0.07)          (0.37)         (-0.09)          (0.02)   

stpr_fac56         0.0500          0.0521         0.00444          0.0119          0.0103           0.301***      -0.0197           0.227***
                   (1.49)          (1.73)          (0.14)          (0.42)          (0.13)          (4.04)         (-0.32)          (3.70)   

stpr_fac57         0.0261          0.0194          0.0232          0.0680          -0.110          0.0806         -0.0165          0.0333   
                   (0.52)          (0.43)          (0.51)          (1.61)         (-0.92)          (0.72)         (-0.18)          (0.36)   

stpr_fac58        -0.0224         0.00102          0.0453          0.0952*         -0.154          0.0666         -0.0599          0.0759   
                  (-0.49)          (0.03)          (1.09)          (2.48)         (-1.42)          (0.66)         (-0.72)          (0.91)   

stpr_fac59         0.0402          0.0221        -0.00187          0.0465          -0.276**         0.145          -0.245**        0.0843   
                   (0.95)          (0.58)         (-0.05)          (1.30)         (-2.74)          (1.54)         (-3.17)          (1.09)   

stpr_fac60         0.0401          0.0630         -0.0246          0.0131         -0.0217           0.227**       -0.0274           0.134   
                   (1.06)          (1.86)         (-0.71)          (0.41)         (-0.24)          (2.70)         (-0.40)          (1.93)   

stpr_fac61         0.0130          0.0641        -0.00276          0.0585           0.194           0.205*         0.0890           0.145   
                   (0.30)          (1.63)         (-0.07)          (1.59)          (1.86)          (2.10)          (1.11)          (1.81)   

stpr_fac62         0.0448          0.0490          0.0740*         0.0912**         0.132           0.222**        0.0771           0.151*  
                   (1.30)          (1.59)          (2.35)          (3.15)          (1.61)          (2.90)          (1.22)          (2.40)   

stpr_fac63         0.0555          0.0909*         0.0283         -0.0188           0.212*          0.337***        0.162*          0.210** 
                   (1.41)          (2.58)          (0.79)         (-0.57)          (2.26)          (3.86)          (2.25)          (2.93)   

stpr_fac64          0.106**         0.179***      0.00939          0.0456           0.151           0.389***        0.127           0.270***
                   (2.92)          (5.49)          (0.28)          (1.49)          (1.73)          (4.80)          (1.90)          (4.06)   

stpr_fac65         0.0208           0.121**       0.00691          0.0524           0.384***        0.359***        0.264***        0.233** 
                   (0.50)          (3.26)          (0.18)          (1.51)          (3.90)          (3.91)          (3.49)          (3.09)   

o.stpr_fac66            0               0               0               0               0               0               0               0   
                      (.)             (.)             (.)             (.)             (.)             (.)             (.)             (.)   

stpr_fac67         0.0529          0.0568          0.0523          0.0877*          0.176           0.275**         0.194*          0.214*  
                   (1.15)          (1.38)          (1.24)          (2.26)          (1.60)          (2.68)          (2.30)          (2.54)   

stpr_fac68       -0.00337          0.0978*         0.0522          0.0370          0.0682          0.0799          0.0686           0.133   
                  (-0.06)          (2.06)          (1.08)          (0.83)          (0.54)          (0.68)          (0.71)          (1.37)   

stpr_fac69         0.0552           0.104*         0.0630          0.0704           0.135           0.287**         0.102           0.173*  
                   (1.20)          (2.53)          (1.50)          (1.82)          (1.24)          (2.82)          (1.21)          (2.06)   

stpr_fac70         0.0175          0.0555         -0.0365        0.000672           0.304**         0.311***        0.196**         0.202** 
                   (0.44)          (1.58)         (-1.02)          (0.02)          (3.26)          (3.56)          (2.73)          (2.82)   

stpr_fac71          0.120***       0.0938**        0.0235          0.0617*          0.145           0.453***        0.108           0.287***
                   (3.51)          (3.06)          (0.75)          (2.14)          (1.79)          (5.97)          (1.72)          (4.59)   

stpr_fac72         0.0536           0.142***      -0.0210          0.0565*          0.139           0.432***       0.0865           0.274***
                   (1.58)          (4.66)         (-0.67)          (1.98)          (1.72)          (5.72)          (1.39)          (4.41)   

stpr_fac73         0.0195          0.0715*         0.0878**         0.108***        0.186*          0.465***        0.141*          0.329***
                   (0.60)          (2.46)          (2.96)          (3.97)          (2.41)          (6.45)          (2.36)          (5.54)   

stpr_fac74         0.0300          0.0932**        0.0315          0.0677*         0.0258           0.364***       0.0506           0.260***
                   (0.82)          (2.82)          (0.94)          (2.18)          (0.29)          (4.44)          (0.75)          (3.86)   

stpr_fac75         0.0896          0.0351        -0.00328          0.0183          -0.127           0.382***      -0.0422           0.194*  
                   (1.92)          (0.84)         (-0.08)          (0.46)         (-1.14)          (3.68)         (-0.49)          (2.27)   

stpr_fac76          0.147**         0.115*          0.122*          0.106*          0.299*          0.171           0.123           0.103   
                   (2.73)          (2.38)          (2.47)          (2.33)          (2.33)          (1.43)          (1.25)          (1.05)   

stpr_fac77         0.0177           0.139**        0.0113         -0.0611           0.116           0.588***        0.157           0.407***
                   (0.34)          (2.96)          (0.24)         (-1.39)          (0.93)          (5.06)          (1.64)          (4.26)   

stpr_fac78         0.0484           0.106**        0.0850*         0.0623          -0.217*          0.216*         -0.149*          0.160*  
                   (1.19)          (2.91)          (2.28)          (1.81)         (-2.23)          (2.38)         (-1.99)          (2.14)   

stpr_fac79         0.0331          0.0984*        -0.0786          0.0853         -0.0563           0.316**       -0.0662           0.198*  
                   (0.62)          (2.04)         (-1.60)          (1.88)         (-0.44)          (2.65)         (-0.67)          (2.01)   

stpr_fac80         0.0523        -0.00863          0.0424          0.0302         -0.0112           0.199*        -0.0394           0.175*  
                   (1.32)         (-0.24)          (1.17)          (0.91)         (-0.12)          (2.27)         (-0.54)          (2.42)   

stpr_fac81         0.0227          0.0394         -0.0349          0.0195         -0.0637          0.0989         -0.0503          0.0177   
                   (0.64)          (1.23)         (-1.07)          (0.65)         (-0.75)          (1.25)         (-0.77)          (0.27)   

stpr_fac82         0.0936*          0.167***       0.0116          0.0242           0.116           0.293**        0.0741           0.152   
                   (2.03)          (4.03)          (0.28)          (0.62)          (1.06)          (2.86)          (0.88)          (1.81)   

stpr_fac83          0.169**        0.0819           0.261***        0.138**       -0.0203           0.235          0.0118           0.142   
                   (3.05)          (1.65)          (5.15)          (2.97)         (-0.15)          (1.91)          (0.12)          (1.40)   

stpr_fac84         0.0983*         0.0833*          0.236***      -0.0244          0.0207           0.223*         0.0324          0.0875   
                   (2.38)          (2.25)          (6.26)         (-0.70)          (0.21)          (2.43)          (0.43)          (1.16)   

stpr_fac85         0.0593          0.0722          0.0464          0.0496          -0.183           0.162         -0.0734          0.0953   
                   (1.34)          (1.82)          (1.15)          (1.33)         (-1.74)          (1.65)         (-0.90)          (1.18)   

stpr_fac86         0.0420         0.00576          0.0117          0.0247          -0.263*        -0.0143          -0.184         -0.0723   
                   (0.78)          (0.12)          (0.24)          (0.54)         (-2.05)         (-0.12)         (-1.86)         (-0.73)   

stpr_fac87         0.0502          0.0747*       0.000330          0.0262          -0.101           0.342***     -0.00957           0.242** 
                   (1.22)          (2.03)          (0.01)          (0.76)         (-1.03)          (3.75)         (-0.13)          (3.23)   

stpr_fac88         0.0368          0.0925**        0.0351          0.0754*          0.108           0.297***       0.0449          0.0514   
                   (1.03)          (2.87)          (1.07)          (2.50)          (1.26)          (3.72)          (0.68)          (0.78)   

stpr_fac89         0.0356          0.0812**      -0.00191          0.0295           0.102           0.370***       0.0971           0.229***
                   (1.13)          (2.86)         (-0.07)          (1.11)          (1.36)          (5.26)          (1.68)          (3.96)   

stpr_fac90        0.00861           0.153***       0.0117          0.0488          0.0919           0.551***        0.103           0.403***
                   (0.23)          (4.48)          (0.34)          (1.52)          (1.01)          (6.50)          (1.47)          (5.78)   

stpr_fac91        0.00710          0.0459          0.0182          0.0843**        0.0821           0.232**        0.0589           0.152*  
                   (0.19)          (1.40)          (0.54)          (2.74)          (0.94)          (2.86)          (0.88)          (2.27)   

stpr_fac92         0.0144           0.107***       0.0189          0.0352         -0.0219           0.242**       -0.0351           0.133*  
                   (0.40)          (3.31)          (0.58)          (1.16)         (-0.26)          (3.03)         (-0.53)          (2.03)   

stpr_fac93         0.0538          0.0759*         0.0356          0.0660*        -0.0263           0.131         -0.0376          0.0618   
                   (1.44)          (2.26)          (1.04)          (2.09)         (-0.29)          (1.57)         (-0.55)          (0.90)   

stpr_fac94         0.0420           0.119***       0.0101          0.0514           0.148           0.177*          0.108           0.109   
                   (1.23)          (3.88)          (0.32)          (1.78)          (1.82)          (2.33)          (1.71)          (1.75)   

stpr_fac95         0.0146          0.0947**        0.0447          0.0696*         0.0314           0.347***       0.0269           0.233** 
                   (0.37)          (2.71)          (1.26)          (2.12)          (0.34)          (4.01)          (0.38)          (3.28)   

stpr_fac96         0.0236           0.110***       0.0689*         0.0966***       0.0452           0.248***       0.0634           0.199***
                   (0.76)          (3.93)          (2.43)          (3.69)          (0.61)          (3.60)          (1.11)          (3.51)   

stpr_fac97         0.0129          0.0794**        0.0401          0.0559*          0.162*          0.298***        0.166**         0.178** 
                   (0.42)          (2.92)          (1.45)          (2.19)          (2.24)          (4.43)          (2.99)          (3.20)   

stpr_fac98         0.0714*         0.0252          0.0226          0.0458           0.172*          0.208**         0.114           0.162** 
                   (2.13)          (0.84)          (0.74)          (1.62)          (2.15)          (2.78)          (1.86)          (2.64)   

stpr_fac99         0.0737*          0.164***       0.0545           0.100***       0.0512           0.290***       0.0587           0.183** 
                   (2.05)          (5.08)          (1.66)          (3.31)          (0.60)          (3.62)          (0.89)          (2.79)   

stpr_fac100        0.0482          0.0523           0.197***       0.0777*          0.276**         0.154           0.257**        0.0854   
                   (1.09)          (1.31)          (4.86)          (2.08)          (2.61)          (1.56)          (3.17)          (1.05)   

stpr_fac101       -0.0144          0.0276          0.0899*          0.104**        0.0776           0.302**         0.114           0.223** 
                  (-0.32)          (0.67)          (2.15)          (2.69)          (0.71)          (2.97)          (1.37)          (2.67)   

stpr_fac102         0.167***        0.177***        0.204***        0.254***        0.502***        0.563***        0.351***        0.372***
                   (3.54)          (4.19)          (4.72)          (6.39)          (4.47)          (5.37)          (4.06)          (4.31)   

stpr_fac103         0.111**         0.125***       0.0759*         0.0821**         0.138           0.294***        0.124*          0.194** 
                   (3.22)          (4.04)          (2.41)          (2.83)          (1.68)          (3.85)          (1.97)          (3.08)   

_cons             -0.0282         -0.0708*        -0.0355         -0.0588*        -0.0310          -0.230***      -0.0290          -0.141*  
                  (-0.90)         (-2.52)         (-1.24)         (-2.23)         (-0.42)         (-3.31)         (-0.51)         (-2.47)   
--------------------------------------------------------------------------------------------------------------------------------------------
N                    1211            1211            1211            1211            1211            1211            1211            1211   
R-sq                0.256           0.222           0.357           0.282           0.271           0.216           0.259           0.194   
--------------------------------------------------------------------------------------------------------------------------------------------
t statistics in parentheses
* p<0.05, ** p<0.01, *** p<0.001
