--------------------------------------------------------------------------------------------------------------------------------------------
                      (1)             (2)             (3)             (4)             (5)             (6)             (7)             (8)   
             avwage_bac~d    avwage_pre~t    pop_backward     pop_predict    wagebill_b~d    wagebill_p~t    wageemp_ba~d    wageemp_pr~t   
--------------------------------------------------------------------------------------------------------------------------------------------
lncedpi88d~e       -0.121         0.00196         -0.0409          0.0263           0.537**        -0.443**         0.301*         -0.350** 
                  (-1.67)          (0.03)         (-0.69)          (0.47)          (3.09)         (-3.04)          (2.29)         (-2.92)   

stpr_fac1         -0.0184         -0.0365         -0.0683         -0.0369         -0.0584          -0.247*         -0.132          -0.196*  
                  (-0.32)         (-0.70)         (-1.47)         (-0.84)         (-0.43)         (-2.16)         (-1.29)         (-2.09)   

stpr_fac2         -0.0270         -0.0309        -0.00316          0.0567           0.131          -0.218          0.0401          -0.161   
                  (-0.48)         (-0.59)         (-0.07)          (1.30)          (0.96)         (-1.91)          (0.39)         (-1.72)   

stpr_fac3         -0.0180         -0.0705         0.00161          0.0112           0.137          -0.259*         0.0384          -0.179   
                  (-0.31)         (-1.33)          (0.03)          (0.25)          (0.99)         (-2.24)          (0.37)         (-1.88)   

stpr_fac4          0.0266         -0.0257          0.0248          0.0455           0.106          -0.215*        0.00574          -0.169   
                   (0.50)         (-0.52)          (0.57)          (1.11)          (0.83)         (-2.01)          (0.06)         (-1.91)   

stpr_fac5          -0.108         -0.0230         -0.0697        -0.00875           0.251          -0.538***        0.103          -0.539***
                  (-1.51)         (-0.35)         (-1.19)         (-0.16)          (1.46)         (-3.74)          (0.80)         (-4.55)   

stpr_fac6        -0.00790          0.0262           0.202***        0.165**        -0.190         -0.0439          -0.171         -0.0789   
                  (-0.11)          (0.40)          (3.51)          (3.04)         (-1.13)         (-0.31)         (-1.34)         (-0.68)   

stpr_fac7          0.0229          0.0514          0.0149          0.0780           0.137          -0.143          0.0599          -0.120   
                   (0.39)          (0.96)          (0.31)          (1.73)          (0.98)         (-1.22)          (0.57)         (-1.24)   

stpr_fac8          0.0868          0.0474          0.0827          0.0926*         -0.147          -0.210          -0.242*         -0.309***
                   (1.55)          (0.92)          (1.81)          (2.14)         (-1.10)         (-1.87)         (-2.39)         (-3.33)   

stpr_fac9         -0.0247          0.0125         0.00131          0.0320           0.267          -0.232           0.166          -0.191   
                  (-0.41)          (0.23)          (0.03)          (0.69)          (1.86)         (-1.93)          (1.53)         (-1.93)   

stpr_fac10         -0.139*        -0.0948         0.00356         -0.0242          0.0161          -0.264*        -0.0656          -0.245*  
                  (-2.28)         (-1.69)          (0.07)         (-0.51)          (0.11)         (-2.15)         (-0.59)         (-2.43)   

stpr_fac11        0.00117        -0.00891          0.0245          0.0237          0.0557          -0.204         0.00341          -0.158   
                   (0.02)         (-0.18)          (0.57)          (0.59)          (0.44)         (-1.94)          (0.04)         (-1.82)   

stpr_fac12       -0.00365          0.0269          0.0607          0.0897*         0.0593          -0.272**       -0.0132          -0.249** 
                  (-0.07)          (0.56)          (1.42)          (2.23)          (0.47)         (-2.58)         (-0.14)         (-2.88)   

stpr_fac13        -0.0444          0.0153         -0.0266          -0.112*        -0.0112          -0.155          0.0240          -0.186   
                  (-0.74)          (0.28)         (-0.54)         (-2.43)         (-0.08)         (-1.29)          (0.22)         (-1.87)   

o.stpr_fac14            0               0               0               0               0               0               0               0   
                      (.)             (.)             (.)             (.)             (.)             (.)             (.)             (.)   

stpr_fac15         0.0856*        -0.0317         -0.0262         -0.0231         -0.0760          0.0273         -0.0660         0.00845   
                   (2.33)         (-0.94)         (-0.88)         (-0.82)         (-0.86)          (0.37)         (-0.99)          (0.14)   

stpr_fac16         0.0965*        0.00265          0.0434          0.0701*         -0.199          0.0689          -0.220**        0.0354   
                   (2.17)          (0.06)          (1.19)          (2.04)         (-1.87)          (0.77)         (-2.73)          (0.48)   

stpr_fac17        -0.0881         0.00403          0.0358          0.0605          -0.107         -0.0514         -0.0316         -0.0649   
                  (-1.96)          (0.10)          (0.98)          (1.75)         (-1.00)         (-0.57)         (-0.39)         (-0.87)   

stpr_fac18         0.0196         -0.0177          0.0228          0.0469          -0.378***       -0.252**        -0.234**        -0.202** 
                   (0.42)         (-0.41)          (0.60)          (1.31)         (-3.39)         (-2.69)         (-2.77)         (-2.63)   

stpr_fac19         0.0126          0.0586          0.0196          0.0443          0.0868          -0.101         -0.0349         -0.0708   
                   (0.22)          (1.10)          (0.42)          (1.00)          (0.63)         (-0.87)         (-0.33)         (-0.74)   

stpr_fac20         0.0480          0.0725          0.0408          0.0515          0.0811          -0.176         -0.0227          -0.234** 
                   (0.93)          (1.53)          (0.97)          (1.29)          (0.66)         (-1.70)         (-0.24)         (-2.75)   

stpr_fac21          0.105*         0.0149          0.0552           0.119**         0.111         0.00161       -0.000821         -0.0354   
                   (2.16)          (0.33)          (1.39)          (3.17)          (0.95)          (0.02)         (-0.01)         (-0.44)   

stpr_fac22         0.0292        -0.00233          0.0366          0.0533           0.332*         -0.282*         0.0658          -0.251*  
                   (0.42)         (-0.04)          (0.64)          (0.99)          (1.99)         (-2.01)          (0.52)         (-2.17)   

stpr_fac23         0.0464          0.0244        -0.00234          0.0257           0.390*         -0.331*          0.136          -0.281*  
                   (0.65)          (0.37)         (-0.04)          (0.47)          (2.29)         (-2.32)          (1.06)         (-2.39)   

stpr_fac24        -0.0453        -0.00879         0.00257          0.0292        -0.00534          -0.289*        -0.0901          -0.237*  
                  (-0.66)         (-0.14)          (0.05)          (0.55)         (-0.03)         (-2.10)         (-0.72)         (-2.08)   

stpr_fac25         -0.122*        -0.0493          0.0137          0.0634         0.00932          -0.209         -0.0489          -0.144   
                  (-2.05)         (-0.90)          (0.28)          (1.38)          (0.07)         (-1.74)         (-0.45)         (-1.46)   

stpr_fac26         0.0220         -0.0339          0.0614          0.0520          0.0893          -0.110          0.0474          -0.106   
                   (0.32)         (-0.54)          (1.10)          (0.98)          (0.54)         (-0.79)          (0.38)         (-0.94)   

stpr_fac27         -0.103         -0.0466          0.0305          0.0640         -0.0586          -0.223         -0.0258          -0.173   
                  (-1.37)         (-0.67)          (0.50)          (1.10)         (-0.33)         (-1.48)         (-0.19)         (-1.39)   

stpr_fac28       -0.00525         -0.0390          0.0486          0.0684           0.138          -0.258*         0.0452          -0.209*  
                  (-0.10)         (-0.78)          (1.10)          (1.64)          (1.07)         (-2.37)          (0.46)         (-2.34)   

stpr_fac29        -0.0386          0.0299          0.0664          0.0836           0.168        0.000926           0.118         -0.0577   
                  (-0.69)          (0.58)          (1.45)          (1.94)          (1.26)          (0.01)          (1.16)         (-0.62)   

stpr_fac30        -0.0683         -0.0552          0.0180          0.0224          0.0754          -0.336**        0.0230          -0.254** 
                  (-1.23)         (-1.08)          (0.40)          (0.52)          (0.57)         (-3.00)          (0.23)         (-2.76)   

stpr_fac31         0.0898          0.0187          0.0838*         0.0615           0.218         -0.0537          0.0866         -0.0722   
                   (1.86)          (0.42)          (2.13)          (1.65)          (1.89)         (-0.55)          (0.99)         (-0.91)   

stpr_fac32         0.0946*        0.00582         -0.0330         0.00266         -0.0908        -0.00222          -0.103         -0.0498   
                   (2.51)          (0.17)         (-1.07)          (0.09)         (-1.01)         (-0.03)         (-1.51)         (-0.80)   

stpr_fac33         0.0267         -0.0373          -0.222***       -0.241***       -0.223          -0.112          -0.178          -0.143   
                   (0.47)         (-0.71)         (-4.76)         (-5.48)         (-1.63)         (-0.97)         (-1.72)         (-1.52)   

stpr_fac34         0.0609         -0.0608          0.0915*         0.0198          0.0369          -0.200*        -0.0241          -0.167*  
                   (1.25)         (-1.36)          (2.30)          (0.53)          (0.32)         (-2.05)         (-0.27)         (-2.08)   

stpr_fac35        -0.0201          0.0406       -0.000571         0.00932         -0.0345          -0.209         -0.0917          -0.207*  
                  (-0.36)          (0.79)         (-0.01)          (0.22)         (-0.26)         (-1.85)         (-0.90)         (-2.23)   

stpr_fac36        -0.0504         -0.0561          0.0283          0.0529         -0.0618          -0.277**        -0.133          -0.219*  
                  (-0.97)         (-1.17)          (0.66)          (1.32)         (-0.50)         (-2.64)         (-1.41)         (-2.54)   

stpr_fac37         0.0722         -0.0380          0.0230         -0.0357          0.0215          -0.346**        -0.109          -0.291***
                   (1.38)         (-0.79)          (0.54)         (-0.89)          (0.17)         (-3.30)         (-1.16)         (-3.38)   

stpr_fac38        -0.0140        -0.00296         0.00771          0.0335           0.217          -0.211          0.0318          -0.197   
                  (-0.21)         (-0.05)          (0.14)          (0.67)          (1.39)         (-1.61)          (0.27)         (-1.82)   

stpr_fac39        -0.0186        -0.00465        -0.00665          0.0201         -0.0104          -0.252*         -0.106          -0.229*  
                  (-0.30)         (-0.08)         (-0.13)          (0.42)         (-0.07)         (-2.02)         (-0.94)         (-2.23)   

stpr_fac40        -0.0279          0.0521         0.00289          0.0139           0.184          -0.198         0.00896          -0.208*  
                  (-0.44)          (0.89)          (0.06)          (0.28)          (1.21)         (-1.56)          (0.08)         (-1.99)   

stpr_fac41        -0.0381         -0.0303         -0.0308       -0.000300          0.0516          -0.315**       -0.0409          -0.267** 
                  (-0.70)         (-0.60)         (-0.69)         (-0.01)          (0.40)         (-2.88)         (-0.42)         (-2.97)   

stpr_fac42       -0.00818         -0.0373          0.0309          0.0762           0.270          -0.258          0.0726          -0.248*  
                  (-0.11)         (-0.53)          (0.50)          (1.30)          (1.48)         (-1.68)          (0.53)         (-1.97)   

stpr_fac43        -0.0100         -0.0137          0.0100         0.00876          -0.157          -0.133          -0.218**        -0.140   
                  (-0.22)         (-0.33)          (0.27)          (0.25)         (-1.45)         (-1.46)         (-2.66)         (-1.87)   

stpr_fac44        -0.0239         -0.0141          0.0638          0.0722         -0.0802          -0.171          -0.160          -0.115   
                  (-0.46)         (-0.29)          (1.49)          (1.78)         (-0.64)         (-1.62)         (-1.69)         (-1.33)   

stpr_fac45        -0.0214         -0.0437          0.0175          0.0449          -0.118          -0.155          -0.170          -0.196*  
                  (-0.43)         (-0.95)          (0.43)          (1.17)         (-0.99)         (-1.54)         (-1.88)         (-2.38)   

stpr_fac46        -0.0168          0.0132         0.00212          0.0328           0.338*         -0.307*          0.171          -0.249*  
                  (-0.27)          (0.23)          (0.04)          (0.68)          (2.26)         (-2.45)          (1.51)         (-2.42)   

stpr_fac47        -0.0263         -0.0132          0.0467          0.0462         0.00885          -0.184*       -0.00217          -0.150*  
                  (-0.57)         (-0.31)          (1.25)          (1.31)          (0.08)         (-2.00)         (-0.03)         (-1.98)   

stpr_fac48        -0.0118         -0.0401         -0.0187         -0.0119         0.00816         -0.0454          0.0209         -0.0204   
                  (-0.26)         (-0.95)         (-0.50)         (-0.34)          (0.07)         (-0.49)          (0.25)         (-0.27)   

stpr_fac49        -0.0270         -0.0908*        -0.0143         -0.0292          -0.352**        -0.520***       -0.202*         -0.408***
                  (-0.58)         (-2.13)         (-0.38)         (-0.82)         (-3.17)         (-5.59)         (-2.41)         (-5.34)   

stpr_fac50        -0.0289         -0.0402         -0.0128          0.0202           0.130          -0.243         0.00978          -0.214   
                  (-0.41)         (-0.62)         (-0.22)          (0.37)          (0.77)         (-1.72)          (0.08)         (-1.84)   

stpr_fac51      -0.000642        -0.00764        -0.00803        -0.00460          0.0335          -0.285**       -0.0364          -0.235** 
                  (-0.01)         (-0.16)         (-0.19)         (-0.11)          (0.27)         (-2.72)         (-0.39)         (-2.73)   

stpr_fac52         0.0188         -0.0591          0.0252         0.00355          -0.211          -0.287**        -0.194*         -0.241** 
                   (0.38)         (-1.29)          (0.62)          (0.09)         (-1.78)         (-2.87)         (-2.16)         (-2.93)   

stpr_fac53       -0.00737          0.0595          0.0843*         0.0479           0.116          -0.134          0.0436          -0.178*  
                  (-0.15)          (1.33)          (2.12)          (1.28)          (0.99)         (-1.37)          (0.49)         (-2.22)   

stpr_fac54        -0.0703         -0.0364          0.0437          0.0361         -0.0669         -0.0289          -0.101         -0.0721   
                  (-1.25)         (-0.70)          (0.95)          (0.83)         (-0.50)         (-0.25)         (-0.99)         (-0.77)   

stpr_fac55         0.0238         -0.0558         -0.0166          0.0302          0.0916          -0.238*        -0.0443          -0.164   
                   (0.43)         (-1.09)         (-0.37)          (0.71)          (0.69)         (-2.14)         (-0.44)         (-1.79)   

stpr_fac56        -0.0486         0.00207        0.000465        -0.00725          -0.138         -0.0903          -0.133          -0.102   
                  (-1.15)          (0.05)          (0.01)         (-0.22)         (-1.37)         (-1.07)         (-1.74)         (-1.46)   

stpr_fac57        -0.0737         -0.0394          0.0198          0.0274          -0.414**        -0.220          -0.220*         -0.141   
                  (-1.27)         (-0.74)          (0.42)          (0.61)         (-2.98)         (-1.89)         (-2.09)         (-1.47)   

stpr_fac58        -0.0522          -0.118*         0.0322          0.0509          -0.138          -0.338**       -0.0703          -0.266*  
                  (-0.83)         (-2.04)          (0.63)          (1.05)         (-0.92)         (-2.67)         (-0.62)         (-2.56)   

stpr_fac59        -0.0398          0.0252          0.0164          0.0101          -0.152          -0.212*         -0.178*         -0.219** 
                  (-0.80)          (0.55)          (0.41)          (0.26)         (-1.28)         (-2.13)         (-1.99)         (-2.67)   

stpr_fac60        -0.0176        -0.00924          0.0132         -0.0199          -0.129          -0.148          -0.154          -0.147   
                  (-0.38)         (-0.22)          (0.35)         (-0.55)         (-1.16)         (-1.58)         (-1.83)         (-1.90)   

o.stpr_fac61            0               0               0               0               0               0               0               0   
                      (.)             (.)             (.)             (.)             (.)             (.)             (.)             (.)   

stpr_fac62        -0.0180         -0.0158          0.0566          0.0590          0.0435          -0.118         -0.0187          -0.123   
                  (-0.40)         (-0.38)          (1.55)          (1.70)          (0.40)         (-1.31)         (-0.23)         (-1.65)   

stpr_fac63         0.0111         0.00162          0.0294         -0.0235           0.209          -0.142           0.140          -0.119   
                   (0.24)          (0.04)          (0.78)         (-0.66)          (1.88)         (-1.53)          (1.67)         (-1.55)   

stpr_fac64        -0.0165          0.0353        0.000973       -0.000613           0.133          -0.237*         0.0874          -0.191*  
                  (-0.33)          (0.76)          (0.02)         (-0.02)          (1.11)         (-2.36)          (0.96)         (-2.31)   

stpr_fac65         0.0987         -0.0124         -0.0207        -0.00647         -0.0888           0.272**       -0.0465           0.203*  
                   (1.92)         (-0.26)         (-0.49)         (-0.16)         (-0.72)          (2.63)         (-0.50)          (2.38)   

stpr_fac66       -0.00596         -0.0660         -0.0157        -0.00929           0.118          -0.198          0.0114         -0.0500   
                  (-0.09)         (-1.09)         (-0.29)         (-0.18)          (0.75)         (-1.50)          (0.10)         (-0.46)   

stpr_fac67         0.0391         -0.0183          0.0322          0.0478        -0.00609        -0.00637         -0.0138         0.00722   
                   (0.70)         (-0.36)          (0.71)          (1.11)         (-0.05)         (-0.06)         (-0.14)          (0.08)   

stpr_fac68         0.0341         -0.0561          0.0278          0.0246          -0.152          -0.152         -0.0378          -0.100   
                   (0.57)         (-1.01)          (0.57)          (0.53)         (-1.05)         (-1.25)         (-0.35)         (-1.01)   

stpr_fac69         0.0146        -0.00674          0.0229          0.0569          0.0402          -0.167         -0.0662          -0.123   
                   (0.24)         (-0.12)          (0.46)          (1.20)          (0.27)         (-1.35)         (-0.60)         (-1.22)   

stpr_fac70        -0.0572         -0.0504         -0.0247         -0.0351           0.374*         -0.229           0.126          -0.169   
                  (-0.89)         (-0.85)         (-0.47)         (-0.71)          (2.43)         (-1.77)          (1.08)         (-1.59)   

stpr_fac71         0.0459          0.0282         -0.0141        0.000599          -0.322***      -0.0208          -0.243***      -0.0413   
                   (1.15)          (0.77)         (-0.43)          (0.02)         (-3.37)         (-0.26)         (-3.36)         (-0.63)   

stpr_fac72         0.0861*        -0.0375         -0.0163         -0.0363          -0.393***      -0.0351          -0.320***      -0.0359   
                   (2.17)         (-1.02)         (-0.50)         (-1.18)         (-4.12)         (-0.44)         (-4.45)         (-0.55)   

stpr_fac73        0.00730         -0.0813          0.0610          0.0824*          0.146          -0.145          0.0277         -0.0919   
                   (0.15)         (-1.76)          (1.49)          (2.13)          (1.22)         (-1.44)          (0.31)         (-1.11)   

stpr_fac74        -0.0203         0.00863          0.0199          0.0284          -0.315**       -0.0996          -0.266**       -0.0681   
                  (-0.43)          (0.20)          (0.51)          (0.78)         (-2.78)         (-1.05)         (-3.10)         (-0.87)   

stpr_fac75         -0.201**        0.0351         -0.0255         -0.0210          -0.489***       -0.104          -0.327**        -0.150   
                  (-3.27)          (0.62)         (-0.51)         (-0.44)         (-3.31)         (-0.84)         (-2.93)         (-1.48)   

stpr_fac76          0.202**        0.0303           0.113*         0.0857           0.365*         -0.170          0.0505          -0.225*  
                   (3.07)          (0.50)          (2.12)          (1.69)          (2.32)         (-1.29)          (0.42)         (-2.07)   

stpr_fac77         -0.102          0.0210          0.0576         -0.0969           0.152          -0.168           0.187          -0.166   
                  (-1.55)          (0.35)          (1.07)         (-1.91)          (0.97)         (-1.27)          (1.57)         (-1.53)   

stpr_fac78        -0.0624          0.0614          0.0481          0.0714          -0.280          -0.328*         -0.236          -0.270*  
                  (-0.94)          (1.00)          (0.89)          (1.39)         (-1.76)         (-2.46)         (-1.96)         (-2.46)   

stpr_fac79         -0.189**        0.0159         -0.0804         -0.0224          -0.293          -0.151          -0.180          -0.157   
                  (-2.84)          (0.26)         (-1.48)         (-0.44)         (-1.84)         (-1.13)         (-1.50)         (-1.43)   

stpr_fac80         -0.132         -0.0137          0.0415          0.0266          0.0617          -0.312*        0.00899          -0.276*  
                  (-1.95)         (-0.22)          (0.75)          (0.51)          (0.38)         (-2.30)          (0.07)         (-2.47)   

stpr_fac81        0.00958         -0.0265         -0.0248         -0.0368         -0.0189          -0.221**       -0.0615          -0.201** 
                   (0.25)         (-0.76)         (-0.80)         (-1.26)         (-0.21)         (-2.89)         (-0.89)         (-3.20)   

stpr_fac82         0.0263          0.0784         -0.0794          0.0230           0.232          -0.112          0.0722          -0.150   
                   (0.45)          (1.46)         (-1.67)          (0.51)          (1.67)         (-0.96)          (0.69)         (-1.56)   

stpr_fac83         0.0232          0.0195           0.151**         0.206***      -0.0661         -0.0515         -0.0767         0.00682   
                   (0.36)          (0.33)          (2.87)          (4.15)         (-0.43)         (-0.40)         (-0.66)          (0.06)   

stpr_fac84        -0.0410         -0.0319         -0.0189           0.105*         0.0766          -0.303*        -0.0140          -0.269** 
                  (-0.66)         (-0.55)         (-0.37)          (2.18)          (0.51)         (-2.41)         (-0.12)         (-2.60)   

stpr_fac85        -0.0388         -0.0272          0.0233          0.0307         -0.0256          -0.475**       -0.0643          -0.388** 
                  (-0.45)         (-0.34)          (0.33)          (0.46)         (-0.12)         (-2.75)         (-0.41)         (-2.74)   

stpr_fac86        -0.0396       -0.000651         -0.0327          0.0341           0.145          -0.421**       -0.0498          -0.328** 
                  (-0.54)         (-0.01)         (-0.54)          (0.60)          (0.82)         (-2.84)         (-0.37)         (-2.69)   

stpr_fac87        0.00727          0.0151        -0.00287         0.00323         -0.0777          -0.203          -0.124          -0.166   
                   (0.11)          (0.24)         (-0.05)          (0.06)         (-0.47)         (-1.47)         (-1.00)         (-1.47)   

stpr_fac88        -0.0393          0.0109          0.0423          0.0644*        -0.0450          0.0315          0.0153         -0.0935   
                  (-0.98)          (0.30)          (1.30)          (2.10)         (-0.47)          (0.39)          (0.21)         (-1.42)   

stpr_fac89       0.000354         -0.0367         0.00356         -0.0190          -0.117          -0.198*         -0.149          -0.165*  
                   (0.01)         (-0.83)          (0.09)         (-0.51)         (-1.02)         (-2.05)         (-1.72)         (-2.09)   

stpr_fac90        -0.0494         -0.0276         0.00672         0.00961          -0.353**        -0.129          -0.213*         -0.149   
                  (-1.04)         (-0.63)          (0.17)          (0.26)         (-3.10)         (-1.35)         (-2.48)         (-1.89)   

stpr_fac91        -0.0418         -0.0345         0.00336          0.0438         0.00349          -0.216         -0.0195          -0.176   
                  (-0.75)         (-0.67)          (0.07)          (1.02)          (0.03)         (-1.93)         (-0.19)         (-1.92)   

stpr_fac92         0.0493         -0.0148          0.0259        -0.00151         -0.0444          -0.260**       -0.0952          -0.243***
                   (1.11)         (-0.36)          (0.72)         (-0.04)         (-0.42)         (-2.92)         (-1.19)         (-3.33)   

stpr_fac93         0.0844          0.0248          0.0280          0.0308        -0.00141          -0.213*        -0.0189          -0.204** 
                   (1.90)          (0.61)          (0.77)          (0.90)         (-0.01)         (-2.38)         (-0.23)         (-2.78)   

stpr_fac94         0.0179         -0.0328          0.0149         0.00166         0.00238          -0.119         -0.0277         -0.0760   
                   (0.45)         (-0.90)          (0.46)          (0.05)          (0.03)         (-1.49)         (-0.39)         (-1.16)   

stpr_fac95        -0.0176         -0.0256          0.0409          0.0321          0.0150          -0.161         -0.0276          -0.147   
                  (-0.33)         (-0.52)          (0.94)          (0.78)          (0.12)         (-1.50)         (-0.29)         (-1.67)   

stpr_fac96        -0.0575         -0.0259          0.0475          0.0513          -0.176          -0.371***       -0.130          -0.267** 
                  (-1.16)         (-0.57)          (1.18)          (1.35)         (-1.49)         (-3.73)         (-1.45)         (-3.26)   

stpr_fac97        -0.0259        0.000613          0.0121          0.0374          0.0445          -0.134         -0.0274          -0.133   
                  (-0.50)          (0.01)          (0.29)          (0.94)          (0.36)         (-1.29)         (-0.29)         (-1.57)   

stpr_fac98         0.0352          0.0276        -0.00211          0.0259           0.191          -0.224*         0.0400          -0.226*  
                   (0.64)          (0.55)         (-0.05)          (0.61)          (1.46)         (-2.03)          (0.40)         (-2.50)   

stpr_fac99        -0.0402          0.0410          0.0352          0.0523          -0.120          -0.317**        -0.109          -0.247** 
                  (-0.73)          (0.81)          (0.78)          (1.23)         (-0.90)         (-2.85)         (-1.08)         (-2.71)   

stpr_fac100        0.0403        -0.00975           0.150*          0.136*          0.467**        -0.150           0.247         -0.0958   
                   (0.56)         (-0.15)          (2.55)          (2.44)          (2.70)         (-1.04)          (1.89)         (-0.80)   

stpr_fac101       -0.0223         -0.0561          0.0577          0.0897*         0.0609         -0.0284          0.0243          0.0529   
                  (-0.38)         (-1.05)          (1.22)          (2.00)          (0.44)         (-0.24)          (0.23)          (0.55)   

stpr_fac102        0.0159           0.114*         0.0548           0.172***        0.177           0.103           0.126         -0.0161   
                   (0.29)          (2.27)          (1.23)          (4.09)          (1.35)          (0.93)          (1.27)         (-0.18)   

stpr_fac103       -0.0165          0.0240          0.0332          0.0524           0.312*         -0.268*          0.107          -0.211*  
                  (-0.27)          (0.42)          (0.66)          (1.10)          (2.12)         (-2.17)          (0.96)         (-2.07)   

_cons              0.0154          0.0127         -0.0209         -0.0307         -0.0199           0.187*         0.0422           0.162*  
                   (0.33)          (0.30)         (-0.55)         (-0.86)         (-0.18)          (2.01)          (0.50)          (2.12)   
--------------------------------------------------------------------------------------------------------------------------------------------
N                    1211            1211            1211            1211            1211            1211            1211            1211   
R-sq                0.227           0.190           0.248           0.292           0.352           0.225           0.314           0.219   
--------------------------------------------------------------------------------------------------------------------------------------------
t statistics in parentheses
* p<0.05, ** p<0.01, *** p<0.001
