--------------------------------------------------------------------------------------------------------------------------------------------
                      (1)             (2)             (3)             (4)             (5)             (6)             (7)             (8)   
             aginc_back~d    aginc_pred~t    nfincome_b~d    nfincome_p~t    output_bac~d    output_pre~t    percapinc_~d    percapinc_~t   
--------------------------------------------------------------------------------------------------------------------------------------------
lncedpi95d~e       -0.201           0.157         -0.0395         -0.0116        0.000810          0.0137        0.000246         -0.0441   
                  (-1.10)          (0.92)         (-0.38)         (-0.11)          (0.01)          (0.12)          (0.00)         (-0.44)   

stpr_fac1           0.106         -0.0813          0.0197         -0.0370          0.0628          0.0537           0.105*         0.0236   
                   (1.24)         (-1.01)          (0.40)         (-0.77)          (1.47)          (1.02)          (2.31)          (0.50)   

stpr_fac2          0.0387         -0.0618          0.0444         -0.0158          0.0456          0.0188          0.0221         0.00275   
                   (0.42)         (-0.71)          (0.84)         (-0.30)          (0.99)          (0.33)          (0.45)          (0.05)   

stpr_fac3          0.0116         -0.0404          0.0138         -0.0370          0.0120          0.0153          0.0528          0.0198   
                   (0.11)         (-0.40)          (0.22)         (-0.61)          (0.22)          (0.23)          (0.92)          (0.34)   

stpr_fac4          0.0690         -0.0198         0.00518          0.0193          0.0334         -0.0503          0.0107          0.0660   
                   (0.82)         (-0.25)          (0.11)          (0.41)          (0.80)         (-0.98)          (0.24)          (1.44)   

stpr_fac5           0.164          0.0724           0.165*         0.0823          0.0962         -0.0108           0.125        -0.00479   
                   (1.32)          (0.62)          (2.32)          (1.18)          (1.56)         (-0.14)          (1.90)         (-0.07)   

stpr_fac6           0.339*         0.0869           0.151*          0.125           0.107           0.120          0.0115           0.162*  
                   (2.55)          (0.69)          (1.98)          (1.67)          (1.61)          (1.47)          (0.16)          (2.22)   

stpr_fac7          0.0860           0.203*         0.0536           0.104          0.0596          0.0894          0.0543           0.205***
                   (0.83)          (2.08)          (0.90)          (1.78)          (1.16)          (1.41)          (0.99)          (3.62)   

stpr_fac8        -0.00832           0.144        -0.00866           0.118*         0.0651          0.0459        -0.00857           0.111   
                  (-0.08)          (1.47)         (-0.14)          (2.00)          (1.25)          (0.72)         (-0.15)          (1.94)   

stpr_fac9          0.0850          0.0432       -0.000876          0.0703           0.101*         0.0527          0.0330           0.154***
                   (1.02)          (0.55)         (-0.02)          (1.50)          (2.45)          (1.04)          (0.75)          (3.39)   

stpr_fac10        -0.0644          0.0405         -0.0683        0.000700         -0.0320          0.0676          0.0451           0.132*  
                  (-0.62)          (0.41)         (-1.14)          (0.01)         (-0.62)          (1.06)          (0.81)          (2.31)   

stpr_fac11         0.0864       -0.000132         0.00433          0.0153          0.0393        -0.00743          0.0378          0.0273   
                   (0.97)         (-0.00)          (0.08)          (0.31)          (0.89)         (-0.14)          (0.80)          (0.56)   

stpr_fac12          0.160          0.0572          0.0932          0.0854          0.0796          0.0912          0.0585          0.0628   
                   (1.72)          (0.66)          (1.75)          (1.63)          (1.72)          (1.61)          (1.19)          (1.24)   

stpr_fac13        -0.0782          -0.179          -0.146*        -0.0555         -0.0327          0.0380          0.0331          0.0399   
                  (-0.79)         (-1.93)         (-2.57)         (-1.00)         (-0.67)          (0.63)          (0.63)          (0.74)   

stpr_fac14          0.200         -0.0423          0.0703          0.0586          0.0547         -0.0290          0.0947           0.101   
                   (1.70)         (-0.38)          (1.04)          (0.88)          (0.93)         (-0.40)          (1.52)          (1.58)   

stpr_fac15         0.0998         -0.0899         -0.0482          0.0228        -0.00414          0.0652          0.0181           0.119*  
                   (1.02)         (-0.98)         (-0.86)          (0.42)         (-0.09)          (1.09)          (0.35)          (2.22)   

stpr_fac16          0.134          -0.135         -0.0224         0.00501          0.0234         0.00374          0.0114          0.0921   
                   (1.39)         (-1.49)         (-0.40)          (0.09)          (0.49)          (0.06)          (0.22)          (1.74)   

stpr_fac17          0.202*          0.190*         0.0848          0.0870           0.126*         0.0531           0.143**        0.0997   
                   (2.04)          (2.04)          (1.49)          (1.56)          (2.55)          (0.87)          (2.71)          (1.83)   

stpr_fac18         0.0121           0.431***       0.0731          0.0863          0.0896         0.00281         -0.0226           0.215***
                   (0.12)          (4.61)          (1.28)          (1.54)          (1.81)          (0.05)         (-0.43)          (3.95)   

stpr_fac19         0.0958          0.0616           0.101          0.0783           0.134*       -0.00784          0.0986          0.0276   
                   (0.85)          (0.58)          (1.56)          (1.23)          (2.38)         (-0.11)          (1.65)          (0.45)   

stpr_fac20          0.130           0.183          0.0829           0.153*         0.0945          0.0873           0.113*         0.0952   
                   (1.21)          (1.82)          (1.35)          (2.55)          (1.78)          (1.34)          (1.99)          (1.63)   

stpr_fac21          0.281**         0.159           0.201***        0.141**         0.139**        0.0311           0.144**        0.0673   
                   (3.22)          (1.94)          (4.01)          (2.86)          (3.20)          (0.58)          (3.12)          (1.41)   

stpr_fac22          0.138          0.0191          0.0684          0.0549          0.0607         0.00394          0.0730          0.0652   
                   (1.34)          (0.20)          (1.16)          (0.95)          (1.19)          (0.06)          (1.34)          (1.16)   

stpr_fac23          0.210          0.0789           0.126          0.0862           0.194***        0.145*          0.161**         0.124*  
                   (1.84)          (0.74)          (1.93)          (1.35)          (3.42)          (2.09)          (2.68)          (1.98)   

stpr_fac24         0.0831        -0.00821          0.0553          0.0109          0.0770        -0.00456          0.0766          0.0545   
                   (0.74)         (-0.08)          (0.85)          (0.17)          (1.37)         (-0.07)          (1.28)          (0.88)   

stpr_fac25         0.0791          0.0581          0.0612          0.0596          0.0385          0.0580          0.0553          0.0265   
                   (0.67)          (0.52)          (0.90)          (0.90)          (0.65)          (0.80)          (0.88)          (0.41)   

stpr_fac26         0.0952           0.121          0.0637          0.0951          0.0627           0.115          0.0479          0.0768   
                   (0.65)          (0.87)          (0.75)          (1.15)          (0.85)          (1.27)          (0.61)          (0.95)   

o.stpr_fac27            0               0               0               0               0               0               0               0   
                      (.)             (.)             (.)             (.)             (.)             (.)             (.)             (.)   

stpr_fac28        -0.0460           0.132          0.0129          0.0677          0.0512          0.0681        -0.00792           0.109   
                  (-0.39)          (1.18)          (0.19)          (1.01)          (0.86)          (0.94)         (-0.13)          (1.67)   

stpr_fac29          0.194          0.0576           0.164*         0.0819           0.129*        -0.0104           0.144*         0.0452   
                   (1.56)          (0.50)          (2.30)          (1.17)          (2.09)         (-0.14)          (2.20)          (0.67)   

stpr_fac30         0.0484          0.0567          0.0295          0.0257          0.0228          0.0328          0.0584          0.0397   
                   (0.42)          (0.53)          (0.45)          (0.40)          (0.40)          (0.47)          (0.96)          (0.63)   

stpr_fac31          0.189*         0.0322           0.106*          0.101*         0.0663          0.0120          0.0993*         0.0892   
                   (2.21)          (0.40)          (2.16)          (2.09)          (1.56)          (0.23)          (2.19)          (1.91)   

stpr_fac32         0.0482         -0.0922          0.0535        -0.00427          0.0740        -0.00733          0.0460          0.0332   
                   (0.61)         (-1.24)          (1.18)         (-0.10)          (1.88)         (-0.15)          (1.09)          (0.77)   

stpr_fac33         0.0470          0.0816          0.0157           0.164*        -0.0197         -0.0568          0.0120           0.207** 
                   (0.39)          (0.73)          (0.23)          (2.45)         (-0.33)         (-0.78)          (0.19)          (3.18)   

stpr_fac34          0.259**        0.0349           0.150**         0.148**        0.0339         -0.0377           0.103*          0.144** 
                   (2.79)          (0.40)          (2.81)          (2.83)          (0.73)         (-0.66)          (2.10)          (2.82)   

stpr_fac35         0.0743        -0.00217          0.0259          0.0101          0.0138          0.0424          0.0807          0.0790   
                   (0.80)         (-0.02)          (0.48)          (0.19)          (0.30)          (0.75)          (1.64)          (1.55)   

stpr_fac36          0.257*         -0.111           0.137*         0.0256          0.0449         -0.0433          0.0839          0.0519   
                   (2.31)         (-1.06)          (2.15)          (0.41)          (0.81)         (-0.64)          (1.42)          (0.85)   

stpr_fac37          0.106          -0.177        -0.00723          -0.134*         0.0726         -0.0122          0.0364         -0.0496   
                   (1.03)         (-1.84)         (-0.12)         (-2.33)          (1.43)         (-0.19)          (0.67)         (-0.89)   

stpr_fac38         0.0386          0.0160          0.0515          0.0146          0.0375        -0.00960          0.0499          0.0520   
                   (0.43)          (0.19)          (1.00)          (0.29)          (0.84)         (-0.18)          (1.05)          (1.06)   

stpr_fac39         0.0601          0.0611          0.0716          0.0143          0.0781        -0.00836           0.104          0.0603   
                   (0.54)          (0.58)          (1.12)          (0.23)          (1.40)         (-0.12)          (1.75)          (0.99)   

stpr_fac40         0.0494         -0.0483          0.0266         -0.0672          0.0351         -0.0578          0.0953         0.00136   
                   (0.40)         (-0.42)          (0.38)         (-0.98)          (0.58)         (-0.78)          (1.48)          (0.02)   

stpr_fac41         0.0108         -0.0180        -0.00896         -0.0177         -0.0106         -0.0361          0.0588          0.0349   
                   (0.10)         (-0.18)         (-0.15)         (-0.30)         (-0.20)         (-0.56)          (1.05)          (0.60)   

stpr_fac42         0.0743          0.0286          0.0751          0.0135          0.0539         -0.0309           0.105         0.00512   
                   (0.58)          (0.24)          (1.02)          (0.19)          (0.84)         (-0.39)          (1.53)          (0.07)   

stpr_fac43         0.0659          0.0661          0.0278          0.0338          0.0793          0.0993           0.110          0.0829   
                   (0.54)          (0.58)          (0.40)          (0.49)          (1.30)          (1.33)          (1.70)          (1.24)   

stpr_fac44          0.104          0.0459          0.0836          0.0483          0.0637          0.0964          0.0553          0.0387   
                   (0.94)          (0.44)          (1.31)          (0.77)          (1.15)          (1.42)          (0.94)          (0.64)   

stpr_fac45         0.0874          0.0981          0.0841          0.0721          0.0461          0.0751          0.0931          0.0618   
                   (0.73)          (0.87)          (1.22)          (1.06)          (0.77)          (1.02)          (1.46)          (0.94)   

stpr_fac46          0.116          0.0361          0.0224          0.0228          0.0753          0.0514           0.122          0.0203   
                   (0.86)          (0.29)          (0.29)          (0.30)          (1.12)          (0.62)          (1.71)          (0.28)   

stpr_fac47       -0.00101          0.0427          0.0275          0.0554          0.0408          0.0231         0.00783          0.0604   
                  (-0.01)          (0.49)          (0.51)          (1.05)          (0.88)          (0.40)          (0.16)          (1.18)   

stpr_fac48         0.0831           0.103         0.00737          0.0312         0.00677          0.0583          0.0746           0.107   
                   (0.82)          (1.08)          (0.13)          (0.55)          (0.13)          (0.94)          (1.39)          (1.93)   

stpr_fac49         -0.159          -0.175          -0.239***      -0.0954         -0.0828         -0.0778          -0.135*          0.113   
                  (-1.49)         (-1.74)         (-3.90)         (-1.59)         (-1.56)         (-1.19)         (-2.38)          (1.93)   

stpr_fac50         0.0217         0.00974          0.0561         0.00919          0.0161          0.0182          0.0757          0.0351   
                   (0.18)          (0.08)          (0.80)          (0.13)          (0.26)          (0.24)          (1.16)          (0.52)   

stpr_fac51         0.0590         -0.0561         -0.0152        0.000243          0.0397        -0.00716          0.0468          0.0266   
                   (0.67)         (-0.68)         (-0.30)          (0.00)          (0.91)         (-0.13)          (1.01)          (0.55)   

stpr_fac52          0.181*        0.00361          0.0488          0.0103          0.0401         -0.0441           0.148**        0.0367   
                   (1.99)          (0.04)          (0.93)          (0.20)          (0.88)         (-0.79)          (3.06)          (0.74)   

stpr_fac53          0.167         -0.0922          0.0906          0.0281           0.101*         0.0417           0.123**        0.0217   
                   (1.95)         (-1.15)          (1.84)          (0.58)          (2.38)          (0.80)          (2.71)          (0.46)   

stpr_fac54          0.209*        -0.0479          0.0892          0.0104          0.0639          0.0270           0.103         -0.0168   
                   (1.97)         (-0.48)          (1.47)          (0.17)          (1.22)          (0.42)          (1.83)         (-0.29)   

stpr_fac55         0.0696        -0.00278          0.0635          0.0296          0.0563          0.0701          0.0715          0.0520   
                   (0.73)         (-0.03)          (1.17)          (0.56)          (1.19)          (1.21)          (1.42)          (1.00)   

stpr_fac56          0.120         0.00979          0.0259          0.0503          0.0471          0.0701          0.0629           0.144***
                   (1.55)          (0.13)          (0.58)          (1.15)          (1.22)          (1.48)          (1.53)          (3.41)   

stpr_fac57          0.116        -0.00218          0.0504          0.0577          0.0282          0.0507          0.0670          0.0829   
                   (1.11)         (-0.02)          (0.84)          (0.98)          (0.54)          (0.79)          (1.21)          (1.45)   

stpr_fac58        -0.0195          0.0385          0.0242          0.0788         -0.0926         -0.0292         0.00728          0.0813   
                  (-0.19)          (0.39)          (0.40)          (1.33)         (-1.77)         (-0.45)          (0.13)          (1.41)   

stpr_fac59         0.0187          0.0297          0.0681         -0.0172          0.0611          0.0506          0.0826          0.0218   
                   (0.15)          (0.26)          (0.98)         (-0.25)          (1.01)          (0.68)          (1.29)          (0.33)   

stpr_fac60         0.0847         -0.0818         0.00708          0.0270          0.0718         -0.0127          0.0696          0.0394   
                   (1.07)         (-1.10)          (0.16)          (0.61)          (1.82)         (-0.26)          (1.66)          (0.91)   

stpr_fac61          0.166          -0.126          0.0463          0.0223          0.0130         -0.0668          0.0585          0.0734   
                   (1.49)         (-1.21)          (0.73)          (0.36)          (0.24)         (-0.99)          (1.00)          (1.21)   

stpr_fac62         0.0801          0.0511          0.0598          0.0669          0.0258          0.0320          0.0619          0.0725   
                   (0.82)          (0.56)          (1.07)          (1.22)          (0.53)          (0.54)          (1.20)          (1.36)   

stpr_fac63        -0.0450          -0.149         -0.0542         -0.0974          0.0453          -0.118*         0.0425          0.0805   
                  (-0.47)         (-1.67)         (-0.99)         (-1.82)          (0.96)         (-2.03)          (0.84)          (1.55)   

stpr_fac64       -0.00758         -0.0504         -0.0213         -0.0195          0.0572          0.0102          0.0296          0.0571   
                  (-0.08)         (-0.53)         (-0.37)         (-0.34)          (1.14)          (0.17)          (0.56)          (1.04)   

stpr_fac65          0.133         -0.0696          0.0342          0.0203          0.0594         0.00671          0.0612          0.0827   
                   (1.41)         (-0.79)          (0.63)          (0.38)          (1.27)          (0.12)          (1.23)          (1.61)   

stpr_fac66         0.0431          0.0363          0.0251          0.0520          0.0344          0.0722          0.0798          0.0978   
                   (0.34)          (0.30)          (0.34)          (0.73)          (0.54)          (0.93)          (1.19)          (1.41)   

stpr_fac67          0.133           0.122          0.0931           0.109          0.0356          0.0732          0.0956           0.126*  
                   (1.18)          (1.15)          (1.44)          (1.72)          (0.63)          (1.06)          (1.60)          (2.05)   

stpr_fac68         0.0215        -0.00570          0.0276         0.00184          0.0470         0.00541          0.0759          0.0410   
                   (0.17)         (-0.05)          (0.38)          (0.03)          (0.75)          (0.07)          (1.14)          (0.60)   

stpr_fac69          0.112           0.102          0.0899          0.0864          0.0641         0.00329           0.112          0.0807   
                   (0.91)          (0.88)          (1.27)          (1.24)          (1.04)          (0.04)          (1.71)          (1.19)   

stpr_fac70        -0.0939         -0.0421         -0.0736         -0.0682          0.0242        0.000728          0.0480         -0.0122   
                  (-0.75)         (-0.36)         (-1.02)         (-0.96)          (0.39)          (0.01)          (0.72)         (-0.18)   

stpr_fac71         -0.168*          0.175*         0.0514          0.0363        -0.00732          0.0505         -0.0341           0.150** 
                  (-2.00)          (2.22)          (1.06)          (0.77)         (-0.17)          (0.98)         (-0.77)          (3.27)   

stpr_fac72        -0.0284          0.0169          0.0201          0.0103        -0.00179          0.0581         -0.0470           0.183*  
                  (-0.21)          (0.13)          (0.26)          (0.14)         (-0.03)          (0.71)         (-0.66)          (2.49)   

stpr_fac73          0.132        -0.00872          0.0910*         0.0522          0.0265          0.0607          0.0757          0.0604   
                   (1.66)         (-0.12)          (1.99)          (1.16)          (0.67)          (1.25)          (1.79)          (1.38)   

stpr_fac74          0.176*         -0.102          0.0426          0.0177          0.0783          0.0438          0.0529          0.0750   
                   (2.01)         (-1.24)          (0.84)          (0.36)          (1.79)          (0.82)          (1.14)          (1.56)   

stpr_fac75        -0.0921           0.194         -0.0473          0.0264         -0.0327          0.0816          0.0304           0.177** 
                  (-0.76)          (1.70)         (-0.68)          (0.39)         (-0.54)          (1.10)          (0.47)          (2.67)   

stpr_fac76          0.215          0.0933           0.169*         0.0702          0.0484          0.0738           0.169*         0.0800   
                   (1.73)          (0.80)          (2.37)          (1.01)          (0.79)          (0.97)          (2.57)          (1.18)   

stpr_fac77          0.169           0.167          0.0743           0.125*          0.102          0.0971           0.216***        0.209***
                   (1.51)          (1.58)          (1.15)          (1.98)          (1.83)          (1.41)          (3.64)          (3.41)   

stpr_fac78          0.165         -0.0842          0.0933          0.0397           0.112*         0.0223           0.124*     -0.0000242   
                   (1.49)         (-0.81)          (1.47)          (0.64)          (2.04)          (0.33)          (2.12)         (-0.00)   

o.stpr_fac79            0               0               0               0               0               0               0               0   
                      (.)             (.)             (.)             (.)             (.)             (.)             (.)             (.)   

stpr_fac80          0.110          0.0101          0.0536         -0.0381          0.0989*        -0.0518          0.0566          0.0617   
                   (1.33)          (0.13)          (1.13)         (-0.82)          (2.40)         (-1.02)          (1.29)          (1.36)   

stpr_fac81         -0.118         -0.0560         -0.0287          0.0108          0.0353        -0.00551          -0.109*          0.104*  
                  (-1.22)         (-0.62)         (-0.52)          (0.20)          (0.74)         (-0.09)         (-2.13)          (1.96)   

stpr_fac82         0.0525          -0.190*         0.0959         0.00814           0.226***       0.0459          0.0301         -0.0245   
                   (0.57)         (-2.18)          (1.80)          (0.16)          (4.89)          (0.81)          (0.61)         (-0.48)   

stpr_fac83          0.289*         0.0174           0.178*         0.0907          0.0886          0.0130           0.125          0.0348   
                   (2.23)          (0.14)          (2.40)          (1.25)          (1.38)          (0.16)          (1.82)          (0.49)   

stpr_fac84         -0.218          -0.168          -0.145          -0.166          0.0395          0.0782          0.0223         -0.0318   
                  (-1.33)         (-1.09)         (-1.53)         (-1.80)          (0.48)          (0.78)          (0.26)         (-0.35)   

stpr_fac85         0.0248           0.116          0.0690          0.0155          0.0587          0.0786           0.117          0.0187   
                   (0.16)          (0.80)          (0.78)          (0.18)          (0.76)          (0.83)          (1.43)          (0.22)   

stpr_fac86          0.134          0.0390          0.0778          0.0516          0.0714          0.0497           0.103          0.0786   
                   (1.28)          (0.39)          (1.29)          (0.87)          (1.36)          (0.77)          (1.85)          (1.36)   

stpr_fac87         0.0787          0.0403          0.0428          0.0562          0.0709          0.0393          0.0996          0.0850   
                   (0.75)          (0.41)          (0.71)          (0.95)          (1.36)          (0.61)          (1.79)          (1.48)   

stpr_fac88          0.269**       -0.0606           0.115*         0.0167          0.0627         -0.0568          0.0853          0.0550   
                   (2.80)         (-0.67)          (2.08)          (0.31)          (1.31)         (-0.97)          (1.67)          (1.04)   

stpr_fac89        -0.0470       -0.000548         -0.0487        -0.00100         0.00269          0.0278          0.0369          0.0591   
                  (-0.47)         (-0.01)         (-0.85)         (-0.02)          (0.05)          (0.46)          (0.70)          (1.09)   

stpr_fac90         0.0450          -0.119          0.0161         -0.0939          0.0538         -0.0267          0.0779         -0.0202   
                   (0.44)         (-1.25)          (0.28)         (-1.64)          (1.06)         (-0.43)          (1.45)         (-0.36)   

stpr_fac91          0.113          0.0611          0.0787          0.0700          0.0416          0.0484          0.0791          0.0794   
                   (1.21)          (0.70)          (1.47)          (1.34)          (0.90)          (0.85)          (1.60)          (1.56)   

stpr_fac92          0.215*        -0.0189          0.0798          0.0808          0.0773          0.0279           0.133**         0.117*  
                   (2.55)         (-0.24)          (1.64)          (1.70)          (1.83)          (0.54)          (2.98)          (2.54)   

stpr_fac93          0.225**        0.0903           0.119**         0.136**        0.0397           0.113*          0.136**         0.128** 
                   (2.90)          (1.24)          (2.67)          (3.10)          (1.03)          (2.38)          (3.29)          (3.01)   

stpr_fac94          0.211*       -0.00947          0.0263          0.0427          0.0620          0.0263          0.0554           0.121*  
                   (1.96)         (-0.09)          (0.43)          (0.70)          (1.16)          (0.40)          (0.97)          (2.05)   

stpr_fac95          0.109         -0.0295          0.0544        -0.00429          0.0629         -0.0169          0.0805          0.0183   
                   (1.09)         (-0.31)          (0.95)         (-0.08)          (1.26)         (-0.28)          (1.52)          (0.33)   

stpr_fac96          0.121          0.0941          0.0636          0.0833         0.00954          0.0355          0.0856           0.105*  
                   (1.37)          (1.13)          (1.25)          (1.67)          (0.22)          (0.65)          (1.82)          (2.15)   

stpr_fac97         0.0896        -0.00520          0.0799          0.0123          0.0513         -0.0350          0.0609           0.101*  
                   (1.15)         (-0.07)          (1.79)          (0.28)          (1.33)         (-0.74)          (1.48)          (2.37)   

stpr_fac98         0.0920        -0.00984          0.0477          0.0116          0.0746          0.0387          0.0642          0.0397   
                   (1.15)         (-0.13)          (1.04)          (0.26)          (1.88)          (0.79)          (1.52)          (0.91)   

stpr_fac99          0.156           0.123           0.107          0.0988           0.103*         0.0680           0.109*          0.107*  
                   (1.59)          (1.33)          (1.90)          (1.79)          (2.11)          (1.13)          (2.10)          (1.98)   

stpr_fac100        0.0893          0.0473           0.105         -0.0101          0.0104         -0.0501           0.110          0.0119   
                   (0.60)          (0.34)          (1.23)         (-0.12)          (0.14)         (-0.56)          (1.41)          (0.15)   

stpr_fac101         0.114           0.120           0.114          0.0874          0.0452         0.00285          0.0883          0.0495   
                   (0.85)          (0.95)          (1.48)          (1.15)          (0.67)          (0.03)          (1.24)          (0.67)   

stpr_fac102         0.443***        0.109           0.418***        0.143**         0.228***      -0.0298           0.186***       0.0137   
                   (4.54)          (1.18)          (7.46)          (2.60)          (4.69)         (-0.50)          (3.60)          (0.26)   

stpr_fac103        0.0543          0.0768          0.0449          0.0850          0.0635          0.0118          0.0564          0.0713   
                   (0.50)          (0.75)          (0.72)          (1.38)          (1.17)          (0.18)          (0.97)          (1.19)   

_cons             -0.0792         -0.0315         -0.0468         -0.0405         -0.0524         -0.0363         -0.0705         -0.0639   
                  (-0.90)         (-0.38)         (-0.93)         (-0.82)         (-1.20)         (-0.67)         (-1.51)         (-1.33)   
--------------------------------------------------------------------------------------------------------------------------------------------
N                    1211            1211            1211            1211            1211            1211            1211            1211   
R-sq                0.300           0.265           0.351           0.281           0.231           0.198           0.296           0.240   
--------------------------------------------------------------------------------------------------------------------------------------------
t statistics in parentheses
* p<0.05, ** p<0.01, *** p<0.001
