--------------------------------------------------------------------------------------------------------------------------------------------
                      (1)             (2)             (3)             (4)             (5)             (6)             (7)             (8)   
             avwage_bac~d    avwage_pre~t    pop_backward     pop_predict    wagebill_b~d    wagebill_p~t    wageemp_ba~d    wageemp_pr~t   
--------------------------------------------------------------------------------------------------------------------------------------------
lncedp89di~e       0.0209          0.0123          0.0125        0.000324        -0.00851         -0.0325         -0.0236         -0.0239   
                   (1.84)          (1.26)          (1.26)          (0.04)         (-0.29)         (-1.40)         (-1.07)         (-1.24)   

stpr_fac1         -0.0525         -0.0513         -0.0647         -0.0467          -0.378***       0.0254          -0.256***      -0.0160   
                  (-1.39)         (-1.57)         (-1.95)         (-1.54)         (-3.86)          (0.33)         (-3.48)         (-0.25)   

stpr_fac2         -0.0583         -0.0468          0.0153          0.0458          -0.220**        0.0531         -0.0827          0.0131   
                  (-1.84)         (-1.71)          (0.55)          (1.80)         (-2.68)          (0.82)         (-1.34)          (0.24)   

stpr_fac3         -0.0723*        -0.0938***       0.0188        -0.00391          -0.277***     -0.00566          -0.145*       -0.00762   
                  (-2.23)         (-3.35)          (0.66)         (-0.15)         (-3.30)         (-0.09)         (-2.30)         (-0.14)   

stpr_fac4        -0.00903         -0.0345          0.0503          0.0231          -0.231*        -0.0135          -0.145*        -0.0470   
                  (-0.24)         (-1.08)          (1.55)          (0.78)         (-2.41)         (-0.18)         (-2.00)         (-0.74)   

stpr_fac5          -0.141**       -0.0590          -0.107*         0.0116          -0.339*         -0.106          -0.213*         -0.201*  
                  (-2.59)         (-1.26)         (-2.25)          (0.27)         (-2.42)         (-0.95)         (-2.02)         (-2.18)   

stpr_fac6         -0.0467          0.0352           0.163**         0.170**        -0.399*         0.0920          -0.265*        0.00339   
                  (-0.73)          (0.63)          (2.89)          (3.30)         (-2.40)          (0.70)         (-2.12)          (0.03)   

stpr_fac7          0.0145         -0.0615          0.0485          0.0516          -0.153         0.00410         -0.0757          0.0164   
                   (0.36)         (-1.80)          (1.40)          (1.63)         (-1.50)          (0.05)         (-0.98)          (0.24)   

stpr_fac8          0.0368         -0.0165           0.106**        0.0484          -0.421***      -0.0387          -0.335***       -0.160*  
                   (0.85)         (-0.44)          (2.82)          (1.40)         (-3.78)         (-0.44)         (-4.00)         (-2.18)   

stpr_fac9         -0.0211         -0.0120          0.0355       0.0000259          -0.118         0.00422       -0.000623         -0.0270   
                  (-0.61)         (-0.40)          (1.18)          (0.00)         (-1.33)          (0.06)         (-0.01)         (-0.46)   

stpr_fac10         -0.167***       -0.137***       0.0168         -0.0486          -0.343***      -0.0385          -0.223**       -0.0986   
                  (-4.49)         (-4.29)          (0.52)         (-1.64)         (-3.57)         (-0.51)         (-3.10)         (-1.56)   

stpr_fac11        -0.0219         -0.0388          0.0475          0.0113          -0.278***       0.0198          -0.143*       -0.00749   
                  (-0.69)         (-1.42)          (1.72)          (0.45)         (-3.40)          (0.30)         (-2.33)         (-0.14)   

stpr_fac12        -0.0724*       -0.00258          0.0653*         0.0732*         -0.289**       -0.0275          -0.129         -0.0834   
                  (-1.97)         (-0.08)          (2.03)          (2.49)         (-3.04)         (-0.37)         (-1.82)         (-1.34)   

stpr_fac13        -0.0287        -0.00716         -0.0177          -0.137***       -0.442***       0.0394          -0.277**       -0.0392   
                  (-0.63)         (-0.18)         (-0.45)         (-3.76)         (-3.76)          (0.42)         (-3.14)         (-0.51)   

stpr_fac14        -0.0238         0.00550          0.0262         -0.0187          -0.219           0.216         -0.0318           0.101   
                  (-0.44)          (0.12)          (0.55)         (-0.43)         (-1.55)          (1.93)         (-0.30)          (1.09)   

stpr_fac15         0.0974*        -0.0407          0.0377         -0.0309          -0.101          -0.126         -0.0899          -0.115   
                   (2.29)         (-1.11)          (1.01)         (-0.91)         (-0.92)         (-1.45)         (-1.09)         (-1.59)   

stpr_fac16         0.0789         -0.0263          0.0960*         0.0283          -0.279*        -0.0125          -0.263**       -0.0331   
                   (1.77)         (-0.68)          (2.46)          (0.79)         (-2.42)         (-0.14)         (-3.04)         (-0.44)   

stpr_fac17         -0.113**       -0.0778*         0.0345          0.0281          -0.254**        0.0595         -0.0704          0.0518   
                  (-3.10)         (-2.47)          (1.08)          (0.97)         (-2.70)          (0.80)         (-1.00)          (0.84)   

stpr_fac18        -0.0219         -0.0136          0.0388          0.0573          -0.566***      -0.0762          -0.314***       -0.121   
                  (-0.59)         (-0.42)          (1.19)          (1.93)         (-5.91)         (-1.00)         (-4.35)         (-1.92)   

stpr_fac19        -0.0207          0.0704*         0.0596          0.0171          -0.285**         0.150*         -0.151*         0.0984   
                  (-0.57)          (2.25)          (1.88)          (0.59)         (-3.04)          (2.02)         (-2.15)          (1.60)   

stpr_fac20         0.0928**      -0.00924          0.0937**        0.0231         -0.0664         -0.0263         -0.0650         -0.0849   
                   (2.61)         (-0.30)          (3.01)          (0.81)         (-0.72)         (-0.36)         (-0.94)         (-1.41)   

stpr_fac21         0.0984*       -0.00733          0.0875*         0.0962**       -0.0541           0.102         -0.0693          0.0288   
                   (2.50)         (-0.22)          (2.54)          (3.06)         (-0.53)          (1.27)         (-0.91)          (0.43)   

stpr_fac22         0.0293         -0.0511          0.0557          0.0320          -0.144          0.0793          -0.158          0.0318   
                   (0.66)         (-1.33)          (1.43)          (0.90)         (-1.25)          (0.87)         (-1.84)          (0.42)   

o.stpr_fac23            0               0               0               0               0               0               0               0   
                      (.)             (.)             (.)             (.)             (.)             (.)             (.)             (.)   

stpr_fac24        -0.0519         -0.0197          0.0409         0.00516          -0.383**       0.00437          -0.253**       -0.0249   
                  (-1.06)         (-0.46)          (0.95)          (0.13)         (-3.02)          (0.04)         (-2.66)         (-0.30)   

stpr_fac25         -0.139***      -0.0931**        0.0229          0.0550          -0.341**        0.0676          -0.187*         0.0648   
                  (-3.42)         (-2.66)          (0.65)          (1.69)         (-3.26)          (0.81)         (-2.37)          (0.94)   

stpr_fac26        -0.0246          -0.100          0.0446          0.0521         -0.0179         -0.0785          0.0400         -0.0932   
                  (-0.37)         (-1.75)          (0.77)          (0.98)         (-0.10)         (-0.58)          (0.31)         (-0.83)   

stpr_fac27         -0.143*         -0.101          0.0371          0.0457          -0.341          0.0201          -0.129         0.00372   
                  (-2.12)         (-1.73)          (0.63)          (0.85)         (-1.96)          (0.15)         (-0.99)          (0.03)   

stpr_fac28        -0.0354         -0.0727**        0.0882**        0.0427          -0.184*        -0.0341         -0.0693         -0.0476   
                  (-1.09)         (-2.59)          (3.11)          (1.65)         (-2.19)         (-0.51)         (-1.10)         (-0.86)   

stpr_fac29        -0.0378          0.0170           0.105**        0.0477          -0.112           0.264**       -0.0242           0.163*  
                  (-0.92)          (0.48)          (2.91)          (1.45)         (-1.05)          (3.14)         (-0.30)          (2.33)   

stpr_fac30         -0.115***      -0.0618*         0.0262          0.0140          -0.389***      -0.0160          -0.197**       -0.0224   
                  (-3.63)         (-2.25)          (0.94)          (0.55)         (-4.74)         (-0.25)         (-3.19)         (-0.41)   

stpr_fac31         0.0553         -0.0266           0.118***       0.0401         -0.0275         0.00974         -0.0145         -0.0184   
                   (1.44)         (-0.80)          (3.50)          (1.31)         (-0.28)          (0.12)         (-0.19)         (-0.28)   

stpr_fac32         0.0233          0.0121         -0.0118        -0.00784          -0.163          0.0240          -0.108         -0.0588   
                   (0.68)          (0.41)         (-0.40)         (-0.29)         (-1.85)          (0.34)         (-1.64)         (-1.02)   

stpr_fac33        -0.0543         -0.0906*         -0.316***       -0.141***       -0.390**     -0.000843          -0.236*        -0.0718   
                  (-1.11)         (-2.14)         (-7.37)         (-3.58)         (-3.08)         (-0.01)         (-2.48)         (-0.86)   

stpr_fac34        -0.0178         -0.0767*         0.0994**        0.0236          -0.237*         0.0232          -0.133         -0.0233   
                  (-0.45)         (-2.27)          (2.90)          (0.75)         (-2.34)          (0.29)         (-1.75)         (-0.35)   

stpr_fac35        -0.0198         -0.0109          0.0248         -0.0192          -0.340**       0.00203          -0.214**       -0.0659   
                  (-0.48)         (-0.31)          (0.69)         (-0.58)         (-3.21)          (0.02)         (-2.69)         (-0.94)   

stpr_fac36         -0.115**       -0.0523          0.0363          0.0478          -0.269**       -0.0708          -0.149          -0.104   
                  (-2.92)         (-1.54)          (1.05)          (1.52)         (-2.64)         (-0.88)         (-1.94)         (-1.56)   

stpr_fac37         0.0199         0.00905          0.0378         -0.0671          -0.218*         -0.146          -0.180*         -0.202** 
                   (0.46)          (0.24)          (1.01)         (-1.96)         (-1.97)         (-1.66)         (-2.17)         (-2.77)   

stpr_fac38         0.0187         -0.0399          0.0424          0.0165          -0.235**        0.0207          -0.186**       -0.0263   
                   (0.57)         (-1.41)          (1.48)          (0.63)         (-2.77)          (0.31)         (-2.92)         (-0.47)   

stpr_fac39        -0.0259        -0.00363          0.0308        -0.00344          -0.358***       0.0320          -0.242***      -0.0387   
                  (-0.75)         (-0.12)          (1.02)         (-0.13)         (-4.04)          (0.46)         (-3.63)         (-0.66)   

stpr_fac40         0.0730        -0.00199          0.0281         -0.0150          -0.140          0.0493          -0.151*        -0.0404   
                   (1.89)         (-0.06)          (0.83)         (-0.49)         (-1.40)          (0.62)         (-2.02)         (-0.62)   

stpr_fac41       -0.00895         -0.0681*        0.00410         -0.0214          -0.324***      -0.0798          -0.209***       -0.108*  
                  (-0.28)         (-2.45)          (0.15)         (-0.83)         (-3.90)         (-1.21)         (-3.36)         (-1.97)   

stpr_fac42        0.00237         -0.0516          0.0655*         0.0519          -0.273**         0.193*         -0.166*         0.0493   
                   (0.06)         (-1.63)          (2.05)          (1.77)         (-2.88)          (2.57)         (-2.34)          (0.79)   

stpr_fac43        -0.0263         -0.0372          0.0429         -0.0104          -0.393***       0.0529          -0.318***     -0.00389   
                  (-0.85)         (-1.39)          (1.58)         (-0.42)         (-4.90)          (0.83)         (-5.28)         (-0.07)   

stpr_fac44        -0.0973*        -0.0568          0.0481          0.0607          -0.357**        0.0212          -0.221*        0.00145   
                  (-2.12)         (-1.44)          (1.20)          (1.66)         (-3.01)          (0.23)         (-2.49)          (0.02)   

stpr_fac45        -0.0283         -0.0864**        0.0270          0.0325          -0.400***       0.0802          -0.252***      -0.0270   
                  (-0.83)         (-2.93)          (0.90)          (1.19)         (-4.54)          (1.15)         (-3.81)         (-0.47)   

stpr_fac46        -0.0686         -0.0218         0.00939         0.00250          -0.108          0.0668         0.00908          0.0143   
                  (-1.71)         (-0.63)          (0.27)          (0.08)         (-1.04)          (0.82)          (0.12)          (0.21)   

stpr_fac47        -0.0344         -0.0532          0.0683*         0.0219          -0.288***      -0.0178          -0.129*        -0.0460   
                  (-1.03)         (-1.84)          (2.34)          (0.82)         (-3.33)         (-0.26)         (-1.99)         (-0.81)   

stpr_fac48        -0.0472         -0.0426         0.00534         -0.0168          -0.233*          0.103         -0.0755          0.0410   
                  (-1.29)         (-1.35)          (0.17)         (-0.57)         (-2.46)          (1.38)         (-1.06)          (0.66)   

stpr_fac49        -0.0357          -0.112**       0.00385         -0.0577          -0.472***       -0.622***       -0.261**        -0.522***
                  (-0.80)         (-2.89)          (0.10)         (-1.61)         (-4.08)         (-6.79)         (-3.00)         (-6.85)   

stpr_fac50        -0.0627         -0.0571         0.00512        -0.00464          -0.178          0.0889         -0.0908         0.00767   
                  (-1.36)         (-1.43)          (0.13)         (-0.13)         (-1.50)          (0.94)         (-1.02)          (0.10)   

stpr_fac51        -0.0123         -0.0283          0.0174         -0.0224          -0.350***      -0.0864          -0.218***       -0.116*  
                  (-0.38)         (-1.02)          (0.62)         (-0.87)         (-4.23)         (-1.32)         (-3.50)         (-2.13)   

stpr_fac52         0.0223         -0.0397          0.0672*        -0.0116          -0.492***      -0.0707          -0.338***       -0.104   
                   (0.70)         (-1.45)          (2.42)         (-0.46)         (-5.99)         (-1.09)         (-5.48)         (-1.93)   

stpr_fac53        -0.0155          0.0527           0.109***       0.0137          -0.170*         0.0781         -0.0807         -0.0466   
                  (-0.50)          (1.96)          (4.01)          (0.55)         (-2.11)          (1.23)         (-1.34)         (-0.88)   

stpr_fac54        -0.0478         -0.0761          0.0586        -0.00130          -0.310**        0.0629          -0.222*       -0.00380   
                  (-1.05)         (-1.94)          (1.47)         (-0.04)         (-2.64)          (0.68)         (-2.51)         (-0.05)   

stpr_fac55        -0.0227         -0.0800*       -0.00524          0.0135          -0.236*         0.0140          -0.147*       0.000334   
                  (-0.61)         (-2.51)         (-0.16)          (0.46)         (-2.47)          (0.19)         (-2.05)          (0.01)   

stpr_fac56        -0.0648*        -0.0454          0.0140         -0.0251          -0.377***       0.0273          -0.241***     -0.00198   
                  (-2.13)         (-1.73)          (0.53)         (-1.03)         (-4.80)          (0.44)         (-4.09)         (-0.04)   

stpr_fac57        -0.0690         -0.0892*         0.0281          0.0202          -0.606***      -0.0582          -0.290**       -0.0329   
                  (-1.38)         (-2.07)          (0.64)          (0.51)         (-4.71)         (-0.57)         (-3.00)         (-0.39)   

stpr_fac58        -0.0602          -0.162***       0.0457          0.0493          -0.444***       -0.208*         -0.245**        -0.129   
                  (-1.32)         (-4.12)          (1.15)          (1.36)         (-3.78)         (-2.24)         (-2.78)         (-1.67)   

stpr_fac59        -0.0802*         0.0117          0.0202         0.00213          -0.592***       0.0703          -0.433***     -0.00285   
                  (-2.49)          (0.42)          (0.72)          (0.08)         (-7.12)          (1.07)         (-6.92)         (-0.05)   

stpr_fac60        -0.0378         -0.0346          0.0120         -0.0274          -0.398***       0.0234          -0.274***      -0.0337   
                  (-1.11)         (-1.18)          (0.41)         (-1.01)         (-4.54)          (0.34)         (-4.16)         (-0.59)   

stpr_fac61        -0.0886         -0.0129         0.00721         0.00444          0.0422          -0.246*        0.00963          -0.189*  
                  (-1.84)         (-0.31)          (0.17)          (0.12)          (0.34)         (-2.50)          (0.10)         (-2.31)   

stpr_fac62        -0.0643         -0.0526          0.0690*         0.0423          -0.212*         0.0349          -0.124        -0.00805   
                  (-1.87)         (-1.77)          (2.29)          (1.54)         (-2.38)          (0.50)         (-1.85)         (-0.14)   

stpr_fac63        -0.0553         -0.0251          0.0459         -0.0531         -0.0360         -0.0822          0.0121         -0.0942   
                  (-1.34)         (-0.71)          (1.27)         (-1.61)         (-0.34)         (-0.97)          (0.15)         (-1.34)   

stpr_fac64         0.0126          0.0175          0.0334         -0.0195          -0.187          -0.114         -0.0724          -0.120   
                   (0.31)          (0.50)          (0.95)         (-0.60)         (-1.79)         (-1.38)         (-0.92)         (-1.76)   

o.stpr_fac65            0               0               0               0               0               0               0               0   
                      (.)             (.)             (.)             (.)             (.)             (.)             (.)             (.)   

stpr_fac66        -0.0696         -0.0952         -0.0173         -0.0214         -0.0243         -0.0461          0.0648          0.0537   
                  (-1.18)         (-1.88)         (-0.34)         (-0.45)         (-0.16)         (-0.38)          (0.57)          (0.54)   

stpr_fac67         0.0141         -0.0274          0.0702          0.0324          -0.234          0.0934          -0.102          0.0769   
                   (0.30)         (-0.68)          (1.72)          (0.87)         (-1.94)          (0.98)         (-1.12)          (0.97)   

stpr_fac68        -0.0446         -0.0375          0.0570        0.000120          -0.340*         -0.147          -0.105         -0.0864   
                  (-0.81)         (-0.79)          (1.19)          (0.00)         (-2.40)         (-1.31)         (-0.99)         (-0.93)   

stpr_fac69         0.0499        -0.00204          0.0804          0.0303          -0.223         -0.0349          -0.182*        -0.0651   
                   (1.05)         (-0.05)          (1.94)          (0.80)         (-1.82)         (-0.36)         (-1.98)         (-0.81)   

stpr_fac70       0.000965         -0.0770*       -0.00109         -0.0661*         0.0209         -0.0449         -0.0394         -0.0585   
                   (0.02)         (-2.20)         (-0.03)         (-2.04)          (0.20)         (-0.54)         (-0.50)         (-0.85)   

stpr_fac71         0.0641         -0.0133          0.0473         -0.0132          -0.451***      -0.0548          -0.348***      -0.0576   
                   (1.33)         (-0.32)          (1.13)         (-0.34)         (-3.64)         (-0.56)         (-3.74)         (-0.71)   

stpr_fac72         0.0474         -0.0237          0.0252         -0.0314          -0.412**        -0.190          -0.359***       -0.161   
                   (0.97)         (-0.56)          (0.59)         (-0.80)         (-3.25)         (-1.89)         (-3.77)         (-1.92)   

stpr_fac73        0.00103         -0.0884**         0.105***       0.0637*         -0.183*         0.0253          -0.138*         0.0301   
                   (0.03)         (-2.89)          (3.39)          (2.25)         (-1.99)          (0.35)         (-2.00)          (0.50)   

stpr_fac74        -0.0397        -0.00365          0.0374          0.0166          -0.471***       0.0531          -0.284***       0.0239   
                  (-1.07)         (-0.11)          (1.15)          (0.56)         (-4.90)          (0.70)         (-3.93)          (0.38)   

stpr_fac75        -0.0969*         0.0179         0.00943         -0.0556          -0.499***      -0.0818          -0.315**        -0.105   
                  (-1.97)          (0.42)          (0.22)         (-1.41)         (-3.93)         (-0.81)         (-3.30)         (-1.25)   

stpr_fac76          0.166**       -0.0293           0.135**        0.0515           0.159         -0.0622          0.0136          -0.168   
                   (3.01)         (-0.61)          (2.79)          (1.16)          (1.11)         (-0.55)          (0.13)         (-1.79)   

stpr_fac77         -0.153**       -0.0337          0.0748          -0.134**        -0.304*         0.0632         -0.0705          0.0546   
                  (-2.80)         (-0.71)          (1.56)         (-3.07)         (-2.15)          (0.56)         (-0.66)          (0.59)   

stpr_fac78         0.0322         -0.0288          0.0901**        0.0364          -0.698***      0.00939          -0.456***     -0.00493   
                   (0.89)         (-0.92)          (2.84)          (1.26)         (-7.45)          (0.13)         (-6.48)         (-0.08)   

stpr_fac79        -0.0423         -0.0741         -0.0322          0.0134          -0.348*        -0.0275          -0.227*        -0.0258   
                  (-0.77)         (-1.57)         (-0.67)          (0.31)         (-2.46)         (-0.25)         (-2.14)         (-0.28)   

stpr_fac80        -0.0701         -0.0335          0.0718*       -0.00425          -0.339***       0.0211          -0.197**       -0.0293   
                  (-1.93)         (-1.07)          (2.26)         (-0.15)         (-3.62)          (0.28)         (-2.79)         (-0.48)   

stpr_fac81        -0.0378         -0.0338         -0.0319         -0.0341          -0.206*         -0.208**        -0.145*         -0.192***
                  (-1.19)         (-1.23)         (-1.15)         (-1.34)         (-2.50)         (-3.18)         (-2.34)         (-3.54)   

stpr_fac82         0.0232          0.0943*        -0.0329         0.00140         -0.0904          0.0595          -0.102        -0.00594   
                   (0.54)          (2.55)         (-0.88)          (0.04)         (-0.82)          (0.68)         (-1.23)         (-0.08)   

stpr_fac83          0.104*        -0.0876*          0.217***        0.128**        -0.262*         0.0944          -0.139           0.104   
                   (2.07)         (-2.02)          (4.94)          (3.20)         (-2.02)          (0.92)         (-1.43)          (1.22)   

stpr_fac84         0.0257         -0.0851*          0.143***      -0.0218          -0.194        -0.00756         -0.0959         -0.0680   
                   (0.67)         (-2.56)          (4.25)         (-0.71)         (-1.96)         (-0.10)         (-1.29)         (-1.04)   

stpr_fac85        -0.0207         -0.0569          0.0423         0.00549          -0.610***        0.145          -0.311***       0.0479   
                  (-0.48)         (-1.53)          (1.12)          (0.16)         (-5.49)          (1.65)         (-3.72)          (0.66)   

stpr_fac86        -0.0472         -0.0620         -0.0234          0.0167          -0.347**      0.000667          -0.252**       -0.0390   
                  (-1.03)         (-1.57)         (-0.58)          (0.46)         (-2.93)          (0.01)         (-2.84)         (-0.50)   

stpr_fac87       0.000808        -0.00230          0.0168         -0.0200          -0.511***        0.237**        -0.312***        0.158** 
                   (0.02)         (-0.07)          (0.53)         (-0.70)         (-5.51)          (3.23)         (-4.47)          (2.59)   

stpr_fac88        -0.0396         -0.0265          0.0249          0.0842***       -0.167*          0.133*        -0.0529         -0.0658   
                  (-1.26)         (-0.98)          (0.91)          (3.35)         (-2.06)          (2.07)         (-0.87)         (-1.23)   

stpr_fac89         0.0147         -0.0556          0.0432         -0.0386          -0.407***      -0.0755          -0.289***      -0.0990   
                   (0.40)         (-1.75)          (1.34)         (-1.31)         (-4.28)         (-1.00)         (-4.05)         (-1.58)   

stpr_fac90        -0.0613         0.00440          0.0465        -0.00657          -0.574***      -0.0599          -0.360***      -0.0980   
                  (-1.30)          (0.11)          (1.13)         (-0.17)         (-4.72)         (-0.62)         (-3.94)         (-1.23)   

stpr_fac91        -0.0438         -0.0532*         0.0256          0.0305          -0.304***       0.0206          -0.150*        -0.0115   
                  (-1.43)         (-2.02)          (0.96)          (1.25)         (-3.86)          (0.33)         (-2.53)         (-0.22)   

stpr_fac92         0.0186         -0.0212          0.0530         -0.0260          -0.280**        -0.124          -0.202**        -0.153** 
                   (0.55)         (-0.73)          (1.81)         (-0.97)         (-3.23)         (-1.81)         (-3.10)         (-2.69)   

stpr_fac93         0.0492         -0.0441          0.0350          0.0257          -0.261**       -0.0763          -0.146*         -0.109   
                   (1.50)         (-1.55)          (1.22)          (0.98)         (-3.07)         (-1.13)         (-2.29)         (-1.94)   

stpr_fac94       -0.00494         -0.0421          0.0305        -0.00392          -0.132          -0.131         -0.0673          -0.105   
                  (-0.15)         (-1.46)          (1.04)         (-0.15)         (-1.52)         (-1.91)         (-1.04)         (-1.84)   

stpr_fac95        -0.0675         -0.0387          0.0508          0.0157          -0.283**        0.0971          -0.147         0.00794   
                  (-1.66)         (-1.10)          (1.43)          (0.48)         (-2.69)          (1.17)         (-1.86)          (0.11)   

stpr_fac96        -0.0689*        -0.0305          0.0936**        0.0204          -0.496***       -0.198**        -0.303***       -0.151** 
                  (-2.03)         (-1.04)          (3.15)          (0.75)         (-5.65)         (-2.85)         (-4.60)         (-2.61)   

stpr_fac97       -0.00455         -0.0142          0.0603*        0.00930          -0.232**        0.0295          -0.141*        -0.0262   
                  (-0.15)         (-0.53)          (2.21)          (0.37)         (-2.86)          (0.46)         (-2.32)         (-0.49)   

stpr_fac98         0.0192         -0.0266          0.0110         0.00387          -0.163         -0.0269          -0.110         -0.0706   
                   (0.59)         (-0.95)          (0.39)          (0.15)         (-1.94)         (-0.40)         (-1.74)         (-1.28)   

stpr_fac99        -0.0131          0.0361          0.0830*         0.0305          -0.431***       -0.156          -0.281***       -0.152*  
                  (-0.31)          (0.99)          (2.25)          (0.91)         (-3.96)         (-1.81)         (-3.43)         (-2.12)   

stpr_fac100        0.0527         -0.0416           0.214***       0.0785*         0.0277           0.109          0.0548          0.0810   
                   (1.29)         (-1.18)          (5.99)          (2.40)          (0.26)          (1.31)          (0.69)          (1.16)   

stpr_fac101       -0.0364         -0.0749          0.0586          0.0860*         -0.188           0.207*        -0.0636           0.203** 
                  (-0.82)         (-1.95)          (1.51)          (2.41)         (-1.63)          (2.27)         (-0.74)          (2.68)   

stpr_fac102       -0.0159           0.136***        0.104**         0.182***      -0.0376           0.316***       0.0510           0.117   
                  (-0.35)          (3.47)          (2.61)          (5.00)         (-0.32)          (3.40)          (0.58)          (1.52)   

stpr_fac103        0.0511        -0.00584          0.0763**        0.0201         -0.0931         -0.0162         -0.0702         -0.0293   
                   (1.52)         (-0.20)          (2.60)          (0.75)         (-1.07)         (-0.24)         (-1.08)         (-0.51)   

_cons              0.0311          0.0398         -0.0415         -0.0141           0.283***     -0.00834           0.173***       0.0250   
                   (1.18)          (1.76)         (-1.80)         (-0.67)          (4.17)         (-0.16)          (3.40)          (0.56)   
--------------------------------------------------------------------------------------------------------------------------------------------
N                    1211            1211            1211            1211            1211            1211            1211            1211   
R-sq                0.253           0.231           0.299           0.267           0.330           0.247           0.309           0.224   
--------------------------------------------------------------------------------------------------------------------------------------------
t statistics in parentheses
* p<0.05, ** p<0.01, *** p<0.001
