--------------------------------------------------------------------------------------------------------------------------------------------
                      (1)             (2)             (3)             (4)             (5)             (6)             (7)             (8)   
             aginc_back~d    aginc_pred~t    nfincome_b~d    nfincome_p~t    output_bac~d    output_pre~t    percapinc_~d    percapinc_~t   
--------------------------------------------------------------------------------------------------------------------------------------------
lnfrng04di~e       -0.463***        0.180         -0.0422          0.0919         -0.0337         -0.0106          -0.226**         0.210** 
                  (-4.07)          (1.56)         (-0.65)          (1.35)         (-0.44)         (-0.12)         (-3.22)          (2.81)   

stpr_fac1           0.108         -0.0852          -0.146***     -0.00248         -0.0690          0.0343          0.0412         -0.0938*  
                   (1.51)         (-1.18)         (-3.57)         (-0.06)         (-1.44)          (0.63)          (0.93)         (-2.00)   

stpr_fac2           0.426***       -0.144         -0.0307         -0.0178         -0.0311          0.0365           0.197***       -0.170** 
                   (5.39)         (-1.80)         (-0.68)         (-0.38)         (-0.59)          (0.61)          (4.04)         (-3.29)   

stpr_fac3           0.129*        -0.0409         -0.0703         -0.0287         -0.0767         -0.0108          0.0500         -0.0714   
                   (1.97)         (-0.62)         (-1.87)         (-0.73)         (-1.74)         (-0.22)          (1.23)         (-1.66)   

stpr_fac4           0.418***       0.0378          0.0140          0.0439         -0.0366          0.0412           0.165***       -0.113*  
                   (5.46)          (0.49)          (0.32)          (0.96)         (-0.72)          (0.71)          (3.49)         (-2.26)   

stpr_fac5           0.132         -0.0443         -0.0377          0.0771          -0.167**         0.131*         0.0992          0.0280   
                   (1.57)         (-0.52)         (-0.79)          (1.53)         (-2.98)          (2.06)          (1.92)          (0.51)   

stpr_fac6           0.458***      -0.0990          0.0238          0.0432          0.0638           0.107           0.157*      -0.000340   
                   (4.01)         (-0.86)          (0.36)          (0.63)          (0.84)          (1.23)          (2.22)         (-0.00)   

stpr_fac7           0.189*        -0.0170          0.0348          0.0396         -0.0320          0.0944          0.0953*        -0.0737   
                   (2.44)         (-0.22)          (0.79)          (0.85)         (-0.62)          (1.61)          (1.99)         (-1.46)   

stpr_fac8           0.302***      -0.0902          0.0659         -0.0502         -0.0208          0.0529          0.0985*        -0.0790   
                   (3.79)         (-1.12)          (1.45)         (-1.05)         (-0.39)          (0.88)          (2.01)         (-1.52)   

stpr_fac9           0.377***       -0.223**       -0.0327         -0.0733         -0.0133          0.0252           0.198***       -0.185***
                   (4.78)         (-2.79)         (-0.73)         (-1.55)         (-0.25)          (0.42)          (4.07)         (-3.59)   

stpr_fac10          0.168*         -0.139         -0.0800         -0.0317        -0.00548           0.117*         0.0972*        -0.0813   
                   (2.35)         (-1.92)         (-1.95)         (-0.74)         (-0.11)          (2.16)          (2.20)         (-1.74)   

stpr_fac11          0.261***      -0.0590         -0.0447          0.0414         -0.0157          0.0391          0.0854*        -0.0567   
                   (3.99)         (-0.89)         (-1.19)          (1.06)         (-0.36)          (0.79)          (2.12)         (-1.33)   

stpr_fac12          0.282***       0.0123         -0.0325          0.0633         -0.0519          0.0783          0.0500         -0.0831   
                   (4.05)          (0.17)         (-0.82)          (1.52)         (-1.11)          (1.48)          (1.16)         (-1.83)   

stpr_fac13          0.401***       -0.175         -0.0416         -0.0272          0.0607          0.0673           0.255***       -0.124*  
                   (4.42)         (-1.90)         (-0.80)         (-0.50)          (1.00)          (0.98)          (4.56)         (-2.08)   

stpr_fac14          0.445***       -0.194          0.0122         -0.0651          0.0911         -0.0804           0.169**        -0.196** 
                   (4.46)         (-1.92)          (0.21)         (-1.09)          (1.37)         (-1.06)          (2.74)         (-3.01)   

stpr_fac15          0.502***      -0.0817         -0.0281          0.0153           0.149**         0.100           0.204***      -0.0966   
                   (6.13)         (-0.99)         (-0.60)          (0.31)          (2.73)          (1.61)          (4.04)         (-1.80)   

stpr_fac16          0.160*         0.0467         -0.0326          0.0270         -0.0321          0.0910           0.108*        -0.0191   
                   (2.08)          (0.60)         (-0.75)          (0.59)         (-0.63)          (1.57)          (2.29)         (-0.38)   

stpr_fac17          0.357***       -0.337***     -0.00907          0.0399         -0.0171          0.0463           0.172***       -0.228***
                   (4.30)         (-4.01)         (-0.19)          (0.80)         (-0.31)          (0.73)          (3.36)         (-4.19)   

stpr_fac18        -0.0541          0.0396         -0.0856           0.134**       -0.0731          0.0142          -0.117*         0.0341   
                  (-0.63)          (0.46)         (-1.74)          (2.60)         (-1.27)          (0.22)         (-2.22)          (0.61)   

stpr_fac19       -0.00760           0.127         -0.0905          0.0335         -0.0993        -0.00213         -0.0604          0.0715   
                  (-0.08)          (1.40)         (-1.76)          (0.62)         (-1.65)         (-0.03)         (-1.09)          (1.21)   

stpr_fac20          0.177*        -0.0783          0.0201         -0.0733          0.0305         -0.0405          0.0161          -0.115*  
                   (2.15)         (-0.94)          (0.43)         (-1.49)          (0.55)         (-0.65)          (0.32)         (-2.14)   

stpr_fac21          0.153         -0.0266         -0.0543          0.0171         -0.0507          -0.101         -0.0109          0.0258   
                   (1.77)         (-0.30)         (-1.10)          (0.33)         (-0.88)         (-1.55)         (-0.20)          (0.46)   

stpr_fac22          0.240**       -0.0112         -0.0259          0.0308         -0.0621          0.0255          0.0532         -0.0637   
                   (3.03)         (-0.14)         (-0.57)          (0.65)         (-1.17)          (0.42)          (1.09)         (-1.23)   

stpr_fac23          0.143          -0.104         -0.0523         -0.0620         -0.0133         -0.0500          0.0605          -0.130*  
                   (1.60)         (-1.15)         (-1.03)         (-1.16)         (-0.22)         (-0.74)          (1.10)         (-2.23)   

stpr_fac24          0.114          0.0302         -0.0752          0.0862         -0.0890          0.0365        -0.00169         -0.0175   
                   (1.26)          (0.33)         (-1.46)          (1.60)         (-1.48)          (0.53)         (-0.03)         (-0.30)   

stpr_fac25        -0.0437          0.0915         -0.0574           0.112         -0.0704          0.0386         -0.0951          0.0542   
                  (-0.42)          (0.86)         (-0.96)          (1.79)         (-1.01)          (0.49)         (-1.47)          (0.79)   

stpr_fac26        -0.0529         -0.0144         -0.0584         -0.0485        0.000345         -0.0168         -0.0606         -0.0538   
                  (-0.41)         (-0.11)         (-0.79)         (-0.62)          (0.00)         (-0.17)         (-0.76)         (-0.63)   

o.stpr_fac27            0               0               0               0               0               0               0               0   
                      (.)             (.)             (.)             (.)             (.)             (.)             (.)             (.)   

stpr_fac28          0.477***       -0.159          0.0498         -0.0554          0.0108         0.00809           0.206***       -0.227***
                   (5.75)         (-1.89)          (1.05)         (-1.11)          (0.20)          (0.13)          (4.03)         (-4.19)   

stpr_fac29          0.154          0.0219         0.00516          0.0267         -0.0763          0.0845          0.0595         0.00636   
                   (1.76)          (0.25)          (0.10)          (0.51)         (-1.31)          (1.28)          (1.11)          (0.11)   

stpr_fac30          0.123          0.0204         -0.0249          0.0459         -0.0347          0.0222         0.00978        0.000423   
                   (1.57)          (0.26)         (-0.56)          (0.98)         (-0.66)          (0.37)          (0.20)          (0.01)   

stpr_fac31          0.193*        -0.0456          0.0112         0.00557         -0.0596          0.0185          0.0339         -0.0681   
                   (2.57)         (-0.60)          (0.26)          (0.12)         (-1.18)          (0.32)          (0.73)         (-1.38)   

stpr_fac32         0.0711          0.0109          -0.117**       -0.0252          -0.108*         0.0202          0.0137         -0.0537   
                   (1.05)          (0.16)         (-3.01)         (-0.62)         (-2.38)          (0.39)          (0.33)         (-1.21)   

stpr_fac33          0.646***       -0.300**        0.0473          -0.107          0.0152         -0.0137           0.212***       -0.209** 
                   (6.36)         (-2.92)          (0.81)         (-1.76)          (0.22)         (-0.18)          (3.39)         (-3.15)   

stpr_fac34          0.321***       0.0115          0.0488          0.0106         -0.0693          0.0983           0.112*         -0.142** 
                   (4.39)          (0.16)          (1.17)          (0.24)         (-1.42)          (1.78)          (2.50)         (-2.96)   

stpr_fac35          0.256***       -0.106          -0.107*        -0.0642        -0.00196         -0.0250           0.125**       -0.0561   
                   (3.32)         (-1.36)         (-2.43)         (-1.39)         (-0.04)         (-0.43)          (2.63)         (-1.11)   

stpr_fac36          0.219**        -0.107        -0.00586         -0.0646         -0.0663         -0.0100           0.116*         -0.133** 
                   (3.00)         (-1.45)         (-0.14)         (-1.47)         (-1.36)         (-0.18)          (2.57)         (-2.78)   

stpr_fac37          0.202*       -0.00750          -0.124**        0.0743          -0.119*         0.0813          0.0194          0.0177   
                   (2.53)         (-0.09)         (-2.72)          (1.56)         (-2.23)          (1.35)          (0.39)          (0.34)   

stpr_fac38          0.274***      -0.0232         -0.0281          0.0382         -0.0549          0.0358           0.101*        -0.0510   
                   (4.21)         (-0.35)         (-0.76)          (0.98)         (-1.26)          (0.73)          (2.51)         (-1.20)   

stpr_fac39          0.210**       -0.0446         -0.0646         0.00169        -0.00274          0.0244          0.0567         -0.0530   
                   (3.07)         (-0.64)         (-1.65)          (0.04)         (-0.06)          (0.47)          (1.34)         (-1.18)   

stpr_fac40          0.201**        -0.118         -0.0447        -0.00154          0.0408         -0.0762          0.0809         -0.0448   
                   (2.79)         (-1.62)         (-1.09)         (-0.04)          (0.85)         (-1.39)          (1.82)         (-0.95)   

stpr_fac41          0.196**       -0.0636         -0.0413        -0.00335         -0.0131        -0.00539          0.0799*        -0.0535   
                   (3.07)         (-0.99)         (-1.13)         (-0.09)         (-0.31)         (-0.11)          (2.03)         (-1.28)   

stpr_fac42          0.145*        0.00624         -0.0645         0.00697         -0.0518          0.0190          0.0118         -0.0514   
                   (2.04)          (0.09)         (-1.58)          (0.16)         (-1.09)          (0.35)          (0.27)         (-1.10)   

stpr_fac43          0.193**       -0.0863         -0.0539         -0.0405         -0.0304         -0.0734          0.0770          -0.115** 
                   (2.99)         (-1.32)         (-1.46)         (-1.05)         (-0.70)         (-1.50)          (1.93)         (-2.72)   

stpr_fac44          0.241**       -0.0584         -0.0260         -0.0169         -0.0214         0.00676          0.0740          -0.129** 
                   (3.28)         (-0.79)         (-0.62)         (-0.38)         (-0.44)          (0.12)          (1.63)         (-2.68)   

stpr_fac45          0.245***      -0.0560        -0.00262         0.00200         -0.0212         0.00335          0.0999*        -0.0916*  
                   (3.69)         (-0.84)         (-0.07)          (0.05)         (-0.48)          (0.07)          (2.45)         (-2.12)   

stpr_fac46          0.261***       -0.123         -0.0630        -0.00712         -0.0362          0.0108          0.0912*         -0.118** 
                   (3.94)         (-1.84)         (-1.67)         (-0.18)         (-0.82)          (0.22)          (2.24)         (-2.74)   

stpr_fac47          0.215**        -0.111         -0.0705         -0.0105         -0.0989*         0.0662          0.0842*         -0.111*  
                   (3.24)         (-1.66)         (-1.86)         (-0.26)         (-2.23)          (1.32)          (2.06)         (-2.55)   

stpr_fac48          0.261***       -0.105         -0.0789*        -0.0547         -0.0406         0.00659           0.117**        -0.101*  
                   (3.78)         (-1.51)         (-2.00)         (-1.32)         (-0.88)          (0.13)          (2.74)         (-2.23)   

stpr_fac49          0.434***       -0.396***       -0.190***       -0.189***       0.0148           0.109           0.208***       -0.223***
                   (4.86)         (-4.39)         (-3.72)         (-3.54)          (0.25)          (1.61)          (3.77)         (-3.81)   

stpr_fac50          0.237**       -0.0868         -0.0683       -0.000572         -0.0326          0.0277          0.0954         -0.0948   
                   (2.87)         (-1.04)         (-1.45)         (-0.01)         (-0.59)          (0.44)          (1.87)         (-1.75)   

stpr_fac51          0.209**       -0.0317         -0.0511          0.0133         -0.0148          0.0229          0.0774         -0.0306   
                   (3.21)         (-0.48)         (-1.37)          (0.34)         (-0.34)          (0.47)          (1.93)         (-0.72)   

stpr_fac52         0.0549          0.0842         -0.0512          0.0305          0.0146          0.0176         -0.0222          0.0138   
                   (0.86)          (1.30)         (-1.40)          (0.80)          (0.34)          (0.36)         (-0.56)          (0.33)   

stpr_fac53          0.268***       0.0221         -0.0681         -0.0216         -0.0353          0.0283          0.0759        0.000837   
                   (4.16)          (0.34)         (-1.85)         (-0.56)         (-0.82)          (0.58)          (1.91)          (0.02)   

stpr_fac54          0.136         -0.0266          -0.190***      -0.0214          -0.159**      -0.00936          0.0196        -0.00420   
                   (1.64)         (-0.32)         (-4.01)         (-0.43)         (-2.86)         (-0.15)          (0.38)         (-0.08)   

stpr_fac55          0.257***      0.00346         -0.0127          0.0574         -0.0529          0.0525          0.0988*        -0.0358   
                   (3.77)          (0.05)         (-0.32)          (1.41)         (-1.16)          (1.02)          (2.35)         (-0.80)   

stpr_fac56          0.387***      -0.0933         -0.0640         -0.0230         -0.0586           0.100           0.173***       -0.100*  
                   (5.40)         (-1.29)         (-1.56)         (-0.53)         (-1.22)          (1.84)          (3.91)         (-2.14)   

stpr_fac57          0.179*        -0.0395          -0.104*         0.0279          -0.105          0.0470          0.0893         -0.0419   
                   (2.04)         (-0.44)         (-2.07)          (0.53)         (-1.78)          (0.71)          (1.65)         (-0.73)   

stpr_fac58          0.289***       -0.100         -0.0146         0.00382         -0.0596        -0.00112          0.0601         -0.0749   
                   (3.48)         (-1.19)         (-0.31)          (0.08)         (-1.07)         (-0.02)          (1.17)         (-1.38)   

stpr_fac59         0.0684           0.102         -0.0294          0.0943*        -0.0448          0.0691         0.00986          0.0321   
                   (0.91)          (1.34)         (-0.68)          (2.08)         (-0.89)          (1.21)          (0.21)          (0.65)   

stpr_fac60          0.299***      -0.0745         0.00318         -0.0558          0.0227          0.0322           0.104*        -0.0771   
                   (4.37)         (-1.08)          (0.08)         (-1.36)          (0.50)          (0.62)          (2.47)         (-1.73)   

stpr_fac61          0.460***      -0.0992         -0.0144         -0.0173         -0.0319          0.0655           0.185**        -0.133*  
                   (4.75)         (-1.01)         (-0.26)         (-0.30)         (-0.49)          (0.89)          (3.11)         (-2.10)   

stpr_fac62          0.373***       0.0245          0.0614          0.0294          0.0480          0.0720           0.159***      -0.0418   
                   (5.56)          (0.36)          (1.60)          (0.73)          (1.07)          (1.41)          (3.84)         (-0.95)   

stpr_fac63          0.223**        -0.226**       -0.0735          -0.141**        0.0209          0.0584           0.152**        -0.166***
                   (2.90)         (-2.91)         (-1.67)         (-3.06)          (0.41)          (1.00)          (3.20)         (-3.31)   

stpr_fac64          0.187*        -0.0366         -0.0496         0.00898         -0.0744          0.0669           0.111*       -0.00510   
                   (2.56)         (-0.49)         (-1.19)          (0.20)         (-1.52)          (1.21)          (2.45)         (-0.11)   

stpr_fac65          0.355***      -0.0774         -0.0413          0.0136         -0.0471          0.0214           0.160**        -0.102   
                   (4.15)         (-0.89)         (-0.84)          (0.27)         (-0.82)          (0.33)          (3.02)         (-1.81)   

stpr_fac66          0.177          -0.126         -0.0405         -0.0546         -0.0268         -0.0409           0.108          -0.100   
                   (1.84)         (-1.30)         (-0.74)         (-0.95)         (-0.42)         (-0.56)          (1.82)         (-1.59)   

stpr_fac67          0.154          0.0115         -0.0653          0.0670         -0.0618          0.0275          0.0317         -0.0326   
                   (1.83)          (0.14)         (-1.35)          (1.33)         (-1.10)          (0.43)          (0.61)         (-0.59)   

stpr_fac68          0.196*        -0.0100         -0.0270          0.0202         -0.0879          0.0195          0.0808         -0.0350   
                   (2.04)         (-0.10)         (-0.49)          (0.35)         (-1.37)          (0.27)          (1.36)         (-0.56)   

stpr_fac69          0.240**        -0.141         -0.0235         -0.0342         -0.0560         -0.0240          0.0701          -0.129*  
                   (2.90)         (-1.68)         (-0.50)         (-0.69)         (-1.01)         (-0.38)          (1.37)         (-2.38)   

stpr_fac70          0.211**      -0.00814         -0.0712         0.00442          -0.115*          0.112*         0.0760         -0.0861   
                   (2.84)         (-0.11)         (-1.67)          (0.10)         (-2.31)          (1.98)          (1.65)         (-1.77)   

stpr_fac71          0.326***      -0.0444         -0.0202         -0.0334         -0.0326         -0.0396           0.156***      -0.0874   
                   (4.63)         (-0.62)         (-0.50)         (-0.79)         (-0.69)         (-0.74)          (3.58)         (-1.90)   

stpr_fac72          0.419***       -0.121         -0.0883*        -0.0682         -0.0617         -0.0216           0.207***       -0.131** 
                   (5.50)         (-1.57)         (-2.03)         (-1.49)         (-1.21)         (-0.37)          (4.41)         (-2.62)   

stpr_fac73          0.218**       -0.0172         -0.0169         -0.0112         -0.0279          0.0107          0.0781         -0.0942*  
                   (3.29)         (-0.26)         (-0.45)         (-0.28)         (-0.63)          (0.21)          (1.91)         (-2.18)   

stpr_fac74          0.323***       -0.145         -0.0508         -0.0209         0.00492         0.00250           0.126*         -0.170** 
                   (4.00)         (-1.78)         (-1.10)         (-0.43)          (0.09)          (0.04)          (2.53)         (-3.21)   

stpr_fac75          0.171          0.0895         -0.0890         -0.0147          -0.113         -0.0148          0.0521          0.0300   
                   (1.95)          (1.01)         (-1.78)         (-0.28)         (-1.93)         (-0.22)          (0.96)          (0.52)   

stpr_fac76          0.225*         -0.149         -0.0484         -0.0538          -0.103          0.0405          0.0432          -0.190** 
                   (2.35)         (-1.54)         (-0.88)         (-0.94)         (-1.61)          (0.56)          (0.73)         (-3.04)   

stpr_fac77          0.429***       0.0103         -0.0690          0.0368         -0.0387           0.175*          0.175**       -0.0404   
                   (4.30)          (0.10)         (-1.21)          (0.62)         (-0.58)          (2.32)          (2.84)         (-0.62)   

stpr_fac78          0.184**        -0.376***      -0.0194          -0.111**       -0.0310         -0.0378          0.0882*         -0.286***
                   (2.62)         (-5.27)         (-0.48)         (-2.63)         (-0.66)         (-0.71)          (2.03)         (-6.21)   

o.stpr_fac79            0               0               0               0               0               0               0               0   
                      (.)             (.)             (.)             (.)             (.)             (.)             (.)             (.)   

stpr_fac80          0.236**        -0.250***      -0.0762         -0.0869*         -0.104*        -0.0515          0.0807          -0.150** 
                   (3.26)         (-3.42)         (-1.84)         (-2.00)         (-2.16)         (-0.94)          (1.81)         (-3.18)   

stpr_fac81          0.525***       -0.213**        -0.124**      -0.00642         -0.0543          0.0737           0.198***       -0.150** 
                   (7.07)         (-2.84)         (-2.93)         (-0.14)         (-1.09)          (1.31)          (4.32)         (-3.08)   

stpr_fac82          0.575***       -0.218**       -0.0800         -0.0275          -0.124*         0.0557           0.320***       -0.124*  
                   (7.26)         (-2.72)         (-1.77)         (-0.58)         (-2.35)          (0.93)          (6.55)         (-2.39)   

stpr_fac83         0.0187           0.226*         0.0366          0.0566          -0.158*          0.141          0.0181         -0.0176   
                   (0.19)          (2.25)          (0.64)          (0.95)         (-2.38)          (1.88)          (0.30)         (-0.27)   

stpr_fac84        -0.0572        -0.00155          -0.127**       -0.0699          -0.207***       0.0343          0.0425         -0.0979   
                  (-0.68)         (-0.02)         (-2.66)         (-1.39)         (-3.70)          (0.54)          (0.82)         (-1.79)   

stpr_fac85          0.116          0.0824       -0.000795          0.0272         0.00368           0.104          0.0163         -0.0373   
                   (1.34)          (0.94)         (-0.02)          (0.53)          (0.06)          (1.59)          (0.31)         (-0.66)   

stpr_fac86          0.204**       -0.0524         -0.0556        -0.00591         -0.0907        -0.00753          0.0812         -0.0703   
                   (2.74)         (-0.69)         (-1.30)         (-0.13)         (-1.82)         (-0.13)          (1.76)         (-1.44)   

stpr_fac87          0.240***      -0.0600         -0.0185         -0.0216         -0.0704          0.0347          0.0958*        -0.0784   
                   (3.45)         (-0.85)         (-0.47)         (-0.52)         (-1.51)          (0.66)          (2.23)         (-1.72)   

stpr_fac88          0.535***       0.0117          0.0847*        0.00437          0.0384           0.123*          0.245***      -0.0383   
                   (7.58)          (0.16)          (2.10)          (0.10)          (0.81)          (2.30)          (5.63)         (-0.83)   

stpr_fac89          0.274***       0.0271         -0.0356          0.0363        -0.00954           0.117*          0.112**       -0.0226   
                   (4.14)          (0.40)         (-0.94)          (0.91)         (-0.22)          (2.33)          (2.74)         (-0.52)   

stpr_fac90          0.227**        0.0320         -0.0421          0.0577         -0.0526          0.0610          0.0855         -0.0295   
                   (3.05)          (0.43)         (-0.99)          (1.29)         (-1.06)          (1.08)          (1.86)         (-0.61)   

stpr_fac91          0.206**       -0.0304         -0.0368        -0.00322         -0.0602       -0.000324          0.0627         -0.0635   
                   (3.24)         (-0.47)         (-1.01)         (-0.08)         (-1.42)         (-0.01)          (1.60)         (-1.53)   

stpr_fac92          0.247***      -0.0667         -0.0717         -0.0165         -0.0796         0.00394          0.0736          -0.112*  
                   (3.53)         (-0.94)         (-1.79)         (-0.39)         (-1.70)          (0.07)          (1.70)         (-2.44)   

stpr_fac93          0.237***       0.0181         -0.0379          0.0418         -0.0942*         0.0371        -0.00251         -0.0907*  
                   (3.56)          (0.27)         (-1.00)          (1.05)         (-2.12)          (0.74)         (-0.06)         (-2.09)   

stpr_fac94          0.364***       0.0509         -0.0415         -0.0519         -0.0279          0.0533           0.161**       -0.0405   
                   (4.47)          (0.62)         (-0.89)         (-1.06)         (-0.51)          (0.87)          (3.20)         (-0.76)   

stpr_fac95          0.255***       -0.143         -0.0528         -0.0746        -0.00116         -0.0163          0.0786          -0.142** 
                   (3.43)         (-1.89)         (-1.24)         (-1.67)         (-0.02)         (-0.29)          (1.71)         (-2.92)   

stpr_fac96          0.196**       -0.0144         -0.0424          0.0193         -0.0933*         0.0634          0.0557         -0.0552   
                   (2.98)         (-0.22)         (-1.13)          (0.49)         (-2.12)          (1.27)          (1.37)         (-1.28)   

stpr_fac97          0.400***       -0.109          0.0171         -0.0531          0.0286          0.0582           0.206***       -0.146** 
                   (5.87)         (-1.58)          (0.44)         (-1.30)          (0.63)          (1.13)          (4.92)         (-3.28)   

stpr_fac98          0.280***      -0.0923         -0.0503         -0.0862*        -0.0393         -0.0441           0.121**        -0.130** 
                   (4.23)         (-1.38)         (-1.33)         (-2.17)         (-0.89)         (-0.88)          (2.96)         (-3.01)   

stpr_fac99          0.175*        -0.0136         -0.0611          0.0450         -0.0884          0.0903          0.0551         -0.0179   
                   (2.42)         (-0.19)         (-1.48)          (1.04)         (-1.83)          (1.65)          (1.24)         (-0.38)   

stpr_fac100         0.153          -0.147         -0.0114          -0.119*        -0.0517         -0.0452          0.0331          -0.105   
                   (1.86)         (-1.76)         (-0.24)         (-2.41)         (-0.94)         (-0.72)          (0.65)         (-1.95)   

stpr_fac101        0.0384        -0.00297          -0.111*         0.0318          -0.111*        0.00582         -0.0579         -0.0271   
                   (0.45)         (-0.03)         (-2.31)          (0.63)         (-1.97)          (0.09)         (-1.11)         (-0.49)   

stpr_fac102         0.169*        -0.0186         -0.0273          0.0586          -0.175**     -0.000704         -0.0189        -0.00484   
                   (2.05)         (-0.22)         (-0.58)          (1.18)         (-3.17)         (-0.01)         (-0.37)         (-0.09)   

stpr_fac103         0.185**       -0.0580         -0.0144          0.0177         -0.0568          0.0246          0.0638         -0.0656   
                   (2.75)         (-0.85)         (-0.37)          (0.44)         (-1.26)          (0.48)          (1.53)         (-1.49)   

_cons              -0.249***       0.0479          0.0327       -0.000740          0.0354         -0.0298         -0.0897*         0.0806*  
                  (-4.27)          (0.81)          (0.98)         (-0.02)          (0.90)         (-0.67)         (-2.49)          (2.11)   
--------------------------------------------------------------------------------------------------------------------------------------------
N                    1211            1211            1211            1211            1211            1211            1211            1211   
R-sq                0.293           0.302           0.287           0.262           0.251           0.198           0.277           0.322   
--------------------------------------------------------------------------------------------------------------------------------------------
t statistics in parentheses
* p<0.05, ** p<0.01, *** p<0.001
