--------------------------------------------------------------------------------------------------------------------------------------------
                      (1)             (2)             (3)             (4)             (5)             (6)             (7)             (8)   
             aginc_back~d    aginc_pred~t    nfincome_b~d    nfincome_p~t    output_bac~d    output_pre~t    percapinc_~d    percapinc_~t   
--------------------------------------------------------------------------------------------------------------------------------------------
lnfrsg04di~e       -0.477***        0.224          0.0167           0.161*        -0.0394         0.00656          -0.194*          0.303***
                  (-3.56)          (1.66)          (0.22)          (2.00)         (-0.44)          (0.06)         (-2.35)          (3.46)   

stpr_fac1          0.0936         -0.0614          -0.120**        0.0310         -0.0723          0.0420          0.0520         -0.0468   
                   (1.28)         (-0.83)         (-2.87)          (0.71)         (-1.48)          (0.76)          (1.16)         (-0.98)   

stpr_fac2           0.232***      -0.0528         -0.0235          0.0480         -0.0471          0.0393           0.118**       -0.0463   
                   (3.62)         (-0.81)         (-0.64)          (1.25)         (-1.10)          (0.81)          (2.99)         (-1.11)   

stpr_fac3          0.0787         0.00204         -0.0391          0.0207         -0.0832        -0.00153          0.0484         0.00343   
                   (1.09)          (0.03)         (-0.94)          (0.48)         (-1.72)         (-0.03)          (1.08)          (0.07)   

stpr_fac4           0.411***       0.0479          0.0248          0.0579         -0.0380          0.0444           0.169***      -0.0937   
                   (5.48)          (0.63)          (0.58)          (1.29)         (-0.76)          (0.78)          (3.65)         (-1.91)   

stpr_fac5          0.0653         0.00758        -0.00359           0.134*         -0.175**         0.141*         0.0928           0.116   
                   (0.71)          (0.08)         (-0.07)          (2.42)         (-2.83)          (2.02)          (1.62)          (1.92)   

stpr_fac6           0.356**       -0.0465          0.0350          0.0858          0.0548           0.110           0.120          0.0750   
                   (3.26)         (-0.42)          (0.56)          (1.31)          (0.75)          (1.33)          (1.78)          (1.05)   

stpr_fac7           0.157          0.0211          0.0712          0.0893         -0.0375           0.105           0.105*       -0.00210   
                   (1.86)          (0.25)          (1.47)          (1.76)         (-0.66)          (1.64)          (2.01)         (-0.04)   

stpr_fac8           0.240**       -0.0421          0.0971*        0.00266         -0.0282          0.0622          0.0921         0.00246   
                   (2.78)         (-0.48)          (1.97)          (0.05)         (-0.49)          (0.95)          (1.73)          (0.04)   

stpr_fac9           0.311***       -0.189**       -0.0263         -0.0467         -0.0190          0.0273           0.174***       -0.138** 
                   (4.38)         (-2.63)         (-0.65)         (-1.10)         (-0.40)          (0.51)          (3.97)         (-2.96)   

stpr_fac10          0.124          -0.103         -0.0544         0.00970         -0.0110           0.125*         0.0948*        -0.0184   
                   (1.68)         (-1.38)         (-1.29)          (0.22)         (-0.22)          (2.23)          (2.08)         (-0.38)   

stpr_fac11          0.261***      -0.0462         -0.0250          0.0631         -0.0173          0.0448          0.0982*        -0.0282   
                   (4.02)         (-0.70)         (-0.67)          (1.62)         (-0.40)          (0.91)          (2.45)         (-0.66)   

stpr_fac12          0.238***       0.0482        -0.00776           0.104*        -0.0574          0.0857          0.0471         -0.0214   
                   (3.33)          (0.67)         (-0.19)          (2.42)         (-1.20)          (1.58)          (1.07)         (-0.46)   

stpr_fac13          0.401***       -0.171         -0.0363         -0.0213          0.0603          0.0688           0.259***       -0.116*  
                   (4.45)         (-1.88)         (-0.70)         (-0.39)          (1.00)          (1.01)          (4.65)         (-1.97)   

stpr_fac14          0.398***       -0.166          0.0236         -0.0387          0.0865         -0.0770           0.156**        -0.152*  
                   (4.13)         (-1.70)          (0.43)         (-0.67)          (1.34)         (-1.05)          (2.63)         (-2.42)   

stpr_fac15          0.423***      -0.0446         -0.0254          0.0419           0.143**         0.101           0.172***      -0.0465   
                   (5.94)         (-0.62)         (-0.62)          (0.98)          (3.00)          (1.87)          (3.91)         (-1.00)   

stpr_fac16          0.122          0.0801        -0.00722          0.0663         -0.0371          0.0985           0.109*         0.0397   
                   (1.56)          (1.01)         (-0.16)          (1.41)         (-0.71)          (1.66)          (2.25)          (0.78)   

stpr_fac17          0.315**        -0.286**        0.0402           0.107         -0.0243          0.0607           0.186**        -0.132*  
                   (3.18)         (-2.86)          (0.71)          (1.80)         (-0.37)          (0.81)          (3.04)         (-2.03)   

stpr_fac18        -0.0823          0.0845         -0.0359           0.197***      -0.0793          0.0287         -0.0974           0.123   
                  (-0.83)          (0.84)         (-0.63)          (3.31)         (-1.20)          (0.38)         (-1.59)          (1.89)   

stpr_fac19        -0.0482           0.181         -0.0360           0.106          -0.107          0.0138         -0.0426           0.174*  
                  (-0.45)          (1.66)         (-0.58)          (1.63)         (-1.48)          (0.17)         (-0.64)          (2.47)   

stpr_fac20          0.106         -0.0147          0.0694         0.00210          0.0210         -0.0259          0.0178        -0.00239   
                   (1.03)         (-0.14)          (1.18)          (0.03)          (0.30)         (-0.33)          (0.28)         (-0.04)   

stpr_fac21         0.0760          0.0402        -0.00480          0.0947         -0.0608         -0.0866         -0.0119           0.143*  
                   (0.70)          (0.37)         (-0.08)          (1.46)         (-0.84)         (-1.06)         (-0.18)          (2.02)   

stpr_fac22          0.233**       0.00899        0.000328          0.0618         -0.0647          0.0332          0.0673         -0.0216   
                   (2.91)          (0.11)          (0.01)          (1.29)         (-1.21)          (0.55)          (1.36)         (-0.41)   

stpr_fac23          0.105         -0.0649         -0.0186         -0.0134         -0.0190         -0.0401          0.0658         -0.0584   
                   (1.11)         (-0.68)         (-0.34)         (-0.24)         (-0.30)         (-0.56)          (1.13)         (-0.94)   

stpr_fac24         0.0889          0.0645         -0.0394           0.133*        -0.0938          0.0470          0.0109          0.0488   
                   (0.93)          (0.67)         (-0.72)          (2.33)         (-1.47)          (0.65)          (0.19)          (0.78)   

stpr_fac25         0.0370          0.0945         0.00261           0.154*        -0.0686          0.0558         -0.0216          0.0942   
                   (0.37)          (0.93)          (0.05)          (2.55)         (-1.02)          (0.73)         (-0.35)          (1.43)   

o.stpr_fac26            0               0               0               0               0               0               0               0   
                      (.)             (.)             (.)             (.)             (.)             (.)             (.)             (.)   

stpr_fac27         0.0809         0.00180          0.0583          0.0401         0.00189          0.0166          0.0725          0.0373   
                   (0.63)          (0.01)          (0.80)          (0.52)          (0.02)          (0.17)          (0.92)          (0.45)   

stpr_fac28          0.253***      -0.0546          0.0562          0.0184        -0.00752          0.0107           0.114**       -0.0873*  
                   (3.80)         (-0.81)          (1.47)          (0.46)         (-0.17)          (0.21)          (2.77)         (-2.00)   

stpr_fac29          0.237**        0.0125          0.0481          0.0491         -0.0730          0.0967           0.123*         0.0199   
                   (2.87)          (0.15)          (1.02)          (0.99)         (-1.32)          (1.54)          (2.42)          (0.37)   

stpr_fac30          0.206**        0.0115          0.0190          0.0692         -0.0314          0.0346          0.0742          0.0151   
                   (2.84)          (0.16)          (0.46)          (1.59)         (-0.65)          (0.63)          (1.65)          (0.32)   

stpr_fac31          0.336***      -0.0905          0.0405        -0.00490         -0.0505          0.0265           0.114*         -0.109*  
                   (4.56)         (-1.21)          (0.96)         (-0.11)         (-1.02)          (0.47)          (2.51)         (-2.26)   

stpr_fac32         0.0218          0.0520         -0.0875*         0.0217          -0.114*         0.0289          0.0114          0.0174   
                   (0.30)          (0.71)         (-2.10)          (0.50)         (-2.34)          (0.52)          (0.25)          (0.37)   

stpr_fac33          0.533***       -0.248**        0.0494         -0.0712         0.00606         -0.0126           0.166**        -0.141*  
                   (5.93)         (-2.72)          (0.96)         (-1.32)          (0.10)         (-0.19)          (2.98)         (-2.39)   

stpr_fac34          0.249**        0.0595          0.0736          0.0592         -0.0770           0.106          0.0980*        -0.0640   
                   (3.28)          (0.77)          (1.69)          (1.30)         (-1.51)          (1.83)          (2.09)         (-1.28)   

stpr_fac35          0.182*        -0.0589         -0.0852         -0.0179        -0.00955         -0.0183           0.108*         0.0189   
                   (2.33)         (-0.74)         (-1.90)         (-0.38)         (-0.18)         (-0.31)          (2.23)          (0.37)   

stpr_fac36          0.163*        -0.0637          0.0227         -0.0164         -0.0730        -0.00150           0.110*        -0.0586   
                   (2.10)         (-0.81)          (0.51)         (-0.35)         (-1.40)         (-0.03)          (2.30)         (-1.15)   

stpr_fac37          0.122          0.0429          -0.102*          0.123*         -0.127*         0.0881       -0.000510          0.0969   
                   (1.50)          (0.52)         (-2.19)          (2.52)         (-2.34)          (1.43)         (-0.01)          (1.82)   

stpr_fac38          0.258***    -0.000360        -0.00350          0.0698         -0.0581          0.0430           0.110**      -0.00638   
                   (3.92)         (-0.01)         (-0.09)          (1.77)         (-1.32)          (0.86)          (2.71)         (-0.15)   

stpr_fac39          0.175*       -0.00929         -0.0348          0.0452        -0.00791          0.0332          0.0608          0.0110   
                   (2.40)         (-0.13)         (-0.83)          (1.03)         (-0.16)          (0.60)          (1.35)          (0.23)   

stpr_fac40          0.179*        -0.0888         -0.0153          0.0374          0.0368         -0.0676          0.0905          0.0106   
                   (2.39)         (-1.17)         (-0.36)          (0.83)          (0.73)         (-1.19)          (1.96)          (0.22)   

stpr_fac41          0.218***      -0.0573         -0.0161          0.0177         -0.0133         0.00184           0.106**       -0.0300   
                   (3.42)         (-0.89)         (-0.44)          (0.46)         (-0.31)          (0.04)          (2.69)         (-0.72)   

stpr_fac42          0.110          0.0419         -0.0337          0.0513         -0.0570          0.0280          0.0166          0.0137   
                   (1.45)          (0.55)         (-0.78)          (1.13)         (-1.13)          (0.49)          (0.36)          (0.28)   

stpr_fac43          0.142*        -0.0437         -0.0235         0.00817         -0.0368         -0.0644          0.0748         -0.0408   
                   (2.01)         (-0.61)         (-0.58)          (0.19)         (-0.78)         (-1.20)          (1.71)         (-0.88)   

stpr_fac44          0.190*        -0.0158         0.00444          0.0318         -0.0279          0.0158          0.0718         -0.0549   
                   (2.40)         (-0.20)          (0.10)          (0.67)         (-0.53)          (0.26)          (1.47)         (-1.06)   

stpr_fac45          0.161*        0.00198          0.0289          0.0618         -0.0303          0.0128          0.0844         0.00310   
                   (2.10)          (0.03)          (0.66)          (1.34)         (-0.59)          (0.22)          (1.78)          (0.06)   

stpr_fac46          0.188**       -0.0757         -0.0399          0.0400         -0.0438          0.0178          0.0749         -0.0426   
                   (2.76)         (-1.10)         (-1.02)          (0.98)         (-0.96)          (0.34)          (1.78)         (-0.95)   

stpr_fac47          0.229***       -0.104         -0.0496         0.00849         -0.0994*         0.0722           0.104*        -0.0882*  
                   (3.46)         (-1.55)         (-1.31)          (0.21)         (-2.25)          (1.44)          (2.54)         (-2.04)   

stpr_fac48          0.230***      -0.0768         -0.0564         -0.0207         -0.0448          0.0132           0.118**       -0.0499   
                   (3.32)         (-1.09)         (-1.42)         (-0.50)         (-0.97)          (0.25)          (2.76)         (-1.10)   

stpr_fac49          0.429***       -0.391***       -0.186***       -0.184***       0.0141           0.110           0.208***       -0.214***
                   (4.86)         (-4.39)         (-3.69)         (-3.48)          (0.24)          (1.65)          (3.82)         (-3.72)   

stpr_fac50          0.193*        -0.0499         -0.0418          0.0417         -0.0382          0.0355          0.0937         -0.0308   
                   (2.27)         (-0.58)         (-0.86)          (0.82)         (-0.67)          (0.55)          (1.79)         (-0.55)   

stpr_fac51          0.224***      -0.0225         -0.0266          0.0358         -0.0155          0.0300          0.0997*       -0.00387   
                   (3.43)         (-0.34)         (-0.71)          (0.92)         (-0.36)          (0.61)          (2.48)         (-0.09)   

stpr_fac52         0.0251           0.114         -0.0251          0.0680          0.0102          0.0252         -0.0181          0.0689   
                   (0.38)          (1.72)         (-0.67)          (1.72)          (0.23)          (0.51)         (-0.44)          (1.60)   

stpr_fac53          0.238***       0.0545         -0.0385          0.0197         -0.0399          0.0370          0.0825          0.0608   
                   (3.49)          (0.79)         (-0.99)          (0.48)         (-0.88)          (0.71)          (1.96)          (1.36)   

stpr_fac54          0.136         -0.0127          -0.169***      0.00208          -0.160**      -0.00314          0.0336          0.0267   
                   (1.64)         (-0.15)         (-3.57)          (0.04)         (-2.90)         (-0.05)          (0.66)          (0.49)   

stpr_fac55          0.180*         0.0553          0.0141           0.110*        -0.0612          0.0606          0.0831          0.0480   
                   (2.44)          (0.74)          (0.34)          (2.50)         (-1.25)          (1.09)          (1.83)          (1.00)   

stpr_fac56          0.387***      -0.0888         -0.0570         -0.0153         -0.0592           0.102           0.178***      -0.0904   
                   (5.46)         (-1.24)         (-1.41)         (-0.36)         (-1.25)          (1.91)          (4.07)         (-1.95)   

stpr_fac57          0.179*        -0.0248         -0.0815          0.0526          -0.106          0.0535           0.104        -0.00930   
                   (2.04)         (-0.28)         (-1.62)          (1.00)         (-1.81)          (0.80)          (1.92)         (-0.16)   

stpr_fac58          0.221*        -0.0496          0.0161          0.0581         -0.0674         0.00803          0.0506         0.00951   
                   (2.47)         (-0.55)          (0.31)          (1.08)         (-1.13)          (0.12)          (0.91)          (0.16)   

stpr_fac59         0.0458           0.142          0.0155           0.151**       -0.0501          0.0822          0.0292           0.110   
                   (0.53)          (1.62)          (0.31)          (2.91)         (-0.87)          (1.26)          (0.55)          (1.95)   

stpr_fac60          0.274***      -0.0434          0.0338         -0.0146          0.0184          0.0412           0.113*        -0.0182   
                   (3.79)         (-0.59)          (0.82)         (-0.34)          (0.38)          (0.75)          (2.54)         (-0.38)   

stpr_fac61          0.420***      -0.0814         -0.0143        -0.00537         -0.0350          0.0656           0.169**        -0.110   
                   (4.59)         (-0.88)         (-0.27)         (-0.10)         (-0.57)          (0.95)          (2.98)         (-1.83)   

stpr_fac62          0.329***       0.0597          0.0853*         0.0688          0.0426          0.0791           0.155***       0.0185   
                   (4.81)          (0.86)          (2.18)          (1.68)          (0.93)          (1.52)          (3.68)          (0.41)   

stpr_fac63          0.209**        -0.205**       -0.0515          -0.113*         0.0181          0.0648           0.160***       -0.126*  
                   (2.73)         (-2.65)         (-1.18)         (-2.45)          (0.35)          (1.12)          (3.38)         (-2.52)   

stpr_fac64          0.105          0.0199         -0.0193          0.0669         -0.0834          0.0760          0.0949          0.0868   
                   (1.29)          (0.24)         (-0.41)          (1.37)         (-1.53)          (1.23)          (1.89)          (1.63)   

stpr_fac65          0.298***      -0.0455         -0.0317          0.0413         -0.0524          0.0244           0.141**       -0.0543   
                   (3.70)         (-0.56)         (-0.69)          (0.86)         (-0.97)          (0.40)          (2.85)         (-1.03)   

stpr_fac66          0.102         -0.0710        -0.00744         0.00449         -0.0354         -0.0310          0.0968        -0.00804   
                   (0.98)         (-0.68)         (-0.13)          (0.07)         (-0.51)         (-0.39)          (1.51)         (-0.12)   

stpr_fac67         0.0924          0.0621         -0.0301           0.124*        -0.0695          0.0380          0.0279          0.0545   
                   (0.99)          (0.66)         (-0.57)          (2.22)         (-1.12)          (0.54)          (0.48)          (0.89)   

stpr_fac68          0.120          0.0454         0.00606          0.0793         -0.0965          0.0294          0.0698          0.0572   
                   (1.16)          (0.43)          (0.10)          (1.27)         (-1.39)          (0.37)          (1.09)          (0.84)   

stpr_fac69          0.163         -0.0888         0.00331          0.0183         -0.0642         -0.0160          0.0544         -0.0449   
                   (1.87)         (-1.01)          (0.07)          (0.35)         (-1.10)         (-0.24)          (1.01)         (-0.79)   

stpr_fac70          0.154*         0.0350         -0.0443          0.0512          -0.122*          0.120*         0.0689         -0.0135   
                   (1.97)          (0.44)         (-0.99)          (1.09)         (-2.33)          (2.02)          (1.43)         (-0.26)   

stpr_fac71          0.305***      -0.0148          0.0108         0.00701         -0.0367         -0.0305           0.167***      -0.0302   
                   (4.12)         (-0.20)          (0.25)          (0.16)         (-0.74)         (-0.54)          (3.65)         (-0.62)   

stpr_fac72          0.442***       -0.127         -0.0822         -0.0684         -0.0603         -0.0199           0.221***       -0.135** 
                   (5.65)         (-1.61)         (-1.83)         (-1.46)         (-1.15)         (-0.34)          (4.57)         (-2.64)   

stpr_fac73          0.203**       0.00855          0.0122          0.0254         -0.0314          0.0192          0.0903*        -0.0431   
                   (2.95)          (0.12)          (0.31)          (0.62)         (-0.68)          (0.37)          (2.13)         (-0.96)   

stpr_fac74          0.323***       -0.142         -0.0455         -0.0151         0.00450         0.00404           0.129**        -0.162** 
                   (4.03)         (-1.75)         (-0.99)         (-0.31)          (0.08)          (0.07)          (2.62)         (-3.09)   

stpr_fac75         0.0821           0.147         -0.0618          0.0418          -0.122*       -0.00659          0.0315           0.121*  
                   (0.88)          (1.56)         (-1.16)          (0.75)         (-1.97)         (-0.09)          (0.55)          (2.00)   

stpr_fac76          0.137         -0.0896         -0.0177         0.00647          -0.112          0.0497          0.0252         -0.0937   
                   (1.33)         (-0.86)         (-0.30)          (0.10)         (-1.63)          (0.64)          (0.40)         (-1.39)   

stpr_fac77          0.384***       0.0374         -0.0578          0.0624         -0.0431           0.179*          0.163**       0.00174   
                   (3.99)          (0.38)         (-1.05)          (1.08)         (-0.67)          (2.44)          (2.74)          (0.03)   

stpr_fac78          0.140          -0.340***      0.00542         -0.0705         -0.0365         -0.0304          0.0851          -0.224***
                   (1.93)         (-4.64)          (0.13)         (-1.62)         (-0.75)         (-0.55)          (1.91)         (-4.74)   

o.stpr_fac79            0               0               0               0               0               0               0               0   
                      (.)             (.)             (.)             (.)             (.)             (.)             (.)             (.)   

stpr_fac80          0.161*         -0.205**       -0.0574         -0.0438          -0.112*        -0.0458          0.0607         -0.0794   
                   (2.26)         (-2.85)         (-1.41)         (-1.03)         (-2.35)         (-0.85)          (1.38)         (-1.71)   

stpr_fac81          0.507***       -0.201**        -0.118**       0.00639         -0.0563          0.0757           0.194***       -0.129** 
                   (7.11)         (-2.79)         (-2.89)          (0.15)         (-1.18)          (1.40)          (4.42)         (-2.78)   

stpr_fac82          0.482***       -0.160         -0.0545          0.0284          -0.134*         0.0634           0.297***      -0.0328   
                   (5.74)         (-1.88)         (-1.14)          (0.56)         (-2.38)          (1.00)          (5.73)         (-0.60)   

stpr_fac83         0.0159           0.259*         0.0849           0.111          -0.162*          0.155          0.0482          0.0541   
                   (0.15)          (2.40)          (1.39)          (1.73)         (-2.27)          (1.92)          (0.73)          (0.78)   

stpr_fac84        -0.0622          0.0304         -0.0816         -0.0181          -0.211***       0.0475          0.0699         -0.0288   
                  (-0.68)          (0.33)         (-1.56)         (-0.33)         (-3.46)          (0.69)          (1.24)         (-0.48)   

stpr_fac85         0.0535           0.142          0.0483           0.100        -0.00516           0.119          0.0213          0.0705   
                   (0.51)          (1.34)          (0.80)          (1.58)         (-0.07)          (1.49)          (0.33)          (1.02)   

stpr_fac86          0.142        -0.00568         -0.0267          0.0446         -0.0980         0.00109          0.0732         0.00807   
                   (1.77)         (-0.07)         (-0.58)          (0.93)         (-1.83)          (0.02)          (1.48)          (0.15)   

stpr_fac87          0.224**       -0.0361         0.00702          0.0114         -0.0737          0.0422           0.105*        -0.0319   
                   (3.16)         (-0.51)          (0.17)          (0.27)         (-1.56)          (0.79)          (2.42)         (-0.69)   

stpr_fac88          0.502***       0.0337          0.0956*         0.0264          0.0349           0.126*          0.238***     -0.00299   
                   (7.53)          (0.50)          (2.51)          (0.66)          (0.78)          (2.50)          (5.79)         (-0.07)   

stpr_fac89          0.276***       0.0407         -0.0133          0.0602         -0.0111           0.123*          0.127**       0.00849   
                   (4.18)          (0.61)         (-0.35)          (1.52)         (-0.25)          (2.46)          (3.12)          (0.20)   

stpr_fac90          0.183*         0.0685         -0.0165          0.0991*        -0.0581          0.0686          0.0831          0.0335   
                   (2.39)          (0.88)         (-0.38)          (2.15)         (-1.13)          (1.18)          (1.76)          (0.67)   

stpr_fac91          0.162*        0.00650         -0.0102          0.0391         -0.0658         0.00755          0.0612        0.000533   
                   (2.43)          (0.10)         (-0.27)          (0.98)         (-1.48)          (0.15)          (1.49)          (0.01)   

stpr_fac92          0.263***      -0.0659         -0.0597        -0.00803         -0.0793         0.00735          0.0880*         -0.104*  
                   (3.74)         (-0.93)         (-1.48)         (-0.19)         (-1.68)          (0.14)          (2.03)         (-2.25)   

stpr_fac93          0.252***       0.0291         -0.0106          0.0673         -0.0951*         0.0449          0.0217         -0.0600   
                   (3.77)          (0.43)         (-0.28)          (1.68)         (-2.13)          (0.89)          (0.53)         (-1.37)   

stpr_fac94          0.364***       0.0513         -0.0407         -0.0511         -0.0280          0.0536           0.161**       -0.0395   
                   (4.48)          (0.62)         (-0.88)         (-1.05)         (-0.52)          (0.87)          (3.22)         (-0.74)   

stpr_fac95          0.258***       -0.129         -0.0296         -0.0499        -0.00276        -0.00960          0.0947*         -0.111*  
                   (3.46)         (-1.71)         (-0.70)         (-1.12)         (-0.06)         (-0.17)          (2.06)         (-2.27)   

stpr_fac96          0.160*         0.0207         -0.0129          0.0624         -0.0984*         0.0721          0.0596         0.00836   
                   (2.29)          (0.29)         (-0.32)          (1.49)         (-2.10)          (1.36)          (1.38)          (0.18)   

stpr_fac97          0.353***      -0.0804          0.0293         -0.0258          0.0240          0.0619           0.194***       -0.101*  
                   (5.57)         (-1.25)          (0.81)         (-0.68)          (0.56)          (1.29)          (4.97)         (-2.44)   

stpr_fac98          0.251***      -0.0603         -0.0209         -0.0452         -0.0439         -0.0354           0.127**       -0.0707   
                   (3.60)         (-0.85)         (-0.52)         (-1.08)         (-0.94)         (-0.67)          (2.96)         (-1.55)   

stpr_fac99         0.0925          0.0441         -0.0291           0.105*        -0.0975          0.0999          0.0405          0.0766   
                   (1.13)          (0.53)         (-0.62)          (2.13)         (-1.77)          (1.60)          (0.80)          (1.43)   

stpr_fac100        0.0342         -0.0646          0.0330         -0.0348         -0.0646         -0.0319          0.0108          0.0288   
                   (0.32)         (-0.59)          (0.54)         (-0.54)         (-0.90)         (-0.39)          (0.16)          (0.41)   

stpr_fac101      -0.00615          0.0436         -0.0703          0.0902          -0.118          0.0179         -0.0505          0.0584   
                  (-0.06)          (0.45)         (-1.29)          (1.58)         (-1.86)          (0.25)         (-0.86)          (0.94)   

stpr_fac102         0.119          0.0210        -0.00143           0.102*         -0.181**       0.00699         -0.0240          0.0623   
                   (1.39)          (0.24)         (-0.03)          (2.00)         (-3.19)          (0.11)         (-0.46)          (1.12)   

stpr_fac103        0.0729          0.0143          0.0196          0.0887         -0.0684          0.0349          0.0376          0.0492   
                   (0.87)          (0.17)          (0.41)          (1.77)         (-1.22)          (0.55)          (0.73)          (0.90)   

_cons              -0.205***       0.0115         0.00706         -0.0422          0.0409         -0.0374         -0.0874*         0.0177   
                  (-3.35)          (0.19)          (0.20)         (-1.15)          (1.00)         (-0.80)         (-2.31)          (0.44)   
--------------------------------------------------------------------------------------------------------------------------------------------
N                    1211            1211            1211            1211            1211            1211            1211            1211   
R-sq                0.293           0.302           0.287           0.262           0.251           0.198           0.277           0.322   
--------------------------------------------------------------------------------------------------------------------------------------------
t statistics in parentheses
* p<0.05, ** p<0.01, *** p<0.001
