--------------------------------------------------------------------------------------------------------------------------------------------
                      (1)             (2)             (3)             (4)             (5)             (6)             (7)             (8)   
             avwage_bac~d    avwage_pre~t    pop_backward     pop_predict    wagebill_b~d    wagebill_p~t    wageemp_ba~d    wageemp_pr~t   
--------------------------------------------------------------------------------------------------------------------------------------------
lnfrsg04di~e    -0.000970          0.0767         -0.0387         -0.0625         -0.0355          0.0555         -0.0511         -0.0793   
                  (-0.01)          (1.00)         (-0.58)         (-1.02)         (-0.21)          (0.32)         (-0.39)         (-0.61)   

stpr_fac1          -0.130**       -0.0152         -0.0573          0.0211          -0.249**        0.0362          -0.163*         0.0170   
                  (-3.09)         (-0.37)         (-1.57)          (0.63)         (-2.76)          (0.39)         (-2.27)          (0.24)   

stpr_fac2         -0.0783*        -0.0473        -0.00609          0.0403          -0.106         -0.0290         -0.0426        -0.00997   
                  (-2.12)         (-1.29)         (-0.19)          (1.38)         (-1.34)         (-0.35)         (-0.68)         (-0.16)   

stpr_fac3         -0.0727         -0.0525         -0.0204        -0.00269          -0.189*         0.0227          -0.143*        0.00630   
                  (-1.74)         (-1.27)         (-0.56)         (-0.08)         (-2.12)          (0.24)         (-2.01)          (0.09)   

stpr_fac4         -0.0749         -0.0667          0.0401          0.0974**       -0.0442          0.0981          0.0279           0.150*  
                  (-1.74)         (-1.56)          (1.07)          (2.85)         (-0.48)          (1.02)          (0.38)          (2.06)   

stpr_fac5          -0.120*         0.0221         -0.0414         -0.0242          -0.237*         0.0136          -0.134         -0.0377   
                  (-2.26)          (0.42)         (-0.89)         (-0.57)         (-2.08)          (0.11)         (-1.47)         (-0.42)   

stpr_fac6          0.0460         0.00345          0.0505         -0.0250          -0.197         -0.0786          -0.180         0.00159   
                   (0.73)          (0.06)          (0.92)         (-0.50)         (-1.46)         (-0.56)         (-1.67)          (0.01)   

stpr_fac7         -0.0327         0.00149        0.000653          0.0741         -0.0581          -0.143          0.0377         -0.0241   
                  (-0.67)          (0.03)          (0.02)          (1.92)         (-0.56)         (-1.32)          (0.45)         (-0.29)   

stpr_fac8         -0.0472         -0.0506          0.0755         -0.0136          -0.136         -0.0692          -0.131         -0.0200   
                  (-0.95)         (-1.03)          (1.75)         (-0.35)         (-1.28)         (-0.62)         (-1.54)         (-0.24)   

stpr_fac9         -0.0650         -0.0969*        -0.0119          0.0105          0.0121           0.118          0.0688           0.171*  
                  (-1.59)         (-2.39)         (-0.34)          (0.32)          (0.14)          (1.30)          (0.99)          (2.48)   

stpr_fac10        -0.0351         0.00162         -0.0596         -0.0143         -0.0230           0.183        -0.00555           0.147*  
                  (-0.83)          (0.04)         (-1.61)         (-0.42)         (-0.25)          (1.93)         (-0.08)          (2.05)   

stpr_fac11        -0.0397         -0.0152          0.0188          0.0381         -0.0206          0.0777          0.0131           0.104   
                  (-1.06)         (-0.41)          (0.58)          (1.29)         (-0.26)          (0.93)          (0.20)          (1.65)   

stpr_fac12        -0.0438         -0.0214          0.0531          0.0783*         -0.125          0.0505         -0.0556        -0.00401   
                  (-1.06)         (-0.52)          (1.48)          (2.40)         (-1.41)          (0.55)         (-0.79)         (-0.06)   

stpr_fac13        0.00778         -0.0282         -0.0695        -0.00616         -0.0307           0.124         -0.0353           0.142   
                   (0.15)         (-0.55)         (-1.54)         (-0.15)         (-0.28)          (1.07)         (-0.40)          (1.62)   

stpr_fac14        -0.0121         -0.0978          0.0356          0.0428         -0.0245          0.0349          0.0209           0.114   
                  (-0.22)         (-1.78)          (0.74)          (0.97)         (-0.21)          (0.28)          (0.22)          (1.22)   

stpr_fac15         0.0453          0.0103        -0.00907          0.0293           0.152        -0.00833           0.119          0.0356   
                   (1.10)          (0.25)         (-0.25)          (0.90)          (1.72)         (-0.09)          (1.70)          (0.52)   

stpr_fac16         0.0178          0.0307         -0.0281          0.0129         -0.0212           0.143         -0.0855          0.0725   
                   (0.39)          (0.69)         (-0.72)          (0.36)         (-0.22)          (1.42)         (-1.11)          (0.96)   

stpr_fac17       -0.00728         -0.0545          0.0168          0.0332         -0.0206          0.0584         -0.0200          0.0470   
                  (-0.13)         (-0.96)          (0.34)          (0.74)         (-0.17)          (0.46)         (-0.21)          (0.49)   

stpr_fac18        -0.0819        -0.00557          0.0431          0.0407         -0.0292          0.0876         -0.0390          0.0146   
                  (-1.43)         (-0.10)          (0.87)          (0.90)         (-0.24)          (0.69)         (-0.40)          (0.15)   

stpr_fac19        -0.0369        -0.00776        -0.00145         -0.0237        -0.00411          0.0506          0.0217         -0.0115   
                  (-0.59)         (-0.13)         (-0.03)         (-0.48)         (-0.03)          (0.36)          (0.20)         (-0.11)   

stpr_fac20        -0.0375          0.0226          0.0505          0.0158          0.0262           0.104          0.0330          0.0218   
                  (-0.63)          (0.38)          (0.98)          (0.33)          (0.21)          (0.79)          (0.33)          (0.22)   

stpr_fac21        -0.0525         -0.0476          0.0287         -0.0143         -0.0488         0.00823         -0.0144          0.0157   
                  (-0.84)         (-0.77)          (0.53)         (-0.29)         (-0.37)          (0.06)         (-0.14)          (0.15)   

stpr_fac22        -0.0651         -0.0436          0.0470          0.0486         -0.0604           0.109         -0.0347           0.114   
                  (-1.41)         (-0.95)          (1.17)          (1.33)         (-0.61)          (1.06)         (-0.44)          (1.47)   

stpr_fac23        -0.0465         -0.0509         -0.0119          0.0242          -0.154          0.0497         0.00228          0.0293   
                  (-0.85)         (-0.94)         (-0.25)          (0.56)         (-1.32)          (0.41)          (0.02)          (0.32)   

stpr_fac24        -0.0870         -0.0274          0.0172          0.0627          -0.121           0.129         -0.0627           0.109   
                  (-1.59)         (-0.50)          (0.36)          (1.45)         (-1.03)          (1.05)         (-0.67)          (1.18)   

stpr_fac25        -0.0563         -0.0157          0.0350          0.0580         -0.0278          0.0989         -0.0139          0.0536   
                  (-0.97)         (-0.27)          (0.69)          (1.26)         (-0.22)          (0.76)         (-0.14)          (0.55)   

o.stpr_fac26            0               0               0               0               0               0               0               0   
                      (.)             (.)             (.)             (.)             (.)             (.)             (.)             (.)   

stpr_fac27        -0.0382         -0.0323         0.00126        0.000262         -0.0439        -0.00214        -0.00546         -0.0228   
                  (-0.52)         (-0.44)          (0.02)          (0.00)         (-0.28)         (-0.01)         (-0.04)         (-0.18)   

stpr_fac28        -0.0292         -0.0407          0.0504          0.0655*         0.0206          0.0263          0.0623          0.0379   
                  (-0.76)         (-1.07)          (1.51)          (2.15)          (0.25)          (0.31)          (0.95)          (0.59)   

stpr_fac29        -0.0283         -0.0224         0.00858         0.00331           0.106        -0.00379          0.0919          0.0405   
                  (-0.60)         (-0.47)          (0.21)          (0.09)          (1.04)         (-0.04)          (1.13)          (0.51)   

stpr_fac30        -0.0451         -0.0277          0.0228          0.0284          0.0491          0.0928          0.0688          0.0830   
                  (-1.08)         (-0.67)          (0.63)          (0.86)          (0.55)          (0.99)          (0.96)          (1.18)   

stpr_fac31        -0.0356         -0.0602          0.0821*         0.0538          0.0318         -0.0331          0.0528         0.00724   
                  (-0.84)         (-1.43)          (2.22)          (1.60)          (0.35)         (-0.35)          (0.73)          (0.10)   

stpr_fac32        -0.0682         -0.0327         -0.0348         0.00358         -0.0557          0.0333         -0.0564          0.0568   
                  (-1.63)         (-0.79)         (-0.95)          (0.11)         (-0.62)          (0.36)         (-0.79)          (0.80)   

stpr_fac33        -0.0384         -0.0396           0.113*         0.0154         -0.0319           0.115         -0.0280          0.0838   
                  (-0.74)         (-0.77)          (2.52)          (0.37)         (-0.29)          (1.00)         (-0.32)          (0.96)   

stpr_fac34        -0.0342         0.00430          0.0811*         0.0887*         0.0354           0.139          0.0323          0.0760   
                  (-0.78)          (0.10)          (2.13)          (2.55)          (0.38)          (1.42)          (0.43)          (1.03)   

stpr_fac35        -0.0105         -0.0589         -0.0567         -0.0426         -0.0936          -0.147          -0.158*        -0.0479   
                  (-0.23)         (-1.32)         (-1.45)         (-1.19)         (-0.97)         (-1.46)         (-2.06)         (-0.63)   

stpr_fac36        -0.0535         -0.0612         0.00405          0.0156         -0.0785         0.00310         -0.0867        0.000370   
                  (-1.19)         (-1.38)          (0.10)          (0.44)         (-0.82)          (0.03)         (-1.13)          (0.00)   

stpr_fac37         -0.105*        -0.0288        -0.00238         0.00457          -0.151          -0.134          -0.128         -0.0552   
                  (-2.24)         (-0.62)         (-0.06)          (0.12)         (-1.51)         (-1.29)         (-1.60)         (-0.70)   

stpr_fac38        -0.0638        -0.00398          0.0129          0.0308           0.100           0.182*          0.101           0.133*  
                  (-1.68)         (-0.11)          (0.39)          (1.02)          (1.23)          (2.15)          (1.56)          (2.08)   

stpr_fac39        -0.0256       -0.000267         0.00479          0.0139          0.0384           0.117          0.0516           0.101   
                  (-0.61)         (-0.01)          (0.13)          (0.42)          (0.43)          (1.25)          (0.72)          (1.43)   

stpr_fac40        -0.0329         -0.0680         -0.0133         -0.0251           0.166          0.0229           0.133          0.0504   
                  (-0.76)         (-1.59)         (-0.35)         (-0.73)          (1.79)          (0.24)          (1.81)          (0.69)   

stpr_fac41        -0.0345         -0.0392        -0.00940         0.00699          0.0903          0.0860           0.121           0.101   
                  (-0.94)         (-1.08)         (-0.29)          (0.24)          (1.15)          (1.05)          (1.93)          (1.63)   

stpr_fac42        -0.0925*        -0.0275          0.0293          0.0326          0.0215           0.166          0.0456           0.115   
                  (-2.12)         (-0.63)          (0.77)          (0.94)          (0.23)          (1.70)          (0.61)          (1.57)   

stpr_fac43        -0.0143          -0.118**       -0.0176          0.0234         -0.0723         -0.0618         -0.0997         -0.0561   
                  (-0.35)         (-2.91)         (-0.50)          (0.72)         (-0.83)         (-0.68)         (-1.43)         (-0.82)   

stpr_fac44        -0.0502         -0.0556          0.0158          0.0621          0.0885           0.277**        0.0713           0.243** 
                  (-1.10)         (-1.23)          (0.40)          (1.73)          (0.91)          (2.73)          (0.92)          (3.18)   

stpr_fac45        -0.0330         -0.0268          0.0225          0.0330         0.00927           0.179         0.00891           0.127   
                  (-0.75)         (-0.61)          (0.59)          (0.94)          (0.10)          (1.82)          (0.12)          (1.71)   

stpr_fac46        -0.0525         -0.0494         0.00567          0.0226          -0.127         -0.0500         -0.0590          0.0207   
                  (-1.34)         (-1.27)          (0.17)          (0.73)         (-1.51)         (-0.57)         (-0.88)          (0.31)   

stpr_fac47        -0.0618         -0.0661         0.00724          0.0204        -0.00365         -0.0275          0.0556          0.0180   
                  (-1.62)         (-1.75)          (0.22)          (0.68)         (-0.04)         (-0.32)          (0.85)          (0.28)   

stpr_fac48        -0.0538         -0.0542         -0.0193         0.00840         -0.0664          0.0150         -0.0617          0.0232   
                  (-1.35)         (-1.37)         (-0.56)          (0.27)         (-0.78)          (0.17)         (-0.91)          (0.35)   

stpr_fac49        -0.0126          0.0232          -0.111*        -0.0926*         -0.129          -0.109         -0.0777          -0.115   
                  (-0.25)          (0.46)         (-2.52)         (-2.30)         (-1.19)         (-0.96)         (-0.90)         (-1.35)   

stpr_fac50        -0.0360         -0.0228         -0.0108          0.0227          0.0335           0.112          0.0643           0.124   
                  (-0.73)         (-0.47)         (-0.25)          (0.58)          (0.32)          (1.02)          (0.77)          (1.51)   

stpr_fac51        -0.0426         -0.0380         -0.0129          0.0112         -0.0239          0.0204         -0.0155          0.0683   
                  (-1.14)         (-1.02)         (-0.39)          (0.38)         (-0.30)          (0.24)         (-0.24)          (1.08)   

stpr_fac52        -0.0821*        -0.0216         -0.0117          0.0339         -0.0350           0.101         -0.0400          0.0440   
                  (-2.16)         (-0.57)         (-0.35)          (1.13)         (-0.43)          (1.19)         (-0.62)          (0.69)   

stpr_fac53        -0.0286         -0.0456         0.00812       0.0000320         -0.0402        -0.00512         -0.0405         0.00761   
                  (-0.73)         (-1.17)          (0.24)          (0.00)         (-0.48)         (-0.06)         (-0.60)          (0.12)   

stpr_fac54         -0.109*       -0.00121         -0.0242         -0.0260          -0.222*       -0.00743          -0.132         0.00531   
                  (-2.29)         (-0.03)         (-0.58)         (-0.69)         (-2.17)         (-0.07)         (-1.62)          (0.07)   

stpr_fac55        -0.0373         -0.0195          0.0135          0.0338         -0.0359          0.0553         -0.0149          0.0361   
                  (-0.88)         (-0.47)          (0.37)          (1.01)         (-0.40)          (0.59)         (-0.21)          (0.51)   

stpr_fac56        -0.0482         -0.0147        -0.00599          0.0191         -0.0890          0.0772         -0.0470          0.0819   
                  (-1.18)         (-0.36)         (-0.17)          (0.59)         (-1.02)          (0.85)         (-0.67)          (1.19)   

stpr_fac57        -0.0718         -0.0202         -0.0467          0.0236         -0.0583           0.240*        -0.0324           0.151   
                  (-1.42)         (-0.40)         (-1.06)          (0.59)         (-0.54)          (2.13)         (-0.38)          (1.78)   

stpr_fac58        -0.0779         -0.0875          0.0396          0.0267         -0.0910           0.207         -0.0282          0.0818   
                  (-1.51)         (-1.71)          (0.88)          (0.65)         (-0.82)          (1.80)         (-0.32)          (0.94)   

stpr_fac59        -0.0214          0.0571        -0.00613          0.0382         -0.0763           0.180         -0.0650          0.0511   
                  (-0.43)          (1.16)         (-0.14)          (0.97)         (-0.72)          (1.62)         (-0.77)          (0.61)   

stpr_fac60        -0.0194         0.00989          0.0173        -0.00632         0.00283          0.0625          0.0141         0.00804   
                  (-0.47)          (0.24)          (0.48)         (-0.19)          (0.03)          (0.67)          (0.20)          (0.11)   

stpr_fac61        -0.0663         -0.0430          0.0297          0.0424         -0.0646         -0.0862        -0.00730           0.101   
                  (-1.26)         (-0.82)          (0.65)          (1.01)         (-0.57)         (-0.73)         (-0.08)          (1.13)   

stpr_fac62        0.00371        -0.00636          0.0376          0.0229          0.0652           0.109          0.0315          0.0755   
                   (0.09)         (-0.16)          (1.10)          (0.73)          (0.77)          (1.23)          (0.47)          (1.14)   

stpr_fac63         0.0446         -0.0185         -0.0832*        -0.0264          0.0353         -0.0137          0.0249          0.0363   
                   (1.01)         (-0.42)         (-2.17)         (-0.75)          (0.37)         (-0.14)          (0.33)          (0.49)   

stpr_fac64        -0.0591         -0.0720         -0.0484         -0.0368          0.0603           0.150          0.0415           0.100   
                  (-1.26)         (-1.55)         (-1.19)         (-0.99)          (0.60)          (1.43)          (0.52)          (1.27)   

stpr_fac65        -0.0624         -0.0496        -0.00701          0.0459           0.100         -0.0793           0.129          0.0562   
                  (-1.35)         (-1.08)         (-0.17)          (1.25)          (1.01)         (-0.77)          (1.63)          (0.72)   

stpr_fac66        -0.0621         -0.0432         -0.0399        -0.00425         -0.0837         -0.0360          0.0420          0.0258   
                  (-1.04)         (-0.73)         (-0.77)         (-0.09)         (-0.65)         (-0.27)          (0.41)          (0.26)   

stpr_fac67        -0.0502         -0.0261      -0.0000947          0.0536         -0.0395          0.0484         -0.0152          0.0404   
                  (-0.94)         (-0.49)         (-0.00)          (1.26)         (-0.34)          (0.40)         (-0.17)          (0.45)   

stpr_fac68        -0.0779         -0.0413        -0.00126         0.00625          -0.103        -0.00326         -0.0752          0.0545   
                  (-1.30)         (-0.70)         (-0.02)          (0.13)         (-0.80)         (-0.02)         (-0.74)          (0.54)   

stpr_fac69        -0.0483         -0.0468          0.0354          0.0290         -0.0745         -0.0174         -0.0572        -0.00406   
                  (-0.96)         (-0.94)          (0.81)          (0.73)         (-0.69)         (-0.16)         (-0.67)         (-0.05)   

stpr_fac70        -0.0670          0.0337         -0.0211          0.0401        -0.00988         -0.0711         -0.0300         -0.0447   
                  (-1.49)          (0.75)         (-0.54)          (1.12)         (-0.10)         (-0.71)         (-0.39)         (-0.59)   

stpr_fac71        -0.0303         -0.0378        -0.00451          0.0338         -0.0260          0.0748         -0.0257          0.0142   
                  (-0.71)         (-0.89)         (-0.12)          (1.00)         (-0.28)          (0.79)         (-0.35)          (0.20)   

stpr_fac72        -0.0843         -0.0556         -0.0265          0.0135          -0.108          0.0103         -0.0320          0.0618   
                  (-1.87)         (-1.24)         (-0.68)          (0.38)         (-1.12)          (0.10)         (-0.42)          (0.81)   

stpr_fac73        -0.0460         -0.0529          0.0233          0.0448        0.000203         -0.0661        -0.00661         0.00496   
                  (-1.16)         (-1.35)          (0.68)          (1.43)          (0.00)         (-0.75)         (-0.10)          (0.07)   

stpr_fac74        -0.0660         -0.0797          0.0311          0.0747*        -0.0546          0.0107       -0.000816          0.0787   
                  (-1.43)         (-1.74)          (0.77)          (2.04)         (-0.55)          (0.10)         (-0.01)          (1.01)   

stpr_fac75         -0.165**        0.0673         -0.0111         -0.0150         -0.0242          0.0682         -0.0467         -0.0474   
                  (-3.09)          (1.27)         (-0.24)         (-0.35)         (-0.21)          (0.57)         (-0.51)         (-0.53)   

stpr_fac76        -0.0703         -0.0441          0.0332          0.0503          -0.230          -0.130          -0.182          -0.121   
                  (-1.19)         (-0.75)          (0.64)          (1.07)         (-1.81)         (-0.98)         (-1.79)         (-1.21)   

stpr_fac77        -0.0333          0.0172         -0.0197         0.00468           0.325**         0.152           0.307**         0.125   
                  (-0.60)          (0.31)         (-0.41)          (0.11)          (2.72)          (1.22)          (3.24)          (1.33)   

stpr_fac78        -0.0782          -0.137***   -0.0000651        0.000803         -0.0103           0.261**       -0.0373           0.139*  
                  (-1.88)         (-3.31)         (-0.00)          (0.02)         (-0.12)          (2.81)         (-0.52)          (1.98)   

o.stpr_fac79            0               0               0               0               0               0               0               0   
                      (.)             (.)             (.)             (.)             (.)             (.)             (.)             (.)   

stpr_fac80        -0.0322         -0.0445        -0.00280         -0.0406         -0.0635         -0.0483         -0.0494         -0.0205   
                  (-0.79)         (-1.10)         (-0.08)         (-1.25)         (-0.72)         (-0.53)         (-0.71)         (-0.30)   

stpr_fac81         0.0232          0.0109        -0.00908        -0.00539         -0.0601        -0.00748         -0.0416          0.0265   
                   (0.57)          (0.27)         (-0.25)         (-0.17)         (-0.68)         (-0.08)         (-0.59)          (0.38)   

stpr_fac82        -0.0223         -0.0277         -0.0443         -0.0848*         -0.164          -0.280**       -0.0782          -0.173*  
                  (-0.46)         (-0.58)         (-1.05)         (-2.22)         (-1.58)         (-2.59)         (-0.95)         (-2.13)   

stpr_fac83        -0.0921          0.0365          0.0247          0.0786           0.148           0.290*          0.145           0.185   
                  (-1.50)          (0.60)          (0.46)          (1.62)          (1.12)          (2.12)          (1.38)          (1.79)   

stpr_fac84         -0.145**       -0.0375          -0.112*         0.0267         -0.0996          0.0300          -0.102        0.000594   
                  (-2.76)         (-0.72)         (-2.44)          (0.64)         (-0.88)          (0.26)         (-1.14)          (0.01)   

stpr_fac85       -0.00737          0.0666          0.0268          0.0369          -0.180           0.220          -0.188           0.110   
                  (-0.12)          (1.11)          (0.51)          (0.77)         (-1.39)          (1.63)         (-1.82)          (1.08)   

stpr_fac86        -0.0877         -0.0460         -0.0158          0.0124         -0.0337           0.201         -0.0549          0.0972   
                  (-1.90)         (-1.01)         (-0.39)          (0.34)         (-0.34)          (1.96)         (-0.70)          (1.25)   

stpr_fac87        -0.0791         -0.0578          0.0172         0.00912         -0.0463          0.0924         -0.0404          0.0528   
                  (-1.94)         (-1.43)          (0.48)          (0.28)         (-0.53)          (1.02)         (-0.58)          (0.77)   

stpr_fac88         0.0544         -0.0504          0.0614          0.0426           0.144         -0.0387          0.0983          0.0238   
                   (1.42)         (-1.33)          (1.84)          (1.40)          (1.75)         (-0.45)          (1.50)          (0.37)   

stpr_fac89        -0.0636        -0.00326        -0.00128          0.0162          0.0381           0.132          0.0172          0.0831   
                  (-1.67)         (-0.09)         (-0.04)          (0.54)          (0.47)          (1.56)          (0.27)          (1.30)   

stpr_fac90        -0.0697         -0.0455         0.00375          0.0363         -0.0321          0.0973        0.000731          0.0743   
                  (-1.58)         (-1.04)          (0.10)          (1.04)         (-0.34)          (0.99)          (0.01)          (1.00)   

stpr_fac91        -0.0932*        -0.0517          0.0175          0.0151        -0.00973           0.229**        0.0713           0.173** 
                  (-2.43)         (-1.36)          (0.52)          (0.50)         (-0.12)          (2.68)          (1.09)          (2.68)   

stpr_fac92        -0.0722         -0.0565          0.0169          0.0392         -0.0674          0.0577         -0.0170          0.0729   
                  (-1.78)         (-1.41)          (0.48)          (1.22)         (-0.77)          (0.64)         (-0.25)          (1.07)   

stpr_fac93        -0.0653         -0.0130          0.0797*         0.0892**      0.000707          0.0644          0.0470          0.0704   
                  (-1.70)         (-0.34)          (2.38)          (2.93)          (0.01)          (0.75)          (0.72)          (1.09)   

stpr_fac94        -0.0383          -0.127**       0.00345          0.0368         -0.0198         -0.0453          0.0490          0.0830   
                  (-0.82)         (-2.73)          (0.08)          (0.99)         (-0.20)         (-0.43)          (0.61)          (1.05)   

stpr_fac95        -0.0295         -0.0808         0.00865          0.0229         -0.0590         -0.0882         -0.0510         -0.0336   
                  (-0.69)         (-1.90)          (0.23)          (0.67)         (-0.64)         (-0.92)         (-0.70)         (-0.46)   

stpr_fac96        -0.0709          0.0124          0.0171          0.0294          -0.183*          0.112         -0.0808          0.0400   
                  (-1.76)          (0.31)          (0.49)          (0.92)         (-2.12)          (1.25)         (-1.17)          (0.59)   

stpr_fac97        -0.0221        -0.00701        -0.00855          0.0400          0.0348           0.106          0.0372          0.0885   
                  (-0.60)         (-0.19)         (-0.27)          (1.38)          (0.44)          (1.30)          (0.60)          (1.44)   

stpr_fac98        -0.0265         -0.0802*        -0.0118         0.00942         -0.0133         0.00801         -0.0155          0.0744   
                  (-0.66)         (-2.01)         (-0.34)          (0.30)         (-0.15)          (0.09)         (-0.23)          (1.10)   

stpr_fac99        -0.0428          0.0457        -0.00571         0.00864         -0.0668           0.241*         0.0329           0.151   
                  (-0.90)          (0.97)         (-0.14)          (0.23)         (-0.66)          (2.28)          (0.41)          (1.90)   

stpr_fac100       -0.0369         -0.0800          0.0404         -0.0504          0.0289         -0.0390          0.0518        -0.00245   
                  (-0.60)         (-1.30)          (0.75)         (-1.03)          (0.22)         (-0.28)          (0.49)         (-0.02)   

stpr_fac101       -0.0906        -0.00480          0.0209          0.0278          -0.138          0.0716          -0.129          0.0516   
                  (-1.66)         (-0.09)          (0.44)          (0.64)         (-1.18)          (0.59)         (-1.38)          (0.56)   

stpr_fac102       -0.0915         -0.0596          0.0999*       -0.00849         -0.0163         -0.0366          0.0709        -0.00262   
                  (-1.87)         (-1.23)          (2.34)         (-0.22)         (-0.16)         (-0.34)          (0.85)         (-0.03)   

stpr_fac103       -0.0537         -0.0277          0.0279          0.0194          0.0379           0.179          0.0804           0.115   
                  (-1.11)         (-0.58)          (0.67)          (0.51)          (0.37)          (1.67)          (0.98)          (1.41)   

_cons              0.0452          0.0285        -0.00969         -0.0292          0.0325         -0.0585         0.00575         -0.0548   
                   (1.28)          (0.81)         (-0.32)         (-1.04)          (0.43)         (-0.74)          (0.10)         (-0.92)   
--------------------------------------------------------------------------------------------------------------------------------------------
N                    1211            1211            1211            1211            1211            1211            1211            1211   
R-sq                0.191           0.213           0.230           0.219           0.217           0.241           0.241           0.196   
--------------------------------------------------------------------------------------------------------------------------------------------
t statistics in parentheses
* p<0.05, ** p<0.01, *** p<0.001
