--------------------------------------------------------------------------------------------------------------------------------------------
                      (1)             (2)             (3)             (4)             (5)             (6)             (7)             (8)   
             aginc_back~d    aginc_pred~t    nfincome_b~d    nfincome_p~t    output_bac~d    output_pre~t    percapinc_~d    percapinc_~t   
--------------------------------------------------------------------------------------------------------------------------------------------
lngt80diff~e       -0.838*          2.197***        0.183         0.00377          0.0932          0.0487          -0.635*          0.746***
                  (-2.03)          (5.81)          (0.98)          (0.02)          (0.57)          (0.29)         (-2.41)          (3.38)   

stpr_fac1          -0.372**         0.614***      -0.0240          -0.148*          0.180***       0.0792          -0.173*          0.146*  
                  (-2.93)          (5.29)         (-0.42)         (-2.55)          (3.58)          (1.51)         (-2.14)          (2.16)   

stpr_fac2          -0.268*          0.614***       0.0273         -0.0467          0.0959*         0.0848          -0.121           0.106   
                  (-2.37)          (5.93)          (0.53)         (-0.90)          (2.14)          (1.81)         (-1.68)          (1.75)   

stpr_fac3          -0.462***        1.009***      -0.0519          0.0579          0.0377           0.211***       -0.234**         0.275***
                  (-3.58)          (8.56)         (-0.89)          (0.98)          (0.74)          (3.95)         (-2.85)          (4.01)   

stpr_fac4          -0.375**         0.726***      -0.0537          0.0454           0.115*          0.110*         -0.214**         0.197** 
                  (-2.97)          (6.30)         (-0.94)          (0.79)          (2.31)          (2.11)         (-2.67)          (2.94)   

o.stpr_fac5             0               0               0               0               0               0               0               0   
                      (.)             (.)             (.)             (.)             (.)             (.)             (.)             (.)   

stpr_fac6          -0.241           0.173         -0.0105          0.0877         -0.0711         -0.0886         -0.0566         -0.0903   
                  (-1.15)          (0.90)         (-0.11)          (0.91)         (-0.86)         (-1.02)         (-0.42)         (-0.81)   

stpr_fac7          -0.436**         0.681***       -0.106          -0.127*          0.139**        0.0466          -0.235**         0.203** 
                  (-3.22)          (5.50)         (-1.73)         (-2.05)          (2.59)          (0.83)         (-2.72)          (2.82)   

stpr_fac8          -0.415**         0.886***      -0.0650          0.0370         -0.0299           0.128*         -0.297**         0.224** 
                  (-2.90)          (6.76)         (-1.00)          (0.56)         (-0.53)          (2.17)         (-3.25)          (2.94)   

stpr_fac9          -0.235           0.213          -0.117         -0.0511          0.0614          0.0492         -0.0745        -0.01000   
                  (-1.65)          (1.63)         (-1.80)         (-0.78)          (1.09)          (0.83)         (-0.82)         (-0.13)   

stpr_fac10         -0.334**         0.587***      -0.0806         -0.0317           0.134**        0.0435          -0.195*         0.0749   
                  (-2.64)          (5.09)         (-1.41)         (-0.55)          (2.69)          (0.83)         (-2.43)          (1.11)   

stpr_fac11         -0.205           0.254*        -0.0432         0.00414          0.0747           0.101          -0.105          0.0231   
                  (-1.49)          (2.02)         (-0.69)          (0.07)          (1.37)          (1.78)         (-1.19)          (0.31)   

stpr_fac12         -0.263*          0.404***      -0.0534         0.00470          0.0341          0.0591         -0.0880          0.0409   
                  (-1.99)          (3.35)         (-0.89)          (0.08)          (0.65)          (1.08)         (-1.05)          (0.58)   

stpr_fac13         -0.444**         0.417**        -0.173*        -0.0283          0.0627          0.0461          -0.185          0.0611   
                  (-2.94)          (3.02)         (-2.53)         (-0.41)          (1.05)          (0.74)         (-1.92)          (0.76)   

stpr_fac14         -0.148           0.274        -0.00434         -0.0524           0.200**        0.0399         -0.0239          0.0237   
                  (-0.83)          (1.68)         (-0.05)         (-0.64)          (2.83)          (0.54)         (-0.21)          (0.25)   

stpr_fac15         -0.500***        0.717***       -0.130*        -0.0389          0.0365           0.114*         -0.209**         0.245***
                  (-4.17)          (6.55)         (-2.40)         (-0.71)          (0.77)          (2.31)         (-2.73)          (3.83)   

stpr_fac16         -0.335*          0.531***       -0.100         -0.0365          0.0336           0.108          -0.154         -0.0206   
                  (-2.47)          (4.27)         (-1.63)         (-0.59)          (0.63)          (1.93)         (-1.77)         (-0.28)   

stpr_fac17         -0.249*          0.740***      -0.0135        -0.00135          0.0909          0.0910         -0.0855           0.126   
                  (-2.03)          (6.61)         (-0.24)         (-0.02)          (1.88)          (1.80)         (-1.10)          (1.93)   

stpr_fac18         -0.351**         0.201         -0.0347         -0.0187          0.0314           0.110*         -0.187*        -0.0894   
                  (-2.72)          (1.70)         (-0.59)         (-0.32)          (0.61)          (2.06)         (-2.27)         (-1.30)   

stpr_fac19         -0.261*          0.638***      -0.0624        -0.00443         0.00224          0.0498         -0.0360           0.181** 
                  (-2.08)          (5.57)         (-1.10)         (-0.08)          (0.05)          (0.96)         (-0.45)          (2.71)   

stpr_fac20         -0.263*          0.848***       0.0504           0.120*        -0.0149           0.261***       -0.213**         0.240***
                  (-2.15)          (7.58)          (0.91)          (2.14)         (-0.31)          (5.15)         (-2.74)          (3.68)   

stpr_fac21         -0.134           0.329*        -0.0174           0.118          0.0698          0.0891          -0.117          0.0916   
                  (-0.86)          (2.32)         (-0.25)          (1.66)          (1.14)          (1.39)         (-1.18)          (1.11)   

stpr_fac22         -0.336*          0.936***       0.0744          0.0107          0.0680          0.0948          -0.194*          0.200*  
                  (-2.28)          (6.93)          (1.11)          (0.16)          (1.17)          (1.55)         (-2.06)          (2.54)   

stpr_fac23         -0.275           0.584***     -0.00486         -0.0626           0.116          0.0853          -0.116          0.0718   
                  (-1.78)          (4.14)         (-0.07)         (-0.89)          (1.91)          (1.34)         (-1.19)          (0.87)   

stpr_fac24         -0.455**         0.882***      -0.0700          0.0460          0.0460           0.133*         -0.230*          0.230** 
                  (-2.89)          (6.13)         (-0.98)          (0.64)          (0.74)          (2.04)         (-2.29)          (2.74)   

stpr_fac25         -0.408**         0.839***      -0.0559        -0.00495          0.0778          0.0868          -0.222*          0.173*  
                  (-3.00)          (6.75)         (-0.91)         (-0.08)          (1.45)          (1.55)         (-2.56)          (2.39)   

stpr_fac26         -0.306           0.435*        -0.0800         -0.0620          0.0990         0.00339         -0.0757          0.0154   
                  (-1.58)          (2.45)         (-0.91)         (-0.70)          (1.29)          (0.04)         (-0.61)          (0.15)   

stpr_fac27         -0.344           0.520**        -0.111         -0.0226          0.0836          0.0716          -0.151          0.0632   
                  (-1.78)          (2.94)         (-1.27)         (-0.26)          (1.09)          (0.89)         (-1.22)          (0.61)   

stpr_fac28         -0.250*          0.536***      -0.0710          0.0262        -0.00626           0.103*         -0.133          0.0701   
                  (-2.15)          (5.03)         (-1.35)          (0.49)         (-0.14)          (2.15)         (-1.79)          (1.13)   

stpr_fac29         -0.411**         0.753***      -0.0553          0.0522          0.0729          0.0106          -0.208*          0.195** 
                  (-3.04)          (6.09)         (-0.90)          (0.84)          (1.36)          (0.19)         (-2.41)          (2.70)   

stpr_fac30         -0.362**         0.804***     0.000654          0.0729          0.0702           0.131**        -0.202**         0.197** 
                  (-3.17)          (7.69)          (0.01)          (1.39)          (1.55)          (2.77)         (-2.77)          (3.23)   

stpr_fac31         -0.247           0.531***      -0.0321          0.0224          0.0510          0.0952          -0.114          0.0691   
                  (-1.89)          (4.45)         (-0.54)          (0.37)          (0.99)          (1.77)         (-1.37)          (0.99)   

stpr_fac32         0.0395          -0.199         -0.0559          -0.149          0.0400          0.0533          0.0926          -0.171   
                   (0.23)         (-1.26)         (-0.71)         (-1.88)          (0.58)          (0.74)          (0.84)         (-1.85)   

stpr_fac33         -0.361          -0.260          -0.272**        -0.139         -0.0488           0.157         -0.0889         -0.0903   
                  (-1.73)         (-1.36)         (-2.87)         (-1.45)         (-0.59)          (1.82)         (-0.67)         (-0.81)   

stpr_fac34        -0.0159         -0.0192          -0.111         0.00858          0.0274          0.0595          0.0641         -0.0473   
                  (-0.08)         (-0.11)         (-1.25)          (0.10)          (0.35)          (0.73)          (0.51)         (-0.45)   

stpr_fac35         -0.489***        0.390**        -0.298***       -0.101         -0.0714          0.0827          -0.270**       -0.0129   
                  (-3.58)          (3.13)         (-4.83)         (-1.62)         (-1.32)          (1.47)         (-3.11)         (-0.18)   

stpr_fac36         0.0939          -0.180         -0.0841         -0.0112       0.0000776          0.0850           0.130          -0.181   
                   (0.46)         (-0.96)         (-0.90)         (-0.12)          (0.00)          (1.00)          (0.99)         (-1.65)   

stpr_fac37         -0.254          -0.373*         -0.234**        -0.320***       0.0112          0.0780        -0.00527          -0.345***
                  (-1.45)         (-2.33)         (-2.95)         (-4.00)          (0.16)          (1.08)         (-0.05)         (-3.70)   

stpr_fac38         -0.597***        0.988***      -0.0816          0.0367          0.0321          0.0892          -0.340***        0.278***
                  (-4.66)          (8.43)         (-1.41)          (0.62)          (0.63)          (1.68)         (-4.16)          (4.06)   

stpr_fac39         -0.572***        0.974***      -0.0678          0.0274          0.0582          0.0940          -0.349***        0.304***
                  (-4.59)          (8.54)         (-1.20)          (0.48)          (1.18)          (1.82)         (-4.38)          (4.58)   

stpr_fac40         -0.753***        1.037***       -0.238***       0.0860         -0.0253           0.116*         -0.454***        0.344***
                  (-5.62)          (8.46)         (-3.92)          (1.40)         (-0.48)          (2.09)         (-5.31)          (4.82)   

stpr_fac41         -0.654***        0.931***       -0.118         -0.0502          0.0619           0.110*         -0.397***        0.232** 
                  (-4.86)          (7.57)         (-1.94)         (-0.82)          (1.16)          (1.99)         (-4.63)          (3.23)   

stpr_fac42         -0.370**         0.890***      -0.0235          0.0583          0.0709          0.0934          -0.239**         0.281***
                  (-2.96)          (7.78)         (-0.42)          (1.02)          (1.44)          (1.81)         (-3.00)          (4.21)   

stpr_fac43         -0.271*          0.454***      -0.0490         -0.0342         0.00655          0.0426          -0.108          0.0623   
                  (-2.34)          (4.29)         (-0.93)         (-0.65)          (0.14)          (0.89)         (-1.46)          (1.01)   

stpr_fac44         0.0950          -0.169         -0.0736          0.0957          0.0184           0.126           0.150          -0.127   
                   (0.44)         (-0.85)         (-0.75)          (0.96)          (0.21)          (1.40)          (1.08)         (-1.09)   

stpr_fac45         -0.266*          0.305*        -0.0994         -0.0242          0.0262          0.0522          -0.124         0.00961   
                  (-2.05)          (2.57)         (-1.70)         (-0.41)          (0.51)          (0.98)         (-1.50)          (0.14)   

stpr_fac46         -0.332*          0.407***      -0.0885         -0.0174          0.0156          0.0613          -0.161          0.0953   
                  (-2.48)          (3.33)         (-1.46)         (-0.28)          (0.29)          (1.11)         (-1.89)          (1.34)   

stpr_fac47         -0.242*          0.467***      -0.0383         -0.0454          0.0843           0.122*         -0.195*       -0.00402   
                  (-2.04)          (4.30)         (-0.71)         (-0.84)          (1.80)          (2.48)         (-2.58)         (-0.06)   

stpr_fac48         -0.357**         0.654***      -0.0660         -0.0407          0.0663           0.112*         -0.170*          0.135*  
                  (-2.84)          (5.70)         (-1.16)         (-0.71)          (1.34)          (2.17)         (-2.12)          (2.01)   

stpr_fac49         -0.492**         0.988***      -0.0733         -0.0595          0.0511          0.0680          -0.181           0.257** 
                  (-3.25)          (7.15)         (-1.07)         (-0.86)          (0.86)          (1.09)         (-1.88)          (3.19)   

stpr_fac50         -0.609***        0.677***       -0.140*        -0.0221          0.0235          0.0250          -0.292**         0.248** 
                  (-4.08)          (4.96)         (-2.07)         (-0.32)          (0.40)          (0.41)         (-3.07)          (3.11)   

stpr_fac51         -0.339**         0.414***       -0.134*        -0.0579          0.0645          0.0964          -0.157*         0.0692   
                  (-2.73)          (3.65)         (-2.38)         (-1.02)          (1.32)          (1.88)         (-1.99)          (1.05)   

stpr_fac52         0.0127           0.231*        -0.0659          0.0109         0.00954          0.0682          0.0527         0.00906   
                   (0.11)          (2.13)         (-1.23)          (0.20)          (0.20)          (1.39)          (0.70)          (0.14)   

stpr_fac53         -0.413***        0.521***       -0.112*        -0.0480         -0.0189          0.0550          -0.205**        0.0993   
                  (-3.63)          (5.00)         (-2.16)         (-0.92)         (-0.42)          (1.17)         (-2.83)          (1.63)   

stpr_fac54         -0.334*          0.637***      -0.0112         -0.0328         -0.0136          0.0851          -0.191*          0.143   
                  (-2.29)          (4.77)         (-0.17)         (-0.49)         (-0.24)          (1.41)         (-2.05)          (1.83)   

stpr_fac55         -0.292*          0.332**       -0.0931         -0.0453          0.0266          0.0970          -0.123          0.0182   
                  (-2.27)          (2.82)         (-1.60)         (-0.77)          (0.52)          (1.83)         (-1.50)          (0.27)   

stpr_fac56         -0.458***        0.815***      -0.0370         -0.0556          0.0887           0.109*         -0.202**         0.192** 
                  (-3.77)          (7.35)         (-0.67)         (-1.00)          (1.85)          (2.18)         (-2.62)          (2.97)   

stpr_fac57         -0.448**         0.818***      -0.0590         -0.0347           0.130*         0.0168          -0.243*          0.183*  
                  (-2.80)          (5.59)         (-0.81)         (-0.47)          (2.06)          (0.25)         (-2.39)          (2.14)   

stpr_fac58        -0.0987           0.206         -0.0253          0.0348          0.0968          0.0460         0.00623         -0.0183   
                  (-0.57)          (1.30)         (-0.32)          (0.44)          (1.41)          (0.64)          (0.06)         (-0.20)   

stpr_fac59         -0.428**         1.099***       0.0341          0.0329           0.110*          0.131*         -0.242**         0.307***
                  (-3.17)          (8.89)          (0.56)          (0.53)          (2.06)          (2.34)         (-2.81)          (4.26)   

stpr_fac60         -0.317**         0.732***      -0.0564          0.0434           0.120*          0.115*         -0.143           0.161*  
                  (-2.67)          (6.74)         (-1.05)          (0.80)          (2.57)          (2.34)         (-1.89)          (2.54)   

stpr_fac61         -0.442**         0.737***      -0.0613          -0.106           0.107          0.0548          -0.239*          0.112   
                  (-2.92)          (5.33)         (-0.90)         (-1.53)          (1.78)          (0.88)         (-2.48)          (1.39)   

stpr_fac62         -0.139           0.286*        -0.0548          0.0642          0.0149           0.103         -0.0385          0.0426   
                  (-0.96)          (2.17)         (-0.84)          (0.97)          (0.26)          (1.72)         (-0.42)          (0.55)   

stpr_fac63         -0.601***        0.954***       -0.118         -0.0163         0.00206          0.0844          -0.357***        0.253** 
                  (-4.10)          (7.13)         (-1.79)         (-0.24)          (0.04)          (1.39)         (-3.83)          (3.24)   

stpr_fac64         -0.308*         0.0989          -0.205**       -0.0821         0.00171          0.0201         -0.0894         -0.0590   
                  (-2.04)          (0.72)         (-3.00)         (-1.19)          (0.03)          (0.32)         (-0.93)         (-0.73)   

stpr_fac65         -0.732***        1.226***       -0.146         -0.0630          0.0397           0.146          -0.406***        0.353***
                  (-3.94)          (7.23)         (-1.74)         (-0.74)          (0.54)          (1.90)         (-3.44)          (3.57)   

stpr_fac66         -0.298           0.248          -0.157         -0.0409          0.0189           0.114          -0.101          0.0334   
                  (-1.66)          (1.51)         (-1.93)         (-0.50)          (0.27)          (1.53)         (-0.88)          (0.35)   

stpr_fac67         -0.214           0.465***      -0.0333         0.00164          0.0485           0.120          -0.115          0.0826   
                  (-1.43)          (3.41)         (-0.49)          (0.02)          (0.82)          (1.95)         (-1.21)          (1.04)   

stpr_fac68         -0.540**         0.897***       -0.118        -0.00571          0.0257           0.137          -0.279*          0.282** 
                  (-3.08)          (5.60)         (-1.48)         (-0.07)          (0.37)          (1.89)         (-2.50)          (3.02)   

stpr_fac69         -0.455*          1.142***       0.0481         -0.0438          0.0850          0.0480          -0.303**         0.285** 
                  (-2.56)          (7.03)          (0.60)         (-0.54)          (1.21)          (0.65)         (-2.67)          (3.01)   

stpr_fac70         -0.664***        1.035***       -0.123         -0.0969          0.0758          0.0781          -0.327**         0.230*  
                  (-3.97)          (6.76)         (-1.63)         (-1.27)          (1.15)          (1.13)         (-3.07)          (2.58)   

stpr_fac71         -0.425*          1.009***      0.00934         -0.0557           0.144*         0.0887          -0.245*          0.245*  
                  (-2.30)          (5.98)          (0.11)         (-0.66)          (1.98)          (1.16)         (-2.08)          (2.49)   

stpr_fac72         -0.252           0.976***      -0.0208         -0.0519          0.0552           0.111          -0.117           0.238** 
                  (-1.55)          (6.55)         (-0.28)         (-0.70)          (0.86)          (1.65)         (-1.12)          (2.74)   

stpr_fac73         -0.392***        0.867***     -0.00959          0.0691          0.0492          0.0992*         -0.217**         0.259***
                  (-3.35)          (8.11)         (-0.18)          (1.29)          (1.06)          (2.05)         (-2.92)          (4.15)   

stpr_fac74         -0.100           0.206        -0.00994         -0.0454          0.0370          0.0433         -0.0266         -0.0338   
                  (-0.70)          (1.58)         (-0.15)         (-0.70)          (0.66)          (0.73)         (-0.29)         (-0.44)   

stpr_fac75         -0.478**         0.824***      -0.0115         -0.0820           0.121*         -0.134*         -0.151           0.247** 
                  (-3.10)          (5.84)         (-0.16)         (-1.16)          (1.99)         (-2.10)         (-1.54)          (3.01)   

stpr_fac76         -0.257           0.640***      -0.0297        0.000300          0.0335          0.0860         -0.0450          0.0889   
                  (-1.53)          (4.16)         (-0.39)          (0.00)          (0.50)          (1.24)         (-0.42)          (0.99)   

stpr_fac77         -0.337*          0.734***      -0.0433        -0.00341           0.126         -0.0347          -0.158           0.265** 
                  (-1.99)          (4.75)         (-0.57)         (-0.04)          (1.88)         (-0.50)         (-1.46)          (2.94)   

stpr_fac78         -0.448**         0.951***      -0.0424         -0.0783          0.0345          0.0944         -0.0720           0.109   
                  (-2.66)          (6.19)         (-0.56)         (-1.03)          (0.52)          (1.37)         (-0.68)          (1.23)   

o.stpr_fac79            0               0               0               0               0               0               0               0   
                      (.)             (.)             (.)             (.)             (.)             (.)             (.)             (.)   

stpr_fac80         -0.444***        0.420***       -0.145**       -0.0188          0.0879          0.0274         -0.0998          0.0828   
                  (-3.58)          (3.70)         (-2.59)         (-0.33)          (1.79)          (0.53)         (-1.26)          (1.25)   

stpr_fac81         -0.268*          0.595***      -0.0159          0.0162         -0.0124          0.0639         -0.0827           0.140*  
                  (-2.34)          (5.67)         (-0.31)          (0.31)         (-0.27)          (1.35)         (-1.13)          (2.29)   

stpr_fac82          0.172          -0.288*         -0.225**       -0.0121          -0.109          0.0360           0.299**        -0.351***
                   (1.10)         (-2.03)         (-3.19)         (-0.17)         (-1.77)          (0.56)          (3.02)         (-4.23)   

stpr_fac83          0.148           0.626***        0.291***       0.0360           0.181**        0.0372          0.0350          0.0371   
                   (0.95)          (4.39)          (4.12)          (0.50)          (2.94)          (0.58)          (0.35)          (0.45)   

stpr_fac84         -0.501**         0.882***      -0.0653          -0.248***       0.0606         0.00617          -0.319**         0.245** 
                  (-3.05)          (5.87)         (-0.88)         (-3.30)          (0.93)          (0.09)         (-3.05)          (2.80)   

stpr_fac85         -0.152           0.179         -0.0473        0.000868          0.0571          0.0655         -0.0120         -0.0115   
                  (-0.96)          (1.24)         (-0.66)          (0.01)          (0.92)          (1.00)         (-0.12)         (-0.14)   

stpr_fac86         -0.216           0.357**       -0.0397         -0.0420          0.0480          0.0560         -0.0622          0.0334   
                  (-1.56)          (2.82)         (-0.63)         (-0.66)          (0.88)          (0.98)         (-0.70)          (0.45)   

stpr_fac87         -0.180           0.601***       0.0268         0.00780          0.0408           0.123*        -0.0938           0.110   
                  (-1.47)          (5.34)          (0.48)          (0.14)          (0.84)          (2.42)         (-1.20)          (1.68)   

stpr_fac88        -0.0705           0.416***      -0.0218          0.0162        0.000701           0.153**      -0.00213         -0.0766   
                  (-0.61)          (3.95)         (-0.42)          (0.31)          (0.02)          (3.22)         (-0.03)         (-1.25)   

stpr_fac89         -0.396***        0.748***      -0.0839         0.00562          0.0704           0.129**        -0.205**         0.179** 
                  (-3.38)          (6.97)         (-1.58)          (0.10)          (1.52)          (2.66)         (-2.75)          (2.87)   

stpr_fac90         -0.691***        1.139***       -0.160*        -0.0324          0.0682           0.113          -0.382***        0.314***
                  (-4.21)          (7.59)         (-2.15)         (-0.43)          (1.05)          (1.66)         (-3.65)          (3.59)   

stpr_fac91         -0.321**         0.534***      -0.0647         0.00784          0.0359          0.0658          -0.129           0.108   
                  (-2.84)          (5.16)         (-1.26)          (0.15)          (0.80)          (1.41)         (-1.79)          (1.80)   

stpr_fac92         -0.254*          0.417***      -0.0872          0.0368          0.0213          0.0965         -0.0745           0.102   
                  (-1.98)          (3.57)         (-1.50)          (0.63)          (0.42)          (1.83)         (-0.91)          (1.50)   

stpr_fac93         -0.194           0.360**       -0.0448          0.0311          0.0490          0.0903         -0.0920          0.0484   
                  (-1.48)          (3.01)         (-0.76)          (0.52)          (0.95)          (1.67)         (-1.11)          (0.69)   

stpr_fac94         -0.599***        0.724***      -0.0335         -0.0120        -0.00431          0.0804          -0.289***        0.229***
                  (-4.78)          (6.32)         (-0.59)         (-0.21)         (-0.09)          (1.55)         (-3.62)          (3.43)   

stpr_fac95         -0.213           0.337*        -0.0683          0.0235          0.0199           0.131*        -0.0608          0.0419   
                  (-1.45)          (2.51)         (-1.02)          (0.35)          (0.34)          (2.15)         (-0.65)          (0.53)   

stpr_fac96         -0.238           0.310*        -0.0816          0.0151          0.0179          0.0661         -0.0839          0.0222   
                  (-1.82)          (2.58)         (-1.37)          (0.25)          (0.34)          (1.22)         (-1.00)          (0.32)   

stpr_fac97         -0.171           0.476***      -0.0305         -0.0161          0.0691           0.119*         0.0131          0.0760   
                  (-1.51)          (4.60)         (-0.60)         (-0.31)          (1.55)          (2.54)          (0.18)          (1.26)   

stpr_fac98         -0.315**         0.428***       -0.101         -0.0257         0.00500           0.163***       -0.160*         0.0197   
                  (-2.65)          (3.94)         (-1.87)         (-0.47)          (0.11)          (3.31)         (-2.11)          (0.31)   

stpr_fac99         -0.293*          0.541***      -0.0482         -0.0119          0.0212          0.0535          -0.115          0.0764   
                  (-2.32)          (4.68)         (-0.84)         (-0.21)          (0.42)          (1.02)         (-1.43)          (1.13)   

stpr_fac100        -0.234           0.165          -0.113         -0.0496          0.0360          0.0805         -0.0756       -0.000663   
                  (-1.42)          (1.10)         (-1.52)         (-0.66)          (0.55)          (1.18)         (-0.72)         (-0.01)   

stpr_fac101        -0.278*          0.539***      -0.0354          0.0198          0.0118           0.129*         -0.171          0.0875   
                  (-1.98)          (4.19)         (-0.56)          (0.31)          (0.21)          (2.22)         (-1.91)          (1.17)   

stpr_fac102       -0.0963          -0.142          0.0212          -0.113           0.102        -0.00723          0.0912         -0.0145   
                  (-0.55)         (-0.88)          (0.27)         (-1.40)          (1.47)         (-0.10)          (0.81)         (-0.15)   

stpr_fac103        0.0688          -0.119         -0.0588          0.0210          0.0719          0.0520           0.119          -0.134   
                   (0.36)         (-0.68)         (-0.67)          (0.24)          (0.95)          (0.65)          (0.97)         (-1.30)   

_cons               0.295**        -0.552***       0.0496         0.00797         -0.0529         -0.0918*          0.138*         -0.101   
                   (2.84)         (-5.81)          (1.05)          (0.17)         (-1.29)         (-2.14)          (2.08)         (-1.82)   
--------------------------------------------------------------------------------------------------------------------------------------------
N                    1206            1206            1207            1207            1207            1207            1207            1207   
R-sq                0.242           0.330           0.278           0.251           0.192           0.180           0.270           0.314   
--------------------------------------------------------------------------------------------------------------------------------------------
t statistics in parentheses
* p<0.05, ** p<0.01, *** p<0.001
