--------------------------------------------------------------------------------------------------------------------------------------------
                      (1)             (2)             (3)             (4)             (5)             (6)             (7)             (8)   
             avwage_bac~d    avwage_pre~t    pop_backward     pop_predict    wagebill_b~d    wagebill_p~t    wageemp_ba~d    wageemp_pr~t   
--------------------------------------------------------------------------------------------------------------------------------------------
lngt80diff~e        0.264          0.0465           0.378**        0.0343          -0.214         -0.0631          -0.415         -0.0350   
                   (1.60)          (0.27)          (2.61)          (0.29)         (-0.71)         (-0.20)         (-1.86)         (-0.15)   

stpr_fac1           0.226***       0.0654         -0.0586         -0.0556          0.0923          0.0942          -0.131          0.0324   
                   (4.47)          (1.25)         (-1.32)         (-1.54)          (0.81)          (0.79)         (-1.54)          (0.38)   

stpr_fac2           0.150***        0.112*        -0.0136          0.0218           0.210*          0.214*         0.0650          0.0963   
                   (3.32)          (2.41)         (-0.34)          (0.68)          (2.08)          (2.02)          (0.87)          (1.26)   

stpr_fac3          0.0657           0.209***      -0.0108          0.0515          0.0838           0.345**       -0.0816           0.159   
                   (1.28)          (3.93)         (-0.24)          (1.41)          (0.70)          (2.74)         (-0.92)          (1.76)   

stpr_fac4           0.116*          0.102*        -0.0190          0.0393           0.215           0.315**        0.0831           0.200*  
                   (2.31)          (1.97)         (-0.43)          (1.10)          (1.92)          (2.68)          (1.00)          (2.36)   

o.stpr_fac5             0               0               0               0          0.0626           0.646***      -0.0368           0.409***
                      (.)             (.)             (.)             (.)          (0.45)          (4.45)         (-0.36)          (3.92)   

stpr_fac6         -0.0371         -0.0675         -0.0515           0.202***        0.310           0.214           0.102           0.101   
                  (-0.44)         (-0.78)         (-0.70)          (3.38)          (1.79)          (1.17)          (0.79)          (0.77)   

stpr_fac7           0.147**        0.0832         -0.0564         -0.0713           0.186           0.281*        -0.0214           0.156   
                   (2.72)          (1.49)         (-1.19)         (-1.86)          (1.57)          (2.26)         (-0.24)          (1.74)   

stpr_fac8         -0.0251           0.144*         0.0333          0.0730         -0.0667           0.271          -0.164          0.0522   
                  (-0.44)          (2.43)          (0.66)          (1.80)         (-0.51)          (1.96)         (-1.68)          (0.52)   

stpr_fac9          0.0704           0.103          -0.130**       0.00663           0.191           0.255*          0.145           0.180*  
                   (1.24)          (1.75)         (-2.60)          (0.16)          (1.87)          (2.38)          (1.92)          (2.34)   

stpr_fac10          0.187***       0.0217         -0.0227          0.0538         -0.0957           0.176          -0.110          0.0828   
                   (3.72)          (0.42)         (-0.51)          (1.50)         (-0.85)          (1.49)         (-1.32)          (0.98)   

stpr_fac11         0.0377           0.127*        -0.0637          0.0317           0.128           0.294**        0.0511           0.187** 
                   (0.69)          (2.23)         (-1.32)          (0.81)          (1.34)          (2.93)          (0.72)          (2.58)   

stpr_fac12         0.0124          0.0777         -0.0770          0.0549         -0.0898          0.0939          -0.116          0.0409   
                   (0.24)          (1.43)         (-1.66)          (1.47)         (-0.87)          (0.87)         (-1.52)          (0.52)   

stpr_fac13         0.0600          0.0199          -0.154**        0.0276          0.0710           0.350**        0.0109           0.307** 
                   (1.00)          (0.32)         (-2.90)          (0.64)          (0.57)          (2.67)          (0.12)          (3.24)   

stpr_fac14          0.190**        0.0991          -0.102        -0.00405           0.112         -0.0716          0.0439         -0.0198   
                   (2.67)          (1.34)         (-1.62)         (-0.08)          (0.76)         (-0.46)          (0.40)         (-0.18)   

stpr_fac15         0.0702           0.134**        -0.107*        -0.0782*          0.139           0.321**        0.0666           0.192*  
                   (1.47)          (2.71)         (-2.54)         (-2.30)          (1.28)          (2.81)          (0.82)          (2.34)   

stpr_fac16         0.0645           0.101         -0.0444          0.0886*        -0.0647           0.173          -0.141          0.0635   
                   (1.19)          (1.80)         (-0.93)          (2.30)         (-0.53)          (1.34)         (-1.54)          (0.68)   

stpr_fac17          0.103*         0.0966         -0.0301          0.0678          0.0843           0.327**       -0.0255           0.198*  
                   (2.11)          (1.91)         (-0.70)          (1.95)          (0.80)          (2.96)         (-0.33)          (2.49)   

stpr_fac18         0.0222           0.107*        -0.0237          0.0372        -0.00983          0.0388         -0.0839        -0.00268   
                   (0.43)          (2.00)         (-0.52)          (1.01)         (-0.09)          (0.35)         (-1.07)         (-0.03)   

stpr_fac19         0.0149          0.0414         -0.0942*         0.0221          0.0740           0.338**       0.00731           0.153   
                   (0.30)          (0.80)         (-2.15)          (0.62)          (0.71)          (3.06)          (0.09)          (1.93)   

stpr_fac20         0.0192           0.255***       0.0557          0.0643           0.123           0.531***        0.103           0.257** 
                   (0.39)          (5.05)          (1.30)          (1.85)          (1.16)          (4.74)          (1.29)          (3.19)   

stpr_fac21         0.0463           0.118         -0.0327          0.0554           0.201           0.389**         0.128           0.253** 
                   (0.75)          (1.85)         (-0.60)          (1.26)          (1.77)          (3.26)          (1.52)          (2.93)   

stpr_fac22          0.139*          0.112          0.0620          0.0778          -0.103           0.431**        -0.147           0.248*  
                   (2.37)          (1.83)          (1.20)          (1.86)         (-0.75)          (3.00)         (-1.44)          (2.40)   

stpr_fac23          0.159**        0.0824         -0.0420          0.0426           0.112           0.430**        0.0946           0.252*  
                   (2.60)          (1.30)         (-0.78)          (0.97)          (0.81)          (2.97)          (0.93)          (2.42)   

stpr_fac24         0.0985           0.153*        -0.0291          0.0511          -0.109           0.321*         -0.209           0.166   
                   (1.57)          (2.35)         (-0.53)          (1.14)         (-0.75)          (2.11)         (-1.94)          (1.51)   

stpr_fac25          0.117*         0.0668        -0.00636          0.0451         0.00761           0.241          -0.127           0.151   
                   (2.17)          (1.19)         (-0.13)          (1.17)          (0.06)          (1.83)         (-1.37)          (1.59)   

stpr_fac26          0.119         -0.0188          -0.124          0.0489         -0.0341           0.408*         -0.109           0.293*  
                   (1.55)         (-0.24)         (-1.82)          (0.89)         (-0.20)          (2.26)         (-0.85)          (2.26)   

stpr_fac27          0.112          0.0737         -0.0868          0.0437          0.0342           0.290         -0.0791           0.199   
                   (1.45)          (0.92)         (-1.28)          (0.80)          (0.20)          (1.61)         (-0.62)          (1.53)   

stpr_fac28         0.0434           0.117*       -0.00287          0.0653*      -0.000552           0.271**       -0.0462           0.138   
                   (0.94)          (2.43)         (-0.07)          (1.97)         (-0.01)          (2.67)         (-0.64)          (1.89)   

stpr_fac29          0.100          0.0701         -0.0224          0.0501           0.114           0.321*        -0.0181           0.223*  
                   (1.86)          (1.26)         (-0.47)          (1.31)          (0.94)          (2.52)         (-0.20)          (2.42)   

stpr_fac30         0.0907*          0.125**       0.00953          0.0823*          0.137           0.468***       0.0357           0.334***
                   (1.99)          (2.65)          (0.24)          (2.54)          (1.36)          (4.42)          (0.48)          (4.39)   

stpr_fac31         0.0643          0.0997         -0.0547          0.0809*          0.195           0.379***        0.119           0.255** 
                   (1.24)          (1.85)         (-1.20)          (2.18)          (1.80)          (3.33)          (1.48)          (3.10)   

stpr_fac32       -0.00256          0.0691          -0.153*        -0.0336           0.127           0.215          0.0646           0.136   
                  (-0.04)          (0.97)         (-2.52)         (-0.68)          (1.11)          (1.80)          (0.76)          (1.58)   

stpr_fac33        -0.0682           0.227**        -0.246***       -0.135*                                                                  
                  (-0.82)          (2.64)         (-3.37)         (-2.28)                                                                   

stpr_fac34        -0.0453          0.0661          -0.170*         0.0196           0.109           0.279*         0.0953           0.212*  
                  (-0.58)          (0.82)         (-2.47)          (0.35)          (0.83)          (2.02)          (0.98)          (2.13)   

stpr_fac35        -0.0664          0.0156          -0.131**      0.000407         -0.0563         0.00960          -0.129          0.0396   
                  (-1.22)          (0.28)         (-2.73)          (0.01)         (-0.49)          (0.08)         (-1.51)          (0.45)   

stpr_fac36        -0.0549          0.0916          -0.146*         0.0614          0.0630          0.0946          0.0703          0.0170   
                  (-0.67)          (1.08)         (-2.03)          (1.05)          (0.46)          (0.66)          (0.69)          (0.16)   

stpr_fac37        -0.0300          0.0543          -0.278***      -0.0479          -0.233          -0.165          -0.239*         -0.234*  
                  (-0.43)          (0.75)         (-4.53)         (-0.96)         (-1.84)         (-1.24)         (-2.54)         (-2.44)   

stpr_fac38         0.0934           0.116*        0.00499          0.0579           0.153           0.307*         0.0516           0.142   
                   (1.83)          (2.20)          (0.11)          (1.59)          (1.28)          (2.46)          (0.58)          (1.58)   

stpr_fac39          0.115*          0.114*       -0.00260          0.0384          0.0561          0.0996         -0.0163          0.0310   
                   (2.31)          (2.22)         (-0.06)          (1.09)          (0.49)          (0.83)         (-0.19)          (0.36)   

stpr_fac40         0.0673           0.110*        -0.0242          0.0265         0.00411           0.260*        -0.0559           0.160   
                   (1.26)          (1.98)         (-0.51)          (0.70)          (0.03)          (1.99)         (-0.61)          (1.70)   

stpr_fac41          0.131*          0.109        -0.00301          0.0113         -0.0572           0.224          -0.150           0.119   
                   (2.45)          (1.96)         (-0.06)          (0.30)         (-0.46)          (1.70)         (-1.62)          (1.25)   

stpr_fac42          0.115*         0.0966          0.0186          0.0651        -0.00138           0.231*        -0.0654           0.131   
                   (2.31)          (1.87)          (0.43)          (1.84)         (-0.01)          (1.96)         (-0.79)          (1.55)   

stpr_fac43         0.0409          0.0478         -0.0749          0.0273          -0.186*          0.105          -0.231***       0.0485   
                   (0.89)          (1.00)         (-1.84)          (0.83)         (-2.02)          (1.09)         (-3.38)          (0.70)   

stpr_fac44        -0.0289           0.112          -0.186*         0.0732           0.117           0.217           0.110          0.0689   
                  (-0.33)          (1.25)         (-2.44)          (1.18)          (0.81)          (1.44)          (1.03)          (0.63)   

stpr_fac45         0.0441          0.0483         -0.0888          0.0300          0.0488           0.350***      -0.0587           0.192** 
                   (0.86)          (0.90)         (-1.96)          (0.82)          (0.51)          (3.51)         (-0.83)          (2.68)   

stpr_fac46         0.0303          0.0574         -0.0704          0.0149          0.0741           0.325**        0.0221           0.186*  
                   (0.57)          (1.04)         (-1.50)          (0.39)          (0.77)          (3.24)          (0.31)          (2.56)   

stpr_fac47          0.121*          0.111*         0.0376          0.0439          0.0714           0.259*        -0.0560           0.179*  
                   (2.56)          (2.27)          (0.90)          (1.30)          (0.67)          (2.30)         (-0.70)          (2.21)   

stpr_fac48          0.100*          0.123*        -0.0330        -0.00909          0.0493           0.244*        -0.0342           0.136   
                   (2.01)          (2.37)         (-0.75)         (-0.26)          (0.43)          (2.02)         (-0.40)          (1.56)   

stpr_fac49         0.0948          0.0361         -0.0644          0.0213          0.0760           0.137         -0.0873           0.115   
                   (1.58)          (0.58)         (-1.22)          (0.50)          (0.54)          (0.93)         (-0.84)          (1.08)   

stpr_fac50         0.0263          0.0430          -0.108*        0.00963         -0.0217         0.00272         -0.0837        -0.00200   
                   (0.44)          (0.70)         (-2.07)          (0.23)         (-0.17)          (0.02)         (-0.90)         (-0.02)   

stpr_fac51         0.0450          0.0877         -0.0953*         0.0135          0.0417           0.328***       0.0260           0.176*  
                   (0.91)          (1.71)         (-2.19)          (0.38)          (0.45)          (3.35)          (0.38)          (2.50)   

stpr_fac52       -0.00506           0.103*        -0.0811          0.0106          0.0194          0.0647        -0.00235          0.0246   
                  (-0.11)          (2.11)         (-1.95)          (0.31)          (0.21)          (0.68)         (-0.03)          (0.36)   

stpr_fac53         0.0116          0.0464         -0.0783          0.0202         -0.0143           0.221*        -0.0254           0.157*  
                   (0.26)          (0.99)         (-1.96)          (0.63)         (-0.15)          (2.27)         (-0.37)          (2.24)   

stpr_fac54         0.0281          0.0614         0.00402          0.0314          -0.125           0.186          -0.139          0.0636   
                   (0.48)          (1.02)          (0.08)          (0.76)         (-0.95)          (1.35)         (-1.43)          (0.64)   

stpr_fac55         0.0233          0.0998         -0.0929*        0.00996          0.0219           0.193        -0.00194          0.0745   
                   (0.46)          (1.88)         (-2.06)          (0.27)          (0.22)          (1.87)         (-0.03)          (1.00)   

stpr_fac56          0.150**        0.0869         -0.0514          0.0171         -0.0136           0.248*         -0.157           0.151   
                   (3.10)          (1.74)         (-1.21)          (0.50)         (-0.12)          (2.10)         (-1.88)          (1.78)   

stpr_fac57          0.176**      -0.00502         -0.0112          0.0435          0.0661         -0.0754         -0.0809          0.0135   
                   (2.76)         (-0.08)         (-0.20)          (0.96)          (0.45)         (-0.49)         (-0.74)          (0.12)   

stpr_fac58         0.0618          0.0655         -0.0880          0.0524           0.357**         0.222           0.183           0.103   
                   (0.89)          (0.91)         (-1.44)          (1.06)          (2.74)          (1.63)          (1.90)          (1.05)   

stpr_fac59          0.188***       0.0896          0.0483          0.0516          0.0841           0.343**        -0.129           0.187*  
                   (3.50)          (1.61)          (1.02)          (1.34)          (0.67)          (2.59)         (-1.38)          (1.96)   

stpr_fac60          0.104*         0.0897         -0.0577          0.0617          0.0839           0.259*        -0.0274           0.144   
                   (2.19)          (1.83)         (-1.39)          (1.83)          (0.81)          (2.39)         (-0.36)          (1.85)   

stpr_fac61          0.141*         0.0715         -0.0232          0.0360          -0.310*          0.564***       -0.246*          0.329** 
                   (2.34)          (1.15)         (-0.44)          (0.84)         (-2.22)          (3.84)         (-2.37)          (3.11)   

stpr_fac62        0.00949           0.112         -0.0906          0.0415          0.0524           0.447***       0.0471           0.284***
                   (0.17)          (1.88)         (-1.79)          (1.01)          (0.52)          (4.22)          (0.63)          (3.73)   

stpr_fac63         0.0729           0.111         0.00351          0.0283          -0.196           0.484***       -0.208*          0.323** 
                   (1.25)          (1.84)          (0.07)          (0.68)         (-1.44)          (3.39)         (-2.06)          (3.14)   

stpr_fac64        -0.0169          0.0417          -0.187***     -0.00184           0.169           0.479***        0.179*          0.364***
                  (-0.28)          (0.67)         (-3.54)         (-0.04)          (1.53)          (4.13)          (2.18)          (4.35)   

stpr_fac65          0.115           0.137         -0.0241        -0.00861          0.0452           0.375*        -0.0978           0.296*  
                   (1.56)          (1.79)         (-0.37)         (-0.16)          (0.27)          (2.11)         (-0.78)          (2.31)   

stpr_fac66         0.0444           0.117          -0.139*        -0.0157           0.360*          0.196           0.174           0.158   
                   (0.62)          (1.58)         (-2.21)         (-0.31)          (2.43)          (1.26)          (1.58)          (1.41)   

stpr_fac67         0.0645           0.134*        -0.0354          0.0307           0.164           0.308*         0.0505           0.178   
                   (1.09)          (2.18)         (-0.68)          (0.73)          (1.31)          (2.34)          (0.54)          (1.88)   

stpr_fac68         0.0737           0.110         -0.0515         -0.0116          0.0509           0.377*        -0.0521           0.296*  
                   (1.06)          (1.52)         (-0.84)         (-0.23)          (0.31)          (2.21)         (-0.43)          (2.41)   

stpr_fac69          0.160*         0.0601          0.0828          0.0364         -0.0202           0.217          -0.171           0.171   
                   (2.27)          (0.82)          (1.33)          (0.72)         (-0.12)          (1.26)         (-1.40)          (1.38)   

stpr_fac70          0.130          0.0712         -0.0628          0.0470          -0.130           0.330*         -0.203           0.263*  
                   (1.96)          (1.03)         (-1.07)          (0.99)         (-0.84)          (2.04)         (-1.77)          (2.26)   

stpr_fac71          0.246***       0.0840          0.0712         -0.0195          0.0192          0.0454          -0.246*        0.00707   
                   (3.36)          (1.10)          (1.10)         (-0.37)          (0.12)          (0.26)         (-1.99)          (0.06)   

stpr_fac72          0.127*         0.0777          0.0545        -0.00844         -0.0444           0.111          -0.165          0.0442   
                   (1.97)          (1.15)          (0.95)         (-0.18)         (-0.30)          (0.70)         (-1.49)          (0.39)   

stpr_fac73         0.0813           0.106*       0.000835          0.0654*         0.0125           0.308**       -0.0257           0.213** 
                   (1.75)          (2.20)          (0.02)          (1.97)          (0.12)          (2.81)         (-0.33)          (2.69)   

stpr_fac74         0.0382          0.0502         -0.0679          0.0358          0.0837           0.199          0.0202           0.158   
                   (0.67)          (0.85)         (-1.36)          (0.89)          (0.79)          (1.79)          (0.26)          (1.96)   

stpr_fac75          0.113          -0.127*        -0.0757       -0.000688           0.298*         -0.179           0.121         -0.0917   
                   (1.85)         (-2.00)         (-1.40)         (-0.02)          (2.18)         (-1.25)          (1.20)         (-0.89)   

stpr_fac76         0.0751          0.0779          -0.106          0.0468         -0.0422           0.247         -0.0666          0.0847   
                   (1.12)          (1.12)         (-1.80)          (0.98)         (-0.28)          (1.54)         (-0.59)          (0.73)   

stpr_fac77          0.218**       -0.0519         -0.0547         -0.0622           0.298           0.594***        0.138           0.573***
                   (3.24)         (-0.74)         (-0.92)         (-1.30)          (1.93)          (3.66)          (1.21)          (4.90)   

stpr_fac78         0.0813          0.0513          0.0405         0.00181           0.363*        -0.0430          0.0414         0.00485   
                   (1.23)          (0.75)          (0.69)          (0.04)          (2.38)         (-0.27)          (0.36)          (0.04)   

o.stpr_fac79            0               0               0               0               0               0               0               0   
                      (.)             (.)             (.)             (.)             (.)             (.)             (.)             (.)   

stpr_fac80         0.0804         -0.0213          -0.192***      -0.0112         -0.0634          0.0849          -0.155          0.0791   
                   (1.63)         (-0.42)         (-4.40)         (-0.32)         (-0.58)          (0.74)         (-1.91)          (0.96)   

stpr_fac81         0.0658          0.0813         -0.0510          0.0352           0.104           0.439***       0.0461           0.306***
                   (1.44)          (1.72)         (-1.27)          (1.08)          (1.02)          (4.14)          (0.61)          (4.00)   

stpr_fac82         -0.120          0.0805          -0.206***      -0.0420           0.152           0.254*         0.0494           0.126   
                  (-1.95)          (1.26)         (-3.78)         (-0.95)          (1.27)          (2.02)          (0.55)          (1.39)   

stpr_fac83          0.199**        0.0418          0.0915           0.196***        0.313*          0.337*          0.195           0.232*  
                   (3.21)          (0.65)          (1.67)          (4.44)          (2.32)          (2.38)          (1.95)          (2.28)   

stpr_fac84          0.110        -0.00951          0.0190          -0.127**        -0.104          -0.207          -0.170          -0.147   
                   (1.68)         (-0.14)          (0.33)         (-2.73)         (-0.68)         (-1.30)         (-1.51)         (-1.28)   

stpr_fac85         0.0269          0.0351          -0.107          0.0329         0.00557          0.0225         -0.0687          0.0476   
                   (0.43)          (0.54)         (-1.94)          (0.73)          (0.05)          (0.19)         (-0.81)          (0.55)   

stpr_fac86         0.0783          0.0507         -0.0820          0.0160         -0.0415           0.196         -0.0546           0.103   
                   (1.42)          (0.89)         (-1.69)          (0.41)         (-0.38)          (1.69)         (-0.67)          (1.23)   

stpr_fac87         0.0793           0.155**       -0.0181          0.0465          0.0465          0.0789         -0.0908         -0.0499   
                   (1.62)          (3.05)         (-0.42)          (1.33)          (0.45)          (0.72)         (-1.18)         (-0.64)   

stpr_fac88        0.00110          0.0860         -0.0409           0.109***       0.0738           0.172           0.109           0.153*  
                   (0.02)          (1.81)         (-1.01)          (3.34)          (0.79)          (1.75)          (1.56)          (2.16)   

stpr_fac89         0.0841           0.129**       -0.0498          0.0266          0.0883           0.263*        -0.0186           0.139   
                   (1.80)          (2.66)         (-1.21)          (0.80)          (0.84)          (2.39)         (-0.24)          (1.75)   

stpr_fac90          0.112          0.0702         -0.0251          0.0229          0.0164          0.0385          -0.137        0.000540   
                   (1.72)          (1.04)         (-0.44)          (0.49)          (0.11)          (0.24)         (-1.22)          (0.00)   

stpr_fac91         0.0533          0.0583         -0.0697          0.0351           0.110           0.160          0.0706           0.133   
                   (1.18)          (1.25)         (-1.76)          (1.09)          (1.20)          (1.65)          (1.03)          (1.91)   

stpr_fac92         0.0267          0.0867          -0.120**        0.0220          0.0949           0.230*         0.0165           0.129   
                   (0.52)          (1.64)         (-2.68)          (0.60)          (0.98)          (2.26)          (0.23)          (1.76)   

stpr_fac93         0.0630          0.0807         -0.0697          0.0422           0.191*          0.336***        0.138           0.254***
                   (1.21)          (1.50)         (-1.52)          (1.14)          (1.99)          (3.34)          (1.94)          (3.51)   

stpr_fac94         0.0232           0.141**       -0.0529          0.0370          0.0471           0.430***        0.114           0.227** 
                   (0.47)          (2.73)         (-1.20)          (1.04)          (0.49)          (4.23)          (1.59)          (3.11)   

stpr_fac95         0.0271           0.124*        -0.0933          0.0293          0.0821           0.332**        0.0474           0.179*  
                   (0.46)          (2.04)         (-1.81)          (0.70)          (0.74)          (2.84)          (0.57)          (2.13)   

stpr_fac96         0.0323          0.0708         -0.0927*         0.0478           0.115           0.106        -0.00147          0.0586   
                   (0.62)          (1.31)         (-2.01)          (1.28)          (1.22)          (1.07)         (-0.02)          (0.82)   

stpr_fac97         0.0726          0.0842         -0.0811*         0.0236          0.0449           0.220*        -0.0436           0.107   
                   (1.61)          (1.80)         (-2.04)          (0.73)          (0.50)          (2.35)         (-0.66)          (1.59)   

stpr_fac98         0.0368           0.145**       -0.0630          0.0374         -0.0300           0.324**       -0.0810           0.170*  
                   (0.78)          (2.96)         (-1.51)          (1.11)         (-0.32)          (3.25)         (-1.15)          (2.36)   

stpr_fac99         0.0247          0.0717         -0.0754          0.0611         -0.0123          0.0640          -0.116          0.0230   
                   (0.49)          (1.37)         (-1.70)          (1.70)         (-0.11)          (0.57)         (-1.45)          (0.28)   

stpr_fac100       -0.0268          0.0718          -0.125*       -0.00422          0.0327           0.277*         0.0382           0.178*  
                  (-0.41)          (1.06)         (-2.17)         (-0.09)          (0.27)          (2.20)          (0.43)          (1.97)   

stpr_fac101        0.0301           0.101        -0.00755          0.0685           0.112           0.161           0.105          0.0751   
                   (0.54)          (1.74)         (-0.15)          (1.71)          (0.94)          (1.28)          (1.18)          (0.83)   

stpr_fac102        0.0586         0.00375          -0.183**        -0.124*        -0.0397         -0.0307          -0.121         -0.0677   
                   (0.84)          (0.05)         (-2.96)         (-2.48)         (-0.30)         (-0.22)         (-1.24)         (-0.68)   

stpr_fac103       0.00565          0.0645          -0.169*         0.0293           0.174           0.414**         0.151           0.226*  
                   (0.07)          (0.81)         (-2.51)          (0.54)          (1.40)          (3.18)          (1.64)          (2.41)   

o.stpr_fac33                                                                            0               0               0               0   
                                                                                      (.)             (.)             (.)             (.)   

_cons             -0.0769         -0.0910*         0.0482         -0.0377         -0.0635          -0.251**        0.0209          -0.143*  
                  (-1.86)         (-2.12)          (1.32)         (-1.28)         (-0.76)         (-2.87)          (0.34)         (-2.27)   
--------------------------------------------------------------------------------------------------------------------------------------------
N                    1207            1207            1207            1207            1208            1208            1208            1208   
R-sq                0.192           0.190           0.224           0.288           0.197           0.291           0.242           0.283   
--------------------------------------------------------------------------------------------------------------------------------------------
t statistics in parentheses
* p<0.05, ** p<0.01, *** p<0.001
