--------------------------------------------------------------------------------------------------------------------------------------------
                      (1)             (2)             (3)             (4)             (5)             (6)             (7)             (8)   
             aginc_back~d    aginc_pred~t    nfincome_b~d    nfincome_p~t    output_bac~d    output_pre~t    percapinc_~d    percapinc_~t   
--------------------------------------------------------------------------------------------------------------------------------------------
lngt81diff~e       -0.252**         0.144          0.0102         -0.0350           0.115**      0.000828         -0.0953*        0.00198   
                  (-3.15)          (1.85)          (0.25)         (-0.83)          (2.98)          (0.02)         (-2.05)          (0.05)   

stpr_fac1          -0.394**         0.241          0.0696          -0.129           0.297***        0.127          -0.150         0.00849   
                  (-2.76)          (1.74)          (0.97)         (-1.70)          (4.28)          (1.73)         (-1.81)          (0.11)   

stpr_fac2          -0.227           0.270*          0.181**       -0.0417           0.277***       0.0404         -0.0814          0.0265   
                  (-1.91)          (2.33)          (3.02)         (-0.66)          (4.80)          (0.66)         (-1.18)          (0.42)   

stpr_fac3          -0.319**         0.449***       0.0762          0.0813           0.178**         0.214***       -0.126           0.126   
                  (-2.62)          (3.79)          (1.24)          (1.26)          (3.02)          (3.40)         (-1.77)          (1.95)   

stpr_fac4          -0.246           0.359**         0.140*         0.0413           0.294***       0.0847          -0.114          0.0846   
                  (-1.91)          (2.88)          (2.17)          (0.61)          (4.72)          (1.28)         (-1.52)          (1.24)   

stpr_fac5         -0.0587           0.301           0.192*         0.0840           0.110          0.0421         -0.0143           0.130   
                  (-0.36)          (1.88)          (2.31)          (0.96)          (1.38)          (0.50)         (-0.15)          (1.48)   

stpr_fac6          -0.382*          0.455**        0.0820           0.230*        -0.0531          0.0497          -0.144          0.0410   
                  (-2.25)          (2.77)          (0.96)          (2.57)         (-0.65)          (0.57)         (-1.46)          (0.46)   

stpr_fac7          -0.257*          0.263*         0.0493         -0.0900           0.267***       0.0264          -0.160*         0.0928   
                  (-2.10)          (2.21)          (0.80)         (-1.39)          (4.49)          (0.42)         (-2.25)          (1.43)   

stpr_fac8          -0.165           0.359**         0.110          0.0554          0.0993           0.104          -0.133          0.0732   
                  (-1.38)          (3.09)          (1.83)          (0.87)          (1.71)          (1.68)         (-1.92)          (1.15)   

stpr_fac9          -0.284*          0.291*         0.0845         -0.0330           0.216***       0.0320          -0.121          0.0477   
                  (-2.44)          (2.58)          (1.45)         (-0.54)          (3.83)          (0.54)         (-1.80)          (0.77)   

stpr_fac10        -0.0325           0.277*         0.0790         -0.0165           0.246***       0.0206        -0.00816          0.0143   
                  (-0.27)          (2.34)          (1.29)         (-0.26)          (4.15)          (0.33)         (-0.12)          (0.22)   

stpr_fac11         -0.202           0.298**         0.129*         0.0442           0.213***        0.116*         -0.106          0.0543   
                  (-1.91)          (2.90)          (2.41)          (0.79)          (4.15)          (2.14)         (-1.73)          (0.97)   

stpr_fac12         -0.286*          0.374***        0.112          0.0651           0.171**        0.0456          -0.136*          0.102   
                  (-2.51)          (3.39)          (1.95)          (1.08)          (3.10)          (0.78)         (-2.06)          (1.69)   

stpr_fac13         -0.349*          0.230          0.0104         -0.0140           0.184**        0.0917          -0.153        -0.00925   
                  (-2.56)          (1.74)          (0.15)         (-0.19)          (2.78)          (1.31)         (-1.93)         (-0.13)   

stpr_fac14         -0.303           0.366*          0.128         -0.0147           0.319***       0.0268          -0.126          0.0782   
                  (-1.86)          (2.32)          (1.57)         (-0.17)          (4.04)          (0.32)         (-1.33)          (0.90)   

stpr_fac15         -0.431***        0.356**        0.0123          0.0221           0.144*          0.132*         -0.129           0.154*  
                  (-3.70)          (3.14)          (0.21)          (0.36)          (2.56)          (2.19)         (-1.91)          (2.49)   

stpr_fac16         -0.178           0.171           0.103         -0.0144           0.137**         0.121*         -0.106         -0.0383   
                  (-1.66)          (1.65)          (1.92)         (-0.25)          (2.63)          (2.19)         (-1.70)         (-0.67)   

stpr_fac17        -0.0379           0.162           0.170**        0.0491           0.287***       0.0223         -0.0407        -0.00981   
                  (-0.35)          (1.53)          (3.09)          (0.85)          (5.42)          (0.40)         (-0.64)         (-0.17)   

stpr_fac18         -0.141           0.123           0.151**        0.0209           0.146**         0.121*        -0.0726         -0.0484   
                  (-1.32)          (1.20)          (2.82)          (0.37)          (2.83)          (2.21)         (-1.18)         (-0.86)   

stpr_fac19         -0.220*          0.341**        0.0847          0.0881          0.0947          0.0963         -0.0257           0.122*  
                  (-2.02)          (3.23)          (1.54)          (1.53)          (1.79)          (1.71)         (-0.41)          (2.11)   

stpr_fac20        -0.0874           0.468***        0.220***        0.121*         0.0753           0.251***      -0.0804           0.129*  
                  (-0.87)          (4.80)          (4.34)          (2.28)          (1.54)          (4.85)         (-1.38)          (2.42)   

stpr_fac21         -0.204           0.404***        0.171**         0.143*          0.111*          0.116*         -0.139*          0.141*  
                  (-1.87)          (3.83)          (3.13)          (2.48)          (2.11)          (2.08)         (-2.20)          (2.45)   

stpr_fac22         -0.127           0.355**         0.222***       0.0284           0.202**         0.102         -0.0508          0.0376   
                  (-0.99)          (2.86)          (3.45)          (0.42)          (3.26)          (1.55)         (-0.68)          (0.55)   

stpr_fac23        -0.0618           0.191           0.144*        -0.0164           0.170**        0.0966         -0.0131         0.00478   
                  (-0.51)          (1.62)          (2.36)         (-0.26)          (2.90)          (1.54)         (-0.19)          (0.07)   

stpr_fac24         -0.132           0.278*          0.124          0.0344           0.188**        0.0732         -0.0580          0.0710   
                  (-1.03)          (2.24)          (1.92)          (0.51)          (3.03)          (1.11)         (-0.78)          (1.04)   

stpr_fac25         -0.257*          0.311*          0.117        -0.00744           0.279***       0.0211          -0.108          0.0245   
                  (-1.97)          (2.46)          (1.79)         (-0.11)          (4.42)          (0.31)         (-1.42)          (0.35)   

stpr_fac26         -0.230           0.282          0.0962         0.00330           0.222**        0.0259         -0.0530          0.0211   
                  (-1.36)          (1.73)          (1.13)          (0.04)          (2.72)          (0.30)         (-0.54)          (0.24)   

stpr_fac27         -0.189           0.252          0.0528          0.0176           0.164*         0.0448         -0.0920          0.0370   
                  (-1.17)          (1.61)          (0.65)          (0.21)          (2.10)          (0.54)         (-0.98)          (0.43)   

stpr_fac28         -0.101           0.328***        0.147**        0.0566           0.185***       0.0662         -0.0737          0.0844   
                  (-1.06)          (3.57)          (3.09)          (1.13)          (4.02)          (1.36)         (-1.34)          (1.68)   

stpr_fac29         -0.229           0.353**         0.126*         0.0668           0.201***      -0.0279         -0.0716          0.0894   
                  (-1.93)          (3.06)          (2.12)          (1.06)          (3.49)         (-0.46)         (-1.04)          (1.42)   

stpr_fac30         -0.190           0.414***        0.153**         0.104*          0.195***        0.148**       -0.0973           0.113*  
                  (-1.93)          (4.32)          (3.08)          (2.00)          (4.09)          (2.92)         (-1.70)          (2.16)   

stpr_fac31         -0.220           0.390***        0.125*         0.0892           0.155**         0.151*         -0.104          0.0710   
                  (-1.89)          (3.46)          (2.13)          (1.45)          (2.76)          (2.51)         (-1.54)          (1.15)   

stpr_fac32        -0.0890          0.0713           0.163***       -0.138**         0.194***       0.0442         -0.0455         -0.0109   
                  (-0.94)          (0.77)          (3.42)         (-2.75)          (4.22)          (0.90)         (-0.82)         (-0.22)   

stpr_fac33         -0.584***        0.233         -0.0863         -0.0886           0.125           0.156*         -0.202*          0.142   
                  (-4.19)          (1.73)         (-1.23)         (-1.20)          (1.85)          (2.18)         (-2.50)          (1.92)   

stpr_fac34        -0.0645           0.258**         0.102*         0.0250           0.130**        0.0596         -0.0297          0.0514   
                  (-0.67)          (2.78)          (2.11)          (0.49)          (2.80)          (1.21)         (-0.53)          (1.01)   

stpr_fac35         -0.532***        0.241*         -0.102         -0.0940          0.0627          0.0672          -0.241***      -0.0174   
                  (-4.47)          (2.08)         (-1.70)         (-1.49)          (1.09)          (1.09)         (-3.48)         (-0.27)   

stpr_fac36        -0.0364           0.232*          0.146**       0.00445           0.136**        0.0538         -0.0532          0.0109   
                  (-0.39)          (2.55)          (3.11)          (0.09)          (2.99)          (1.12)         (-0.98)          (0.22)   

stpr_fac37         -0.409***       -0.184         -0.0935          -0.296***        0.135*         0.0309          -0.150*         -0.261***
                  (-3.32)         (-1.54)         (-1.51)         (-4.55)          (2.26)          (0.49)         (-2.09)         (-3.99)   

stpr_fac38         -0.414**         0.406**        0.0945         0.00515           0.219**        0.0868          -0.161          0.0736   
                  (-2.76)          (2.79)          (1.25)          (0.06)          (3.01)          (1.12)         (-1.84)          (0.92)   

stpr_fac39         -0.360**         0.409**         0.124          0.0197           0.221***       0.0754          -0.182*          0.112   
                  (-2.70)          (3.16)          (1.84)          (0.28)          (3.42)          (1.10)         (-2.35)          (1.58)   

stpr_fac40         -0.454***        0.404***      -0.0116          0.0694           0.164**        0.0896          -0.226**         0.145*  
                  (-3.60)          (3.30)         (-0.18)          (1.04)          (2.68)          (1.38)         (-3.09)          (2.16)   

stpr_fac41         -0.609***        0.352*         0.0384         -0.0612           0.244**        0.0968          -0.296**        0.0542   
                  (-3.90)          (2.32)          (0.49)         (-0.74)          (3.23)          (1.20)         (-3.26)          (0.65)   

stpr_fac42         -0.294*          0.465***        0.145*         0.0822           0.242***        0.123          -0.161*          0.137   
                  (-2.11)          (3.44)          (2.07)          (1.11)          (3.58)          (1.71)         (-1.98)          (1.85)   

stpr_fac43         -0.143           0.256***        0.125**        0.0220          0.0579          0.0851*        -0.0683          0.0725   
                  (-1.79)          (3.31)          (3.11)          (0.52)          (1.50)          (2.07)         (-1.47)          (1.71)   

stpr_fac44         0.0114           0.294***        0.168***        0.123**        0.0990*         0.0971*       -0.00295          0.0850   
                   (0.13)          (3.37)          (3.72)          (2.59)          (2.28)          (2.10)         (-0.06)          (1.78)   

stpr_fac45         -0.151           0.229**         0.114*         0.0129           0.145***       0.0703         -0.0791          0.0294   
                  (-1.71)          (2.67)          (2.56)          (0.28)          (3.37)          (1.54)         (-1.54)          (0.62)   

stpr_fac46         -0.325**         0.353***       0.0884         0.00385           0.140**        0.0722          -0.168**        0.0833   
                  (-3.07)          (3.43)          (1.65)          (0.07)          (2.72)          (1.32)         (-2.72)          (1.48)   

stpr_fac47         -0.505***        0.523***        0.111         -0.0432           0.266***        0.110          -0.271***       0.0946   
                  (-3.84)          (4.09)          (1.67)         (-0.62)          (4.16)          (1.62)         (-3.55)          (1.35)   

stpr_fac48         -0.367**         0.239          0.0887         -0.0463           0.245***       0.0981          -0.154          0.0251   
                  (-2.70)          (1.81)          (1.29)         (-0.64)          (3.71)          (1.40)         (-1.95)          (0.35)   

stpr_fac49         -0.430**         0.470**        0.0814         -0.0646           0.222**        0.0418          -0.123           0.126   
                  (-2.82)          (3.17)          (1.06)         (-0.80)          (3.00)          (0.53)         (-1.38)          (1.55)   

stpr_fac50         -0.471***        0.369**      -0.00656       -0.000677           0.118          0.0183          -0.200*          0.125   
                  (-3.51)          (2.83)         (-0.10)         (-0.01)          (1.82)          (0.26)         (-2.56)          (1.76)   

stpr_fac51         -0.276**         0.274**        0.0701         -0.0222           0.174***        0.133**        -0.135*         0.0587   
                  (-2.83)          (2.90)          (1.43)         (-0.43)          (3.69)          (2.65)         (-2.38)          (1.13)   

stpr_fac52         -0.289**         0.433***        0.120*         0.0264           0.131**        0.0824         -0.0858           0.123*  
                  (-2.99)          (4.63)          (2.46)          (0.52)          (2.81)          (1.66)         (-1.53)          (2.40)   

stpr_fac53         -0.206*          0.251**        0.0125          0.0578          0.0901          0.0689         -0.0988          0.0491   
                  (-2.13)          (2.68)          (0.26)          (1.13)          (1.93)          (1.39)         (-1.76)          (0.96)   

stpr_fac54         -0.463**         0.329*          0.130        -0.00389           0.254**        0.0164          -0.231*         0.0329   
                  (-2.83)          (2.07)          (1.57)         (-0.04)          (3.19)          (0.19)         (-2.43)          (0.38)   

stpr_fac55         -0.332**         0.265*         0.0749         -0.0306           0.140*          0.108          -0.167*         0.0244   
                  (-2.81)          (2.32)          (1.26)         (-0.49)          (2.46)          (1.78)         (-2.44)          (0.39)   

stpr_fac56         -0.410**         0.292*          0.104         -0.0785           0.282***       0.0704          -0.134        -0.00220   
                  (-2.79)          (2.04)          (1.40)         (-1.01)          (3.96)          (0.93)         (-1.57)         (-0.03)   

stpr_fac57         -0.363*          0.401*          0.118         -0.0218           0.315***       0.0503          -0.161          0.0549   
                  (-2.13)          (2.43)          (1.38)         (-0.24)          (3.82)          (0.57)         (-1.63)          (0.61)   

stpr_fac58         0.0723           0.116           0.151**        0.0119           0.103          0.0244         0.00653         0.00157   
                   (0.67)          (1.10)          (2.77)          (0.21)          (1.96)          (0.44)          (0.10)          (0.03)   

stpr_fac59         -0.222*          0.302**         0.178***       0.0300           0.224***        0.114*         -0.110          0.0415   
                  (-2.10)          (2.93)          (3.34)          (0.53)          (4.35)          (2.08)         (-1.78)          (0.74)   

stpr_fac60         -0.135           0.375**         0.188**        0.0306           0.350***       0.0508         -0.0240          0.0539   
                  (-1.15)          (3.28)          (3.18)          (0.49)          (6.13)          (0.84)         (-0.35)          (0.86)   

stpr_fac61         -0.447**         0.298          0.0559         -0.0804           0.288***       0.0106          -0.215*        0.00619   
                  (-2.75)          (1.89)          (0.68)         (-0.93)          (3.65)          (0.13)         (-2.28)          (0.07)   

stpr_fac62        -0.0170           0.307***        0.155***        0.103*          0.108**        0.0940*        -0.0261           0.113** 
                  (-0.21)          (3.89)          (3.79)          (2.40)          (2.75)          (2.24)         (-0.55)          (2.61)   

stpr_fac63         -0.409**         0.368**        0.0453         0.00358           0.123          0.0696          -0.202*         0.0905   
                  (-3.02)          (2.80)          (0.66)          (0.05)          (1.87)          (1.00)         (-2.57)          (1.26)   

o.stpr_fac64            0               0               0               0               0               0               0               0   
                      (.)             (.)             (.)             (.)             (.)             (.)             (.)             (.)   

stpr_fac65         -0.483**         0.333*         0.0100         -0.0664           0.229**         0.115          -0.190*         0.0682   
                  (-3.05)          (2.16)          (0.13)         (-0.79)          (2.98)          (1.40)         (-2.07)          (0.81)   

stpr_fac66         -0.162           0.188          0.0548        -0.00329           0.122          0.0892         -0.0663          0.0737   
                  (-1.21)          (1.44)          (0.81)         (-0.05)          (1.88)          (1.29)         (-0.85)          (1.03)   

stpr_fac67        -0.0975           0.276*          0.125*         0.0599           0.148*          0.128*        -0.0872          0.0964   
                  (-0.82)          (2.40)          (2.10)          (0.96)          (2.57)          (2.10)         (-1.27)          (1.53)   

stpr_fac68         -0.340*          0.364*         0.0593          0.0378           0.222**         0.108          -0.151           0.135   
                  (-2.09)          (2.30)          (0.72)          (0.44)          (2.81)          (1.29)         (-1.60)          (1.56)   

stpr_fac69         -0.272           0.324*          0.157*        -0.0333           0.245**        0.0646          -0.125          0.0214   
                  (-1.72)          (2.11)          (1.98)         (-0.40)          (3.20)          (0.79)         (-1.36)          (0.25)   

stpr_fac70         -0.491**         0.288         0.00805         -0.0575           0.246**        0.0908          -0.169          0.0209   
                  (-3.18)          (1.92)          (0.10)         (-0.70)          (3.29)          (1.14)         (-1.88)          (0.26)   

stpr_fac71         -0.771***        0.568***       0.0921         -0.0278           0.305***       0.0693          -0.402***        0.252** 
                  (-5.35)          (4.06)          (1.27)         (-0.36)          (4.36)          (0.93)         (-4.80)          (3.29)   

stpr_fac72         -0.392**         0.379**        0.0834         -0.0210           0.177**         0.159*         -0.154           0.129   
                  (-2.81)          (2.80)          (1.19)         (-0.28)          (2.62)          (2.22)         (-1.90)          (1.75)   

stpr_fac73         -0.197           0.387***        0.164**        0.0835           0.199***       0.0896         -0.0741           0.109   
                  (-1.80)          (3.66)          (2.98)          (1.45)          (3.77)          (1.60)         (-1.17)          (1.88)   

stpr_fac74         -0.142           0.212           0.186**       -0.0266           0.207***       0.0536         -0.0737        -0.00524   
                  (-1.26)          (1.92)          (3.26)         (-0.44)          (3.77)          (0.92)         (-1.12)         (-0.09)   

stpr_fac75         -0.179           0.222           0.200**       -0.0843           0.281***       -0.112         -0.0257          0.0396   
                  (-1.28)          (1.63)          (2.84)         (-1.14)          (4.14)         (-1.56)         (-0.32)          (0.53)   

stpr_fac76         -0.221           0.440**         0.111           0.102           0.114           0.157*        -0.0607           0.101   
                  (-1.46)          (2.99)          (1.46)          (1.27)          (1.55)          (2.01)         (-0.69)          (1.25)   

stpr_fac77         -0.119           0.240           0.147         -0.0314           0.254***      -0.0535          0.0207          0.0384   
                  (-0.77)          (1.60)          (1.90)         (-0.38)          (3.39)         (-0.67)          (0.23)          (0.47)   

stpr_fac78         -0.389**         0.427**       -0.0266          0.0607           0.167*          0.130          -0.161*          0.147*  
                  (-2.89)          (3.26)         (-0.39)          (0.85)          (2.55)          (1.87)         (-2.06)          (2.05)   

o.stpr_fac79            0               0               0               0               0               0               0               0   
                      (.)             (.)             (.)             (.)             (.)             (.)             (.)             (.)   

stpr_fac80         -0.361**         0.229         0.00438         -0.0182           0.192**       -0.0541         -0.0389          0.0223   
                  (-2.88)          (1.88)          (0.07)         (-0.28)          (3.17)         (-0.84)         (-0.53)          (0.34)   

stpr_fac81         -0.229*          0.132           0.175**       0.00522           0.117*         0.0683         -0.0412          0.0220   
                  (-2.10)          (1.25)          (3.20)          (0.09)          (2.22)          (1.22)         (-0.65)          (0.38)   

stpr_fac82         -0.509***        0.167          0.0500         -0.0870          0.0946         -0.0461          -0.214**         0.103   
                  (-4.11)          (1.39)          (0.80)         (-1.33)          (1.57)         (-0.72)         (-2.97)          (1.56)   

stpr_fac83          0.527***        0.228           0.537***      0.00707           0.376***      -0.0394           0.153*        -0.0157   
                   (4.32)          (1.92)          (8.75)          (0.11)          (6.36)         (-0.63)          (2.16)         (-0.24)   

stpr_fac84         0.0443         0.00775           0.208***       -0.223***        0.258***      -0.0290          0.0355          0.0155   
                   (0.39)          (0.07)          (3.64)         (-3.70)          (4.68)         (-0.49)          (0.54)          (0.26)   

stpr_fac85         -0.149           0.318**         0.152**        0.0552           0.167**         0.101         -0.0638           0.100   
                  (-1.41)          (3.10)          (2.86)          (0.99)          (3.26)          (1.86)         (-1.04)          (1.79)   

stpr_fac86        -0.0668           0.188*          0.129**      -0.00110           0.115*         0.0690         -0.0266          0.0516   
                  (-0.69)          (2.01)          (2.66)         (-0.02)          (2.45)          (1.39)         (-0.47)          (1.01)   

stpr_fac87        -0.0347           0.303**         0.196***       0.0401           0.161***        0.124*        -0.0227          0.0689   
                  (-0.35)          (3.17)          (3.96)          (0.77)          (3.38)          (2.45)         (-0.40)          (1.32)   

stpr_fac88         -0.326**         0.483***        0.137*         0.0394           0.191***        0.140*         -0.189**        0.0967   
                  (-2.89)          (4.41)          (2.41)          (0.66)          (3.50)          (2.41)         (-2.89)          (1.61)   

stpr_fac89         -0.333**         0.418***       0.0997          0.0362           0.254***        0.132*         -0.135           0.106   
                  (-2.63)          (3.40)          (1.56)          (0.54)          (4.14)          (2.01)         (-1.84)          (1.58)   

stpr_fac90         -0.571***        0.423*       -0.00387         -0.0323           0.298***       0.0591          -0.219*         0.0708   
                  (-3.35)          (2.55)         (-0.05)         (-0.36)          (3.60)          (0.67)         (-2.21)          (0.78)   

stpr_fac91         -0.248*          0.322**         0.119*         0.0317           0.184***       0.0668         -0.0921          0.0820   
                  (-2.45)          (3.28)          (2.35)          (0.59)          (3.77)          (1.28)         (-1.57)          (1.53)   

stpr_fac92         -0.271*          0.451***        0.103          0.0827           0.189***        0.128*        -0.0910           0.161** 
                  (-2.46)          (4.21)          (1.86)          (1.42)          (3.53)          (2.25)         (-1.42)          (2.74)   

stpr_fac93         -0.229*          0.350***        0.153**        0.0617           0.191***        0.136*         -0.136*         0.0774   
                  (-2.16)          (3.41)          (2.87)          (1.10)          (3.72)          (2.50)         (-2.20)          (1.38)   

stpr_fac94         -0.209*         0.0546           0.147**        0.0186           0.141**        0.0442          -0.125*        -0.0335   
                  (-1.98)          (0.53)          (2.77)          (0.33)          (2.75)          (0.81)         (-2.04)         (-0.60)   

stpr_fac95         -0.165           0.339***        0.101*         0.0844           0.110*          0.137**       -0.0776           0.111*  
                  (-1.63)          (3.43)          (1.97)          (1.57)          (2.23)          (2.61)         (-1.31)          (2.06)   

stpr_fac96         0.0467           0.159*          0.113**        0.0841*         0.0254          0.0732         0.00897          0.0568   
                   (0.62)          (2.16)          (2.95)          (2.09)          (0.69)          (1.87)          (0.20)          (1.41)   

stpr_fac97         -0.218           0.353**         0.158**       0.00334           0.247***        0.150*        -0.0501          0.0527   
                  (-1.88)          (3.14)          (2.71)          (0.05)          (4.39)          (2.51)         (-0.74)          (0.86)   

stpr_fac98         -0.349***        0.374***       0.0422          0.0288           0.109*          0.206***       -0.182**        0.0890   
                  (-3.44)          (3.80)          (0.83)          (0.54)          (2.22)          (3.93)         (-3.08)          (1.65)   

stpr_fac99       -0.00551           0.186*          0.130**        0.0438          0.0848*         0.0390          0.0205          0.0241   
                  (-0.06)          (2.16)          (2.93)          (0.94)          (1.98)          (0.85)          (0.40)          (0.51)   

stpr_fac100        -0.400***        0.359**      -0.00687          0.0618           0.147**        0.0414          -0.195**        0.0688   
                  (-3.42)          (3.16)         (-0.12)          (1.00)          (2.60)          (0.69)         (-2.87)          (1.11)   

stpr_fac101        -0.203           0.313**         0.152*         0.0801           0.188**         0.133*         -0.142*         0.0701   
                  (-1.66)          (2.63)          (2.46)          (1.23)          (3.16)          (2.10)         (-1.99)          (1.08)   

stpr_fac102        -0.334*          0.148           0.104         -0.0463           0.159*        -0.0116         -0.0816           0.138*  
                  (-2.53)          (1.16)          (1.58)         (-0.67)          (2.49)         (-0.17)         (-1.07)          (1.98)   

stpr_fac103         0.265**         0.128           0.162***       0.0950          0.0534          0.0873          0.0968          0.0575   
                   (2.85)          (1.41)          (3.45)          (1.93)          (1.18)          (1.82)          (1.79)          (1.16)   

_cons               0.213*         -0.311***       -0.131**       -0.0137          -0.197***      -0.0869          0.0909         -0.0578   
                   (2.23)         (-3.36)         (-2.72)         (-0.27)         (-4.25)         (-1.77)          (1.64)         (-1.14)   
--------------------------------------------------------------------------------------------------------------------------------------------
N                    1207            1207            1207            1207            1207            1207            1207            1207   
R-sq                0.229           0.225           0.311           0.251           0.232           0.218           0.211           0.222   
--------------------------------------------------------------------------------------------------------------------------------------------
t statistics in parentheses
* p<0.05, ** p<0.01, *** p<0.001
