--------------------------------------------------------------------------------------------------------------------------------------------
                      (1)             (2)             (3)             (4)             (5)             (6)             (7)             (8)   
             avwage_bac~d    avwage_pre~t    pop_backward     pop_predict    wagebill_b~d    wagebill_p~t    wageemp_ba~d    wageemp_pr~t   
--------------------------------------------------------------------------------------------------------------------------------------------
lngt82diff~e       -0.104*       -0.00753          0.0293          0.0545          0.0715          0.0163          0.0562         -0.0647   
                  (-2.21)         (-0.16)          (0.74)          (1.49)          (0.61)          (0.13)          (0.65)         (-0.69)   

stpr_fac1          -0.142*         0.0150         -0.0291         -0.0640         -0.0460           0.115         -0.0829         -0.0330   
                  (-2.18)          (0.23)         (-0.53)         (-1.26)         (-0.29)          (0.68)         (-0.69)         (-0.26)   

stpr_fac2         -0.0764         -0.0225          0.0160        -0.00634           0.157           0.182          0.0915          0.0872   
                  (-1.48)         (-0.44)          (0.37)         (-0.16)          (1.22)          (1.36)          (0.96)          (0.85)   

stpr_fac3          -0.162**        0.0609        -0.00738          0.0150          0.0182           0.264*        -0.0470           0.115   
                  (-3.19)          (1.22)         (-0.17)          (0.38)          (0.14)          (2.01)         (-0.50)          (1.14)   

stpr_fac4         -0.0967         -0.0142          0.0264          0.0165           0.176           0.226           0.126           0.127   
                  (-1.78)         (-0.27)          (0.58)          (0.39)          (1.31)          (1.61)          (1.26)          (1.17)   

stpr_fac5          -0.121         -0.0835           0.110         -0.0357           0.153           0.355**        0.0341           0.211*  
                  (-1.68)         (-1.18)          (1.81)         (-0.64)          (1.18)          (2.62)          (0.35)          (2.03)   

stpr_fac6          -0.315***    0.0000932           0.128*          0.162**         0.211         0.00584          0.0709         -0.0384   
                  (-4.20)          (0.00)          (2.03)          (2.78)          (1.14)          (0.03)          (0.51)         (-0.26)   

stpr_fac7         -0.0752          0.0573         -0.0273         -0.0615          0.0582           0.255*        -0.0395           0.160   
                  (-1.72)          (1.38)         (-0.74)         (-1.87)          (0.56)          (2.34)         (-0.51)          (1.91)   

stpr_fac8          -0.236***        0.106*         0.0390          0.0448         -0.0715           0.129         -0.0566         -0.0605   
                  (-4.46)          (2.03)          (0.87)          (1.08)         (-0.54)          (0.94)         (-0.58)         (-0.57)   

stpr_fac9         -0.0970        -0.00116         -0.0128         -0.0149         -0.0627           0.326*        -0.0279           0.247*  
                  (-1.93)         (-0.02)         (-0.30)         (-0.38)         (-0.50)          (2.51)         (-0.30)          (2.47)   

stpr_fac10        -0.0779         -0.0927          0.0232         0.00578          -0.119          0.0913         -0.0532        -0.00887   
                  (-1.47)         (-1.77)          (0.52)          (0.14)         (-0.90)          (0.66)         (-0.54)         (-0.08)   

stpr_fac11         -0.114*        0.00974          0.0313          0.0125          0.0510           0.203          0.0296           0.133   
                  (-2.49)          (0.21)          (0.81)          (0.35)          (0.45)          (1.70)          (0.35)          (1.45)   

stpr_fac12         -0.187***       0.0177         0.00718          0.0169          -0.219           0.208          -0.149           0.109   
                  (-3.94)          (0.38)          (0.18)          (0.46)         (-1.83)          (1.67)         (-1.67)          (1.13)   

stpr_fac13         -0.128*        -0.0797         -0.0116         -0.0240         -0.0438           0.264     -0.00000951           0.245*  
                  (-2.14)         (-1.35)         (-0.23)         (-0.52)         (-0.30)          (1.71)         (-0.00)          (2.06)   

o.stpr_fac14            0               0               0               0               0               0               0               0   
                      (.)             (.)             (.)             (.)             (.)             (.)             (.)             (.)   

stpr_fac15         -0.184***       0.0514          -0.106*        -0.0605           0.176           0.274           0.195           0.134   
                  (-3.37)          (0.95)         (-2.31)         (-1.42)          (1.30)          (1.94)          (1.93)          (1.24)   

stpr_fac16        -0.0961*         0.0401          0.0190        -0.00418         -0.0505           0.114         -0.0224         0.00427   
                  (-2.19)          (0.93)          (0.52)         (-0.12)         (-0.46)          (1.00)         (-0.28)          (0.05)   

stpr_fac17         0.0550         -0.0701          0.0843*       -0.00595           0.224           0.211          0.0355           0.158   
                   (1.09)         (-1.40)          (1.97)         (-0.15)          (1.78)          (1.61)          (0.38)          (1.57)   

stpr_fac18         -0.138**        0.0541          0.0241         0.00725          0.0104          -0.123         -0.0316         -0.0697   
                  (-2.63)          (1.04)          (0.55)          (0.18)          (0.08)         (-0.91)         (-0.33)         (-0.67)   

stpr_fac19         -0.152***      0.00168         -0.0480         -0.0143          0.0260           0.197          0.0180          0.0692   
                  (-3.85)          (0.04)         (-1.44)         (-0.46)          (0.26)          (1.92)          (0.25)          (0.88)   

stpr_fac20         -0.105*         0.0923          0.0935*         0.0236           0.310**         0.281*          0.296***       0.0804   
                  (-2.17)          (1.94)          (2.31)          (0.63)          (2.59)          (2.25)          (3.33)          (0.84)   

stpr_fac21         -0.139**        0.0920          0.0524          0.0427           0.121           0.381**         0.146           0.191   
                  (-2.74)          (1.85)          (1.23)          (1.08)          (0.97)          (2.91)          (1.57)          (1.90)   

stpr_fac22         -0.122*         0.0644          0.0817          0.0422          0.0619           0.376*         0.0618           0.132   
                  (-2.03)          (1.08)          (1.61)          (0.90)          (0.42)          (2.42)          (0.56)          (1.10)   

stpr_fac23        -0.0766          0.0508       -0.000274         -0.0120           0.263           0.413**         0.195           0.143   
                  (-1.34)          (0.90)         (-0.01)         (-0.27)          (1.85)          (2.79)          (1.85)          (1.26)   

stpr_fac24        -0.0490        -0.00300          0.0124         -0.0307         0.00210           0.111         -0.0187          0.0380   
                  (-0.93)         (-0.06)          (0.28)         (-0.74)          (0.02)          (0.81)         (-0.19)          (0.36)   

stpr_fac25         -0.154*        -0.0933          0.0129          0.0393          0.0221           0.124          0.0131          0.0186   
                  (-2.30)         (-1.41)          (0.23)          (0.75)          (0.13)          (0.72)          (0.11)          (0.14)   

stpr_fac26         -0.122        -0.00103         -0.0336          0.0438          0.0111           0.410*         0.0210           0.245   
                  (-1.55)         (-0.01)         (-0.51)          (0.71)          (0.06)          (2.01)          (0.14)          (1.57)   

stpr_fac27        -0.0650         -0.0770         -0.0206        -0.00104          0.0132           0.152         -0.0108           0.133   
                  (-0.90)         (-1.08)         (-0.34)         (-0.02)          (0.07)          (0.81)         (-0.08)          (0.93)   

stpr_fac28        -0.0781          0.0160          0.0467          0.0136          0.0770           0.213*         0.0591           0.107   
                  (-1.96)          (0.41)          (1.39)          (0.44)          (0.78)          (2.06)          (0.80)          (1.35)   

stpr_fac29         -0.142*        -0.0118          0.0129          0.0430          0.0618           0.371*         0.0554           0.246*  
                  (-2.51)         (-0.21)          (0.27)          (0.98)          (0.44)          (2.54)          (0.53)          (2.19)   

stpr_fac30        -0.0583         -0.0297          0.0399          0.0313           0.251*          0.249*          0.187*          0.163   
                  (-1.25)         (-0.65)          (1.02)          (0.86)          (2.18)          (2.07)          (2.18)          (1.77)   

stpr_fac31         -0.171***       0.0937          0.0299          0.0549         -0.0139           0.477***       0.0310           0.268** 
                  (-3.41)          (1.90)          (0.71)          (1.41)         (-0.11)          (3.68)          (0.33)          (2.69)   

stpr_fac32         -0.154***      0.00695         -0.0114         -0.0914**      -0.00925           0.189         -0.0405          0.0727   
                  (-3.62)          (0.17)         (-0.32)         (-2.75)         (-0.09)          (1.71)         (-0.51)          (0.86)   

stpr_fac33         -0.194**        0.0488          -0.213***       -0.160***       -0.154         -0.0144          -0.124         -0.0247   
                  (-3.19)          (0.81)         (-4.16)         (-3.36)         (-1.02)         (-0.09)         (-1.11)         (-0.20)   

stpr_fac34         -0.176***       0.0306         -0.0543         0.00997         -0.0633           0.222*        -0.0171           0.156*  
                  (-4.45)          (0.79)         (-1.63)          (0.32)         (-0.65)          (2.17)         (-0.23)          (1.99)   

stpr_fac35         -0.301***      -0.0862          -0.137**       -0.0225          -0.220          0.0795          -0.147          0.0486   
                  (-5.79)         (-1.68)         (-3.12)         (-0.55)         (-1.71)          (0.59)         (-1.53)          (0.47)   

stpr_fac36         -0.112**      -0.00722          0.0372         0.00270          -0.120           0.101         -0.0823          0.0323   
                  (-2.81)         (-0.18)          (1.11)          (0.09)         (-1.21)          (0.98)         (-1.12)          (0.41)   

stpr_fac37         -0.178***       0.0223          -0.177***     -0.00657          -0.356**         0.180          -0.317**        0.0234   
                  (-3.36)          (0.43)         (-3.97)         (-0.16)         (-2.72)          (1.32)         (-3.25)          (0.22)   

stpr_fac38         -0.184**        0.0185          0.0160          0.0342          0.0558           0.271          0.0735          0.0665   
                  (-3.11)          (0.32)          (0.32)          (0.74)          (0.38)          (1.76)          (0.67)          (0.56)   

stpr_fac39         -0.117*        -0.0130          0.0295       -0.000668        -0.00891          0.0351          0.0299         -0.0595   
                  (-2.17)         (-0.25)          (0.65)         (-0.02)         (-0.07)          (0.25)          (0.30)         (-0.56)   

stpr_fac40        -0.0949         -0.0676        -0.00654         0.00342          0.0811           0.134           0.120         0.00819   
                  (-1.60)         (-1.15)         (-0.13)          (0.07)          (0.55)          (0.87)          (1.10)          (0.07)   

stpr_fac41         -0.190**       -0.0264         -0.0105        -0.00568          0.0297           0.219          0.0547          0.0473   
                  (-2.72)         (-0.38)         (-0.18)         (-0.10)          (0.17)          (1.21)          (0.42)          (0.34)   

stpr_fac42         -0.177**        0.0659          0.0518          0.0408       -0.000765           0.176          0.0325          0.0249   
                  (-3.28)          (1.23)          (1.14)          (0.97)         (-0.01)          (1.26)          (0.32)          (0.23)   

stpr_fac43         -0.185***      -0.0111         0.00727         -0.0108          -0.166          0.0272          -0.111         -0.0461   
                  (-4.32)         (-0.26)          (0.20)         (-0.32)         (-1.56)          (0.24)         (-1.39)         (-0.54)   

o.stpr_fac44            0               0               0               0               0               0               0               0   
                      (.)             (.)             (.)             (.)             (.)             (.)             (.)             (.)   

stpr_fac45        -0.0639         -0.0191        0.000272         -0.0245          0.0650          0.0362          0.0350         -0.0189   
                  (-1.80)         (-0.54)          (0.01)         (-0.89)          (0.74)          (0.39)          (0.53)         (-0.27)   

stpr_fac46         -0.169***      0.00481          0.0175        -0.00859        -0.00983           0.345**       0.00729           0.189   
                  (-3.39)          (0.10)          (0.42)         (-0.22)         (-0.08)          (2.67)          (0.08)          (1.91)   

stpr_fac47         -0.129*       -0.00247          0.0220          0.0519          0.0950           0.249          0.0765           0.123   
                  (-1.99)         (-0.04)          (0.40)          (1.03)          (0.59)          (1.48)          (0.64)          (0.96)   

stpr_fac48         -0.186**        0.0225         -0.0131        -0.00733           0.126           0.204           0.105           0.106   
                  (-2.66)          (0.33)         (-0.22)         (-0.13)          (0.72)          (1.13)          (0.81)          (0.76)   

stpr_fac49         -0.204**       -0.0681         -0.0399        -0.00976          0.0730          0.0988          0.0495          0.0646   
                  (-2.78)         (-0.94)         (-0.65)         (-0.17)          (0.40)          (0.52)          (0.37)          (0.44)   

stpr_fac50         -0.189**       -0.0216         -0.0479         -0.0250          -0.227           0.156          -0.129          0.0627   
                  (-3.28)         (-0.38)         (-0.99)         (-0.56)         (-1.59)          (1.04)         (-1.21)          (0.55)   

stpr_fac51         -0.140**      0.000944        -0.00912         -0.0274          0.0481           0.217          0.0879          0.0878   
                  (-3.18)          (0.02)         (-0.25)         (-0.80)          (0.44)          (1.90)          (1.08)          (1.00)   

stpr_fac52         -0.149**        0.0375         -0.0208         0.00363         -0.0146         -0.0715          0.0247         -0.0858   
                  (-3.20)          (0.82)         (-0.53)          (0.10)         (-0.13)         (-0.59)          (0.29)         (-0.93)   

stpr_fac53         -0.184***      0.00787         -0.0378          0.0225         -0.0943           0.283**       -0.0133           0.170*  
                  (-4.44)          (0.19)         (-1.08)          (0.69)         (-0.92)          (2.63)         (-0.17)          (2.06)   

stpr_fac54         -0.163*        -0.0911          0.0209          0.0449         -0.0883           0.292         -0.0837           0.147   
                  (-2.35)         (-1.33)          (0.36)          (0.83)         (-0.51)          (1.62)         (-0.65)          (1.07)   

stpr_fac55        -0.0937*         0.0547         -0.0192         -0.0449          -0.106           0.228*        -0.0950          0.0921   
                  (-2.39)          (1.41)         (-0.58)         (-1.47)         (-1.08)          (2.24)         (-1.31)          (1.18)   

stpr_fac56         -0.115         -0.0673         -0.0156         0.00649          0.0921           0.127          0.0365          0.0314   
                  (-1.86)         (-1.10)         (-0.30)          (0.13)          (0.60)          (0.79)          (0.32)          (0.26)   

stpr_fac57        -0.0973          -0.121          0.0240          0.0314           0.222          -0.294           0.125          -0.186   
                  (-1.31)         (-1.65)          (0.38)          (0.54)          (1.21)         (-1.53)          (0.91)         (-1.27)   

stpr_fac58        -0.0526         -0.0425          0.0194          0.0146           0.150         -0.0187          0.0556         -0.0347   
                  (-0.99)         (-0.81)          (0.43)          (0.35)          (1.14)         (-0.14)          (0.57)         (-0.33)   

stpr_fac59        -0.0957*        -0.0283          0.0307          0.0104           0.103          0.0906          0.0371        -0.00946   
                  (-2.03)         (-0.61)          (0.77)          (0.28)          (0.88)          (0.74)          (0.42)         (-0.10)   

stpr_fac60        -0.0605         -0.0200          0.0122          0.0317           0.169           0.127          0.0757         0.00956   
                  (-1.10)         (-0.37)          (0.26)          (0.74)          (1.24)          (0.90)          (0.75)          (0.09)   

stpr_fac61         -0.169*        -0.0875          0.0147        0.000249          -0.272           0.870***       -0.130           0.450** 
                  (-2.22)         (-1.17)          (0.23)          (0.00)         (-1.44)          (4.42)         (-0.92)          (2.97)   

stpr_fac62        -0.0416        -0.00709         0.00679        -0.00945          0.0127           0.339***       0.0330           0.236***
                  (-1.21)         (-0.21)          (0.24)         (-0.35)          (0.15)          (3.83)          (0.52)          (3.47)   

stpr_fac63         -0.187**       0.00180        -0.00192       -0.000464         -0.0823           0.510**       -0.0583           0.346** 
                  (-3.09)          (0.03)         (-0.04)         (-0.01)         (-0.55)          (3.26)         (-0.52)          (2.88)   

stpr_fac64        -0.0706         -0.0390         -0.0687         -0.0395           0.134           0.395***        0.158*          0.304***
                  (-1.70)         (-0.95)         (-1.96)         (-1.22)          (1.29)          (3.67)          (2.06)          (3.67)   

stpr_fac65         -0.200**        0.0134         -0.0467         -0.0478          0.0726           0.509**         0.100           0.314*  
                  (-2.93)          (0.20)         (-0.81)         (-0.90)          (0.43)          (2.88)          (0.80)          (2.31)   

stpr_fac66        -0.0859          0.0139         -0.0349         -0.0490           0.242           0.251           0.203          0.0435   
                  (-1.42)          (0.23)         (-0.68)         (-1.04)          (1.61)          (1.60)          (1.81)          (0.36)   

stpr_fac67        -0.0812          0.0525          0.0190         -0.0324          0.0636           0.174          0.0605           0.135   
                  (-1.70)          (1.11)          (0.47)         (-0.87)          (0.54)          (1.41)          (0.68)          (1.42)   

stpr_fac68         -0.149*       -0.00748         -0.0333         0.00623           0.175           0.148           0.186           0.114   
                  (-2.10)         (-0.11)         (-0.56)          (0.11)          (0.99)          (0.80)          (1.42)          (0.81)   

stpr_fac69         -0.206**       0.00275          0.0392          0.0390          0.0686           0.179          0.0789          0.0157   
                  (-2.65)          (0.04)          (0.60)          (0.64)          (0.36)          (0.89)          (0.55)          (0.10)   

stpr_fac70         -0.209*        -0.0321         -0.0346          0.0297          -0.121           0.542*       -0.00817           0.225   
                  (-2.53)         (-0.39)         (-0.50)          (0.46)         (-0.59)          (2.54)         (-0.05)          (1.37)   

stpr_fac71         -0.127         -0.0307        -0.00688         -0.0326        -0.00195         0.00624         -0.0804         -0.0490   
                  (-1.84)         (-0.45)         (-0.12)         (-0.61)         (-0.01)          (0.03)         (-0.63)         (-0.36)   

stpr_fac72         -0.180**     -0.000213         -0.0204         -0.0296         -0.0324           0.131         -0.0361         -0.0164   
                  (-2.79)         (-0.00)         (-0.38)         (-0.59)         (-0.20)          (0.78)         (-0.30)         (-0.13)   

stpr_fac73        -0.0976*       -0.00843          0.0161          0.0395          0.0272           0.284*         0.0592           0.181*  
                  (-2.23)         (-0.20)          (0.44)          (1.16)          (0.25)          (2.51)          (0.73)          (2.08)   

stpr_fac74         -0.155**       -0.0124          0.0481         0.00363          0.0566         -0.0631          0.0897          -0.100   
                  (-3.07)         (-0.25)          (1.13)          (0.09)          (0.45)         (-0.48)          (0.96)         (-1.00)   

stpr_fac75      -0.000931          -0.139*      -0.000886         -0.0507          -0.146          -0.322          -0.120          -0.204   
                  (-0.01)         (-2.19)         (-0.02)         (-1.01)         (-0.91)         (-1.94)         (-1.01)         (-1.60)   

stpr_fac76         -0.154*          0.197**       -0.0479          0.0676         0.00757           0.485**        0.0225           0.179   
                  (-2.34)          (3.05)         (-0.87)          (1.32)          (0.05)          (2.85)          (0.19)          (1.37)   

stpr_fac77        -0.0820          -0.139*        -0.0882         0.00977           0.326           0.349*          0.298*          0.340*  
                  (-1.20)         (-2.06)         (-1.53)          (0.18)          (1.92)          (1.97)          (2.35)          (2.50)   

stpr_fac78         -0.205***      -0.0198         -0.0781          0.0451           0.305*         -0.309*          0.164          -0.215   
                  (-3.49)         (-0.34)         (-1.58)          (0.98)          (2.09)         (-2.03)          (1.51)         (-1.84)   

stpr_fac79         -0.229**        -0.181**       -0.0196         -0.0595          0.0975          -0.103           0.192         -0.0595   
                  (-3.23)         (-2.59)         (-0.33)         (-1.08)          (0.55)         (-0.56)          (1.46)         (-0.42)   

stpr_fac80         -0.137**        -0.127*         -0.152***       0.0344         -0.0833           0.117         -0.0846           0.109   
                  (-2.60)         (-2.44)         (-3.44)          (0.84)         (-0.64)          (0.86)         (-0.87)          (1.05)   

stpr_fac81         -0.157***      -0.0377         -0.0111         -0.0363           0.103           0.368**         0.160           0.193*  
                  (-3.49)         (-0.85)         (-0.29)         (-1.03)          (0.92)          (3.15)          (1.92)          (2.15)   

stpr_fac82         -0.225***      -0.0264         -0.0980*         -0.124**       -0.0510           0.387**       -0.0555           0.168   
                  (-4.29)         (-0.51)         (-2.21)         (-3.02)         (-0.39)          (2.84)         (-0.57)          (1.61)   

stpr_fac83         0.0795        -0.00946           0.270***       0.0521           0.335**        0.0807           0.238*         0.0997   
                   (1.54)         (-0.19)          (6.19)          (1.29)          (2.62)          (0.60)          (2.49)          (0.97)   

stpr_fac84        -0.0661          -0.122*       -0.00253          -0.121**        -0.146          0.0242         -0.0567        -0.00791   
                  (-1.31)         (-2.46)         (-0.06)         (-3.08)         (-1.17)          (0.19)         (-0.61)         (-0.08)   

stpr_fac85         -0.107*       -0.00614          0.0110         0.00564          -0.103          -0.231         -0.0224          -0.150   
                  (-2.27)         (-0.13)          (0.28)          (0.15)         (-0.88)         (-1.89)         (-0.26)         (-1.60)   

stpr_fac86         -0.102*       -0.00297       -0.000935         -0.0460         -0.0760           0.107         -0.0270      -0.0000222   
                  (-2.22)         (-0.07)         (-0.02)         (-1.29)         (-0.67)          (0.90)         (-0.32)         (-0.00)   

stpr_fac87        -0.0520          0.0556          0.0233         -0.0164        -0.00542         -0.0971         -0.0764          -0.100   
                  (-1.29)          (1.40)          (0.69)         (-0.52)         (-0.05)         (-0.93)         (-1.02)         (-1.25)   

stpr_fac88         -0.242***     0.000523          0.0744          0.0821          -0.102           0.290          0.0149           0.210   
                  (-3.40)          (0.01)          (1.24)          (1.48)         (-0.58)          (1.57)          (0.11)          (1.48)   

stpr_fac89        -0.0867         0.00986         -0.0215         -0.0124          0.0882           0.100          0.0701          0.0264   
                  (-1.93)          (0.22)         (-0.57)         (-0.35)          (0.79)          (0.86)          (0.84)          (0.30)   

stpr_fac90         -0.197**       -0.0801         -0.0449          0.0129          0.0231         -0.0958          0.0503          -0.102   
                  (-2.80)         (-1.16)         (-0.76)          (0.24)          (0.13)         (-0.53)          (0.39)         (-0.73)   

stpr_fac91         -0.116**       -0.0210        -0.00673        -0.00845           0.120          0.0566           0.109          0.0533   
                  (-2.69)         (-0.49)         (-0.18)         (-0.25)          (1.12)          (0.51)          (1.37)          (0.62)   

stpr_fac92         -0.144***       0.0457         -0.0159        -0.00816           0.101          0.0594          0.0535          0.0139   
                  (-3.33)          (1.07)         (-0.44)         (-0.24)          (0.93)          (0.53)          (0.66)          (0.16)   

stpr_fac93         -0.149***       0.0860*         0.0429       0.0000844           0.184           0.225*          0.162*          0.169*  
                  (-3.48)          (2.04)          (1.19)          (0.00)          (1.74)          (2.03)          (2.05)          (1.99)   

stpr_fac94        -0.0725         -0.0191         0.00885         0.00201           0.119           0.359**         0.142           0.182*  
                  (-1.61)         (-0.43)          (0.23)          (0.06)          (1.06)          (3.08)          (1.70)          (2.03)   

stpr_fac95         -0.129**      -0.00834        -0.00409         0.00659         -0.0280           0.252         -0.0123           0.156   
                  (-2.59)         (-0.17)         (-0.10)          (0.17)         (-0.23)          (1.96)         (-0.13)          (1.57)   

stpr_fac96         -0.119*        -0.0242          0.0169          0.0371          0.0372          0.0178        -0.00414         -0.0246   
                  (-2.30)         (-0.48)          (0.39)          (0.93)          (0.29)          (0.13)         (-0.04)         (-0.24)   

stpr_fac97         -0.156**       0.00965       -0.000722          0.0455          0.0466           0.189          0.0229          0.0399   
                  (-2.76)          (0.17)         (-0.02)          (1.03)          (0.33)          (1.29)          (0.22)          (0.36)   

stpr_fac98         -0.111*         0.0504        0.000781        0.000270         -0.0316           0.365**       -0.0622           0.193   
                  (-2.16)          (0.99)          (0.02)          (0.01)         (-0.25)          (2.74)         (-0.66)          (1.89)   

stpr_fac99         -0.192**      -0.00645         -0.0101          0.0412         -0.0208        -0.00808         -0.0309         -0.0536   
                  (-3.26)         (-0.11)         (-0.20)          (0.90)         (-0.14)         (-0.05)         (-0.28)         (-0.46)   

stpr_fac100        -0.210***        0.134**       -0.0364          0.0877*         -0.150           0.484***      -0.0587           0.250*  
                  (-4.04)          (2.61)         (-0.83)          (2.17)         (-1.16)          (3.60)         (-0.61)          (2.42)   

stpr_fac101        -0.144**        0.0545          0.0520          0.0459         -0.0411           0.274        -0.00492           0.151   
                  (-2.58)          (0.99)          (1.11)          (1.06)         (-0.30)          (1.91)         (-0.05)          (1.37)   

stpr_fac102        -0.222***     -0.00374          -0.103*        -0.0345          -0.388**         0.395**        -0.287**         0.290*  
                  (-3.87)         (-0.07)         (-2.12)         (-0.77)         (-2.73)          (2.65)         (-2.70)          (2.54)   

stpr_fac103       -0.0164          0.0170         0.00833         -0.0103          0.0514           0.392***       0.0149           0.235***
                  (-0.48)          (0.51)          (0.29)         (-0.39)          (0.61)          (4.46)          (0.24)          (3.47)   

_cons               0.121**       0.00375         -0.0117        -0.00598         -0.0332          -0.189         -0.0253         -0.0806   
                   (2.86)          (0.09)         (-0.33)         (-0.18)         (-0.32)         (-1.72)         (-0.32)         (-0.95)   
--------------------------------------------------------------------------------------------------------------------------------------------
N                    1207            1208            1207            1208            1208            1210            1208            1210   
R-sq                0.259           0.237           0.297           0.223           0.235           0.341           0.246           0.292   
--------------------------------------------------------------------------------------------------------------------------------------------
t statistics in parentheses
* p<0.05, ** p<0.01, *** p<0.001
