--------------------------------------------------------------------------------------------------------------------------------------------
                      (1)             (2)             (3)             (4)             (5)             (6)             (7)             (8)   
             aginc_back~d    aginc_pred~t    nfincome_b~d    nfincome_p~t    output_bac~d    output_pre~t    percapinc_~d    percapinc_~t   
--------------------------------------------------------------------------------------------------------------------------------------------
lngt82diff~e       0.0169          0.0555        -0.00241          0.0990          -0.112*         0.0611         -0.0174          0.0296   
                   (0.18)          (0.60)         (-0.05)          (1.83)         (-2.24)          (1.11)         (-0.30)          (0.56)   

stpr_fac1          -0.178         -0.0519          -0.136         -0.0850          -0.138*         0.0855          -0.108         0.00232   
                  (-1.38)         (-0.41)         (-1.89)         (-1.13)         (-2.00)          (1.12)         (-1.33)          (0.03)   

stpr_fac2         -0.0626         -0.0485         -0.0211         -0.0206         -0.0934          0.0157         -0.0462         -0.0240   
                  (-0.61)         (-0.48)         (-0.37)         (-0.35)         (-1.70)          (0.26)         (-0.72)         (-0.42)   

stpr_fac3         -0.0376          0.0356         -0.0615          0.0366          -0.142**         0.117*        -0.0281          0.0258   
                  (-0.37)          (0.36)         (-1.10)          (0.63)         (-2.63)          (1.97)         (-0.44)          (0.45)   

stpr_fac4         -0.0243        -0.00117         -0.0456          0.0589         -0.0764          0.0509         -0.0599          0.0305   
                  (-0.22)         (-0.01)         (-0.76)          (0.94)         (-1.33)          (0.80)         (-0.88)          (0.50)   

stpr_fac5         -0.0889          0.0446         0.00641          0.0370          -0.168*        -0.0207         -0.0856           0.101   
                  (-0.62)          (0.32)          (0.08)          (0.45)         (-2.21)         (-0.25)         (-0.96)          (1.26)   

stpr_fac6          -0.338*          0.294*         -0.139           0.307***       -0.405***       0.0890          -0.250**         0.141   
                  (-2.26)          (2.00)         (-1.68)          (3.56)         (-5.10)          (1.01)         (-2.67)          (1.69)   

stpr_fac7          -0.113          0.0588          -0.195***       0.0135         -0.0516          0.0142         -0.0975          0.0977*  
                  (-1.29)          (0.71)         (-4.04)          (0.28)         (-1.11)          (0.29)         (-1.78)          (2.08)   

stpr_fac8         -0.0401          0.0413         -0.0651          0.0933          -0.161**        0.0895         -0.0832          0.0486   
                  (-0.38)          (0.40)         (-1.11)          (1.53)         (-2.85)          (1.44)         (-1.26)          (0.82)   

stpr_fac9          -0.110        -0.00820          -0.104         -0.0101          -0.101          0.0360         -0.0811         0.00536   
                  (-1.09)         (-0.08)         (-1.88)         (-0.17)         (-1.89)          (0.61)         (-1.29)          (0.10)   

stpr_fac10         0.0901          -0.171         -0.0898         -0.0457         -0.0870         -0.0209          0.0132          -0.104   
                   (0.85)         (-1.65)         (-1.53)         (-0.75)         (-1.54)         (-0.34)          (0.20)         (-1.76)   

stpr_fac11        -0.0378         -0.0437         -0.0444          0.0268         -0.0943          0.0366         -0.0709        -0.00715   
                  (-0.41)         (-0.49)         (-0.87)          (0.50)         (-1.93)          (0.68)         (-1.24)         (-0.14)   

stpr_fac12         -0.103          0.0813         -0.0842          0.0779          -0.141**        0.0462         -0.0692          0.0667   
                  (-1.09)          (0.87)         (-1.60)          (1.42)         (-2.79)          (0.83)         (-1.17)          (1.26)   

stpr_fac13         -0.215          -0.124          -0.142*        -0.0721          -0.134*      -0.000559          -0.174*        -0.0637   
                  (-1.81)         (-1.06)         (-2.15)         (-1.05)         (-2.12)         (-0.01)         (-2.33)         (-0.96)   

o.stpr_fac14            0               0               0               0               0               0               0               0   
                      (.)             (.)             (.)             (.)             (.)             (.)             (.)             (.)   

stpr_fac15         -0.148         0.00684          -0.106          0.0416          -0.200***        0.114        -0.00202          0.0833   
                  (-1.36)          (0.06)         (-1.76)          (0.66)         (-3.45)          (1.78)         (-0.03)          (1.37)   

stpr_fac16         0.0105          -0.140         -0.0334         -0.0768         -0.0840          0.0920         -0.0101         -0.0975*  
                   (0.12)         (-1.63)         (-0.69)         (-1.52)         (-1.81)          (1.79)         (-0.18)         (-1.99)   

stpr_fac17         0.0898         -0.0947          0.0319          0.0332          0.0432         -0.0114         -0.0471         -0.0177   
                   (0.89)         (-0.95)          (0.57)          (0.57)          (0.80)         (-0.19)         (-0.74)         (-0.31)   

stpr_fac18         -0.182         0.00147         -0.0474          0.0184          -0.131*          0.112          -0.157*         0.0278   
                  (-1.74)          (0.01)         (-0.82)          (0.30)         (-2.35)          (1.82)         (-2.39)          (0.47)   

stpr_fac19         -0.186*         0.0774         -0.0680          0.0543          -0.128**        0.0343         -0.0436          0.0612   
                  (-2.36)          (1.00)         (-1.56)          (1.19)         (-3.05)          (0.74)         (-0.88)          (1.38)   

stpr_fac20          0.131          0.0885           0.116*         0.0674          -0.112*          0.178**        0.0110          0.0551   
                   (1.36)          (0.94)          (2.19)          (1.21)         (-2.19)          (3.16)          (0.18)          (1.02)   

stpr_fac21        0.00587           0.163         0.00502           0.175**        -0.164**         0.160**       -0.0751           0.147** 
                   (0.06)          (1.64)          (0.09)          (3.00)         (-3.05)          (2.71)         (-1.19)          (2.60)   

stpr_fac22         0.0486          0.0260          0.0285          0.0472          -0.163*          0.108         -0.0398        -0.00170   
                   (0.41)          (0.22)          (0.43)          (0.68)         (-2.56)          (1.54)         (-0.53)         (-0.03)   

stpr_fac23        -0.0884        -0.00234         -0.0608         -0.0107         -0.0968          0.0953         -0.0522         0.00230   
                  (-0.77)         (-0.02)         (-0.96)         (-0.16)         (-1.59)          (1.42)         (-0.73)          (0.04)   

stpr_fac24        -0.0116         -0.0685         -0.0238         -0.0606         -0.0467        -0.00443         -0.0322         -0.0262   
                  (-0.11)         (-0.66)         (-0.41)         (-0.99)         (-0.83)         (-0.07)         (-0.49)         (-0.44)   

stpr_fac25        -0.0118         -0.0871         -0.0789          0.0287          -0.149*         0.0220         -0.0658         -0.0482   
                  (-0.09)         (-0.66)         (-1.07)          (0.37)         (-2.09)          (0.28)         (-0.79)         (-0.64)   

stpr_fac26        -0.0793          0.0378         -0.0767          0.0537          -0.120          0.0656         -0.0305         0.00622   
                  (-0.51)          (0.24)         (-0.88)          (0.59)         (-1.44)          (0.71)         (-0.31)          (0.07)   

stpr_fac27        -0.0916         -0.0528          -0.108         -0.0267         -0.0698         -0.0407         -0.0751         -0.0245   
                  (-0.64)         (-0.37)         (-1.36)         (-0.32)         (-0.91)         (-0.48)         (-0.84)         (-0.30)   

stpr_fac28        -0.0536          0.0306        -0.00774          0.0318         -0.0820          0.0577         -0.0755          0.0184   
                  (-0.67)          (0.39)         (-0.18)          (0.69)         (-1.93)          (1.23)         (-1.51)          (0.41)   

stpr_fac29        -0.0102          0.0613         -0.0228          0.0791          -0.147*        0.00739         -0.0146          0.0368   
                  (-0.09)          (0.55)         (-0.37)          (1.22)         (-2.45)          (0.11)         (-0.21)          (0.58)   

stpr_fac30        0.00753          0.0143         0.00887          0.0423         -0.0666         0.00832         -0.0160         0.00399   
                   (0.08)          (0.16)          (0.17)          (0.79)         (-1.35)          (0.15)         (-0.28)          (0.08)   

stpr_fac31         -0.103          0.0852         -0.0921          0.1000          -0.187***        0.125*         -0.113          0.0409   
                  (-1.03)          (0.87)         (-1.67)          (1.73)         (-3.51)          (2.14)         (-1.81)          (0.73)   

stpr_fac32        -0.0866          -0.112         -0.0838          -0.118*         -0.129**       0.00752         -0.0621         0.00188   
                  (-1.02)         (-1.34)         (-1.78)         (-2.40)         (-2.85)          (0.15)         (-1.17)          (0.04)   

stpr_fac33         -0.353**        -0.132          -0.241***       -0.243***       -0.196**        0.0456         -0.0293         0.00542   
                  (-2.90)         (-1.10)         (-3.58)         (-3.46)         (-3.03)          (0.64)         (-0.38)          (0.08)   

stpr_fac34        -0.0607         -0.0513         -0.0865*        -0.0836          -0.148***     -0.00983          0.0187         -0.0724   
                  (-0.77)         (-0.66)         (-1.98)         (-1.84)         (-3.53)         (-0.21)          (0.38)         (-1.64)   

stpr_fac35         -0.238*        -0.0313          -0.245***      -0.0804          -0.267***       0.0246         -0.0741         -0.0752   
                  (-2.29)         (-0.31)         (-4.27)         (-1.34)         (-4.84)          (0.40)         (-1.14)         (-1.30)   

stpr_fac36         -0.176*         0.0578         -0.0942*        -0.0305          -0.110**       0.00308          -0.142**       -0.0104   
                  (-2.22)          (0.74)         (-2.14)         (-0.66)         (-2.61)          (0.07)         (-2.86)         (-0.23)   

stpr_fac37         -0.230*         -0.118          -0.280***      -0.0420          -0.167**         0.117         -0.0836         -0.0513   
                  (-2.18)         (-1.14)         (-4.80)         (-0.69)         (-2.97)          (1.89)         (-1.26)         (-0.87)   

stpr_fac38         -0.116         -0.0268         -0.0329          0.0113          -0.223***       0.0801         -0.0634         -0.0199   
                  (-0.98)         (-0.23)         (-0.50)          (0.16)         (-3.55)          (1.15)         (-0.86)         (-0.30)   

stpr_fac39        -0.0216         -0.0407         -0.0295          0.0198          -0.139*         0.0159         -0.0406        0.000293   
                  (-0.20)         (-0.39)         (-0.50)          (0.32)         (-2.45)          (0.25)         (-0.61)          (0.00)   

stpr_fac40         -0.119          0.0305         -0.0716          0.0269          -0.122         0.00348         -0.0405          0.0219   
                  (-1.00)          (0.26)         (-1.09)          (0.39)         (-1.94)          (0.05)         (-0.55)          (0.33)   

stpr_fac41         -0.156         -0.0723         -0.0982         -0.0189          -0.216**        0.0899          -0.107         -0.0217   
                  (-1.12)         (-0.53)         (-1.28)         (-0.24)         (-2.93)          (1.10)         (-1.23)         (-0.28)   

stpr_fac42         0.0286          0.0363         -0.0276          0.0907          -0.178**         0.112         -0.0261          0.0390   
                   (0.26)          (0.34)         (-0.46)          (1.45)         (-3.11)          (1.77)         (-0.39)          (0.64)   

stpr_fac43        -0.0813         -0.0129         -0.0537        -0.00939          -0.194***       0.0260         -0.0538        -0.00638   
                  (-0.95)         (-0.15)         (-1.13)         (-0.19)         (-4.25)          (0.52)         (-1.00)         (-0.13)   

o.stpr_fac44            0               0               0               0               0               0               0               0   
                      (.)             (.)             (.)             (.)             (.)             (.)             (.)             (.)   

stpr_fac45        -0.0599         -0.0650         -0.0503         -0.0542         -0.0754*        0.00237         -0.0473         -0.0371   
                  (-0.85)         (-0.93)         (-1.28)         (-1.33)         (-2.00)          (0.06)         (-1.07)         (-0.94)   

stpr_fac46         -0.106          0.0369         -0.0836         0.00234          -0.203***       0.0682         -0.0649         0.00869   
                  (-1.07)          (0.38)         (-1.52)          (0.04)         (-3.84)          (1.17)         (-1.04)          (0.16)   

stpr_fac47         0.0827         -0.0535         -0.0724         0.00931          -0.142*         0.0860         0.00373         -0.0713   
                   (0.64)         (-0.42)         (-1.01)          (0.12)         (-2.07)          (1.13)          (0.05)         (-0.98)   

stpr_fac48        -0.0463         -0.0799          -0.105          0.0101          -0.192**         0.110         -0.0280        -0.00347   
                  (-0.33)         (-0.58)         (-1.35)          (0.13)         (-2.58)          (1.34)         (-0.32)         (-0.04)   

stpr_fac49        -0.0584          0.0126         -0.0837         -0.0244          -0.221**        0.0867          0.0217        -0.00113   
                  (-0.40)          (0.09)         (-1.04)         (-0.29)         (-2.84)          (1.01)          (0.24)         (-0.01)   

stpr_fac50         -0.261*          0.157          -0.137*        -0.0268          -0.181**      -0.00466          -0.106           0.106   
                  (-2.27)          (1.39)         (-2.16)         (-0.40)         (-2.96)         (-0.07)         (-1.47)          (1.65)   

stpr_fac51        -0.0829         -0.0999         -0.0736         -0.0681          -0.102*        0.00933         -0.0538         -0.0443   
                  (-0.94)         (-1.16)         (-1.51)         (-1.34)         (-2.18)          (0.18)         (-0.98)         (-0.90)   

stpr_fac52        -0.0972          0.0914         -0.0396          0.0114          -0.131**      -0.00654         -0.0172          0.0557   
                  (-1.05)          (1.00)         (-0.77)          (0.21)         (-2.66)         (-0.12)         (-0.30)          (1.07)   

stpr_fac53         -0.284***        0.174*         -0.152***       0.0836          -0.188***       0.0947          -0.176***        0.106*  
                  (-3.43)          (2.13)         (-3.32)          (1.75)         (-4.26)          (1.95)         (-3.40)          (2.29)   

stpr_fac54        -0.0149          -0.111         -0.0789          0.0212          -0.169*       -0.00375         -0.0395         -0.0580   
                  (-0.11)         (-0.81)         (-1.03)          (0.26)         (-2.29)         (-0.05)         (-0.45)         (-0.75)   

stpr_fac55        -0.0750          -0.111         -0.0679         -0.0858         -0.0822*         0.0610         -0.0496         -0.0616   
                  (-0.96)         (-1.44)         (-1.57)         (-1.90)         (-1.97)          (1.33)         (-1.01)         (-1.40)   

stpr_fac56        -0.0739          -0.110         -0.0439         -0.0630          -0.123          0.0441         -0.0355         -0.0699   
                  (-0.60)         (-0.91)         (-0.64)         (-0.88)         (-1.88)          (0.61)         (-0.46)         (-1.01)   

stpr_fac57        -0.0106        -0.00211         -0.0424          0.0395         -0.0956          0.0531         -0.0475         0.00988   
                  (-0.07)         (-0.01)         (-0.52)          (0.46)         (-1.22)          (0.61)         (-0.51)          (0.12)   

stpr_fac58         0.0281         -0.0882         0.00846         -0.0671         -0.0708          0.0107        -0.00174         -0.0845   
                   (0.27)         (-0.85)          (0.14)         (-1.10)         (-1.26)          (0.17)         (-0.03)         (-1.42)   

stpr_fac59        -0.0382          0.0255          0.0453         -0.0412         -0.0781          0.0101         -0.0292         -0.0135   
                  (-0.41)          (0.28)          (0.87)         (-0.76)         (-1.56)          (0.18)         (-0.49)         (-0.26)   

stpr_fac60         0.0282          0.0637          0.0104          0.0361         -0.0444          0.0962         0.00766          0.0145   
                   (0.26)          (0.59)          (0.17)          (0.57)         (-0.76)          (1.50)          (0.11)          (0.24)   

stpr_fac61         -0.108          -0.110          -0.114         -0.0344          -0.170*        -0.0480          -0.110         -0.0474   
                  (-0.71)         (-0.74)         (-1.36)         (-0.39)         (-2.11)         (-0.54)         (-1.16)         (-0.56)   

stpr_fac62         0.0175         0.00399          0.0138        -0.00195         -0.0358         -0.0136         0.00452          0.0190   
                   (0.26)          (0.06)          (0.36)         (-0.05)         (-0.98)         (-0.34)          (0.11)          (0.50)   

stpr_fac63         -0.159          0.0237          -0.115          0.0248          -0.228***       0.0302         -0.0999          0.0277   
                  (-1.32)          (0.20)         (-1.73)          (0.36)         (-3.56)          (0.43)         (-1.32)          (0.41)   

stpr_fac64         -0.167*         -0.100          -0.117*        -0.0936         -0.0734         -0.0559         -0.0418         -0.0508   
                  (-2.01)         (-1.23)         (-2.55)         (-1.95)         (-1.66)         (-1.15)         (-0.80)         (-1.09)   

stpr_fac65         -0.139         -0.0725          -0.140         -0.0325          -0.189**        0.0846         -0.0759         0.00572   
                  (-1.02)         (-0.54)         (-1.86)         (-0.41)         (-2.62)          (1.06)         (-0.89)          (0.08)   

stpr_fac66         -0.150         -0.0593         -0.0973         -0.0630         -0.0949          0.0406         -0.0536         -0.0122   
                  (-1.24)         (-0.50)         (-1.46)         (-0.90)         (-1.48)          (0.57)         (-0.71)         (-0.18)   

stpr_fac67        -0.0399         -0.0343         -0.0358         -0.0327         -0.0754          0.0677         -0.0530         0.00626   
                  (-0.42)         (-0.37)         (-0.68)         (-0.59)         (-1.48)          (1.21)         (-0.89)          (0.12)   

stpr_fac68        -0.0710         -0.0172         -0.0759          0.0315          -0.110          0.0481         -0.0343          0.0232   
                  (-0.50)         (-0.12)         (-0.97)          (0.38)         (-1.46)          (0.58)         (-0.39)          (0.29)   

stpr_fac69        -0.0587          0.0123         -0.0437          0.0472          -0.216**        0.0781         -0.0840        -0.00154   
                  (-0.38)          (0.08)         (-0.51)          (0.53)         (-2.62)          (0.86)         (-0.86)         (-0.02)   

stpr_fac70         -0.130          -0.100          -0.135          0.0176          -0.202*         0.0721         -0.0729         -0.0261   
                  (-0.79)         (-0.62)         (-1.48)          (0.19)         (-2.30)          (0.74)         (-0.71)         (-0.28)   

stpr_fac71         -0.101          -0.126          -0.101          0.0206          -0.164*         0.0359         -0.0745         0.00313   
                  (-0.73)         (-0.93)         (-1.33)          (0.26)         (-2.23)          (0.44)         (-0.86)          (0.04)   

stpr_fac72         -0.187          0.0666         -0.0876         0.00144          -0.182**         0.114         -0.0933          0.0881   
                  (-1.45)          (0.53)         (-1.23)          (0.02)         (-2.65)          (1.50)         (-1.16)          (1.22)   

stpr_fac73        0.00247          0.0369          0.0125          0.0454          -0.103*         0.0384        -0.00325          0.0196   
                   (0.03)          (0.43)          (0.26)          (0.90)         (-2.21)          (0.75)         (-0.06)          (0.40)   

stpr_fac74        -0.0408          -0.117         -0.0392         -0.0424          -0.176**        0.0546         -0.0739         -0.0661   
                  (-0.40)         (-1.18)         (-0.70)         (-0.73)         (-3.29)          (0.92)         (-1.17)         (-1.17)   

stpr_fac75         -0.279*          0.156          0.0480         -0.0864         -0.0206         -0.0820          -0.113           0.126   
                  (-2.18)          (1.24)          (0.68)         (-1.17)         (-0.30)         (-1.09)         (-1.41)          (1.76)   

stpr_fac76        -0.0251           0.180         -0.0523           0.156*         -0.185**         0.244**        0.0111          0.0575   
                  (-0.19)          (1.40)         (-0.72)          (2.06)         (-2.66)          (3.17)          (0.14)          (0.78)   

stpr_fac77         -0.115          0.0366         -0.0126         -0.0485          -0.116         -0.0800        -0.00208         0.00276   
                  (-0.84)          (0.27)         (-0.17)         (-0.61)         (-1.60)         (-1.00)         (-0.02)          (0.04)   

stpr_fac78          0.101         -0.0859          -0.237***       0.0859          -0.193**        0.0703          0.0522         -0.0400   
                   (0.86)         (-0.75)         (-3.65)          (1.27)         (-3.09)          (1.02)          (0.71)         (-0.61)   

stpr_fac79        -0.0717           0.128          -0.100         -0.0242          -0.223**        -0.137         -0.0836           0.170*  
                  (-0.51)          (0.92)         (-1.28)         (-0.30)         (-2.97)         (-1.66)         (-0.94)          (2.15)   

stpr_fac80         -0.184          0.0276          -0.147*         0.0385          -0.131*        -0.0230        -0.00140          0.0281   
                  (-1.75)          (0.27)         (-2.53)          (0.64)         (-2.34)         (-0.37)         (-0.02)          (0.48)   

stpr_fac81         0.0190         -0.0757          0.0376         -0.0409          -0.189***       0.0386          0.0542         -0.0190   
                   (0.21)         (-0.86)          (0.75)         (-0.78)         (-3.95)          (0.73)          (0.96)         (-0.38)   

stpr_fac82         -0.207*         0.0701          -0.169**       -0.0270          -0.255***      -0.0338         -0.0533           0.181** 
                  (-1.98)          (0.68)         (-2.91)         (-0.45)         (-4.57)         (-0.55)         (-0.81)          (3.09)   

stpr_fac83          0.436***       0.0117           0.266***       0.0230          0.0784        -0.00905          0.0376         -0.0146   
                   (4.22)          (0.12)          (4.67)          (0.39)          (1.43)         (-0.15)          (0.58)         (-0.25)   

stpr_fac84          0.150          -0.266**        0.0204          -0.175**      -0.00432         -0.0877          0.0502         -0.0816   
                   (1.49)         (-2.69)          (0.37)         (-3.02)         (-0.08)         (-1.49)          (0.80)         (-1.45)   

stpr_fac85        -0.0741          0.0309         -0.0261          0.0156         -0.0772          0.0612         -0.0438          0.0305   
                  (-0.79)          (0.33)         (-0.50)          (0.29)         (-1.54)          (1.11)         (-0.74)          (0.58)   

stpr_fac86        -0.0697         -0.0731         -0.0491         -0.0609          -0.112*         0.0171         -0.0403         -0.0127   
                  (-0.76)         (-0.82)         (-0.97)         (-1.15)         (-2.30)          (0.32)         (-0.71)         (-0.25)   

stpr_fac87         0.0595         -0.0364          0.0197         -0.0154         -0.0687          0.0656         0.00207         0.00374   
                   (0.74)         (-0.46)          (0.44)         (-0.33)         (-1.60)          (1.39)          (0.04)          (0.08)   

stpr_fac88         0.0471          -0.178         -0.0417          0.0480          -0.247**         0.220**       -0.0501          -0.154   
                   (0.33)         (-1.27)         (-0.53)          (0.58)         (-3.26)          (2.63)         (-0.56)         (-1.93)   

stpr_fac89        -0.0341          0.0119         -0.0533          0.0199         -0.0552          0.0740         -0.0228          0.0286   
                  (-0.38)          (0.13)         (-1.07)          (0.38)         (-1.16)          (1.40)         (-0.41)          (0.57)   

stpr_fac90         -0.157         -0.0364          -0.161*         0.0142          -0.152*       -0.00210         -0.0928        -0.00207   
                  (-1.12)         (-0.26)         (-2.09)          (0.18)         (-2.04)         (-0.03)         (-1.06)         (-0.03)   

stpr_fac91        -0.0791         -0.0309         -0.0528        -0.00219          -0.120**        0.0137         -0.0386         0.00223   
                  (-0.92)         (-0.36)         (-1.11)         (-0.04)         (-2.62)          (0.27)         (-0.72)          (0.05)   

stpr_fac92         -0.101          0.0838         -0.0786          0.0607          -0.147**         0.106*        -0.0535          0.0769   
                  (-1.17)          (0.99)         (-1.65)          (1.22)         (-3.21)          (2.10)         (-0.99)          (1.59)   

stpr_fac93        -0.0453        -0.00437         -0.0410          0.0359          -0.152***        0.130**       -0.0820         0.00881   
                  (-0.53)         (-0.05)         (-0.87)          (0.73)         (-3.36)          (2.59)         (-1.54)          (0.18)   

stpr_fac94       -0.00919         -0.0204       -0.000480         -0.0408         -0.0743         -0.0233         -0.0325          0.0250   
                  (-0.10)         (-0.23)         (-0.01)         (-0.79)         (-1.56)         (-0.44)         (-0.58)          (0.50)   

stpr_fac95         -0.114          0.0402         -0.0838          0.0416          -0.142**        0.0515         -0.0698          0.0334   
                  (-1.15)          (0.41)         (-1.52)          (0.72)         (-2.69)          (0.88)         (-1.12)          (0.60)   

stpr_fac96        -0.0115         -0.0216        -0.00225          0.0224          -0.147**        0.0409        -0.00866         -0.0240   
                  (-0.11)         (-0.21)         (-0.04)          (0.38)         (-2.69)          (0.68)         (-0.13)         (-0.42)   

stpr_fac97          0.166         -0.0826         -0.0162          0.0139          -0.146*          0.101           0.128         -0.0846   
                   (1.47)         (-0.74)         (-0.26)          (0.21)         (-2.44)          (1.53)          (1.81)         (-1.34)   

stpr_fac98         -0.196           0.146          -0.114*         0.0323          -0.142**         0.162**        -0.139*         0.0787   
                  (-1.91)          (1.45)         (-2.01)          (0.55)         (-2.60)          (2.70)         (-2.16)          (1.37)   

stpr_fac99        -0.0139         -0.0284        -0.00279        0.000148          -0.197**        0.0386          0.0204         -0.0483   
                  (-0.12)         (-0.25)         (-0.04)          (0.00)         (-3.14)          (0.56)          (0.28)         (-0.73)   

stpr_fac100        -0.232*          0.163          -0.224***        0.151*         -0.176**        0.0972          -0.145*         0.0467   
                  (-2.24)          (1.60)         (-3.90)          (2.52)         (-3.19)          (1.60)         (-2.24)          (0.81)   

stpr_fac101       -0.0805          0.0390         -0.0711           0.104          -0.158**         0.120         -0.0993          0.0236   
                  (-0.73)          (0.36)         (-1.16)          (1.62)         (-2.67)          (1.84)         (-1.43)          (0.38)   

stpr_fac102        -0.271*         0.0932          -0.167**         0.153*         -0.213***       0.0397          -0.111           0.224***
                  (-2.37)          (0.83)         (-2.63)          (2.31)         (-3.50)          (0.59)         (-1.55)          (3.49)   

stpr_fac103        0.0365          0.0326          0.0128         -0.0476         -0.0145         0.00931         0.00213         -0.0137   
                   (0.54)          (0.49)          (0.34)         (-1.22)         (-0.40)          (0.23)          (0.05)         (-0.36)   

_cons              0.0515          0.0224          0.0440         0.00238           0.123**       -0.0410          0.0446          0.0105   
                   (0.61)          (0.27)          (0.94)          (0.05)          (2.74)         (-0.82)          (0.84)          (0.22)   
--------------------------------------------------------------------------------------------------------------------------------------------
N                    1207            1208            1207            1208            1207            1208            1207            1208   
R-sq                0.258           0.215           0.315           0.275           0.243           0.218           0.213           0.280   
--------------------------------------------------------------------------------------------------------------------------------------------
t statistics in parentheses
* p<0.05, ** p<0.01, *** p<0.001
