--------------------------------------------------------------------------------------------------------------------------------------------
                      (1)             (2)             (3)             (4)             (5)             (6)             (7)             (8)   
             avwage_bac~d    avwage_pre~t    pop_backward     pop_predict    wagebill_b~d    wagebill_p~t    wageemp_ba~d    wageemp_pr~t   
--------------------------------------------------------------------------------------------------------------------------------------------
lngt83diff~e       0.0578          0.0946**        0.0575*         0.0829**       -0.0322           0.125         -0.0593          0.0128   
                   (1.63)          (2.88)          (2.09)          (3.09)         (-0.41)          (1.59)         (-1.05)          (0.21)   

stpr_fac1          0.0712           0.185**       0.00396          0.0186          -0.145           0.185          -0.222*         0.0187   
                   (1.15)          (3.25)          (0.08)          (0.40)         (-1.07)          (1.36)         (-2.27)          (0.18)   

stpr_fac2          0.0579           0.167***       0.0572          0.0701        -0.00158           0.310**       -0.0696           0.167   
                   (1.13)          (3.51)          (1.44)          (1.81)         (-0.01)          (2.73)         (-0.86)          (1.94)   

stpr_fac3           0.116*          0.178***       0.0547          0.0772          0.0181           0.319**        -0.135           0.165   
                   (2.19)          (3.64)          (1.33)          (1.93)          (0.15)          (2.72)         (-1.61)          (1.86)   

stpr_fac4          0.0789           0.196***       0.0607          0.0864*         0.0800           0.354**       -0.0273           0.175   
                   (1.44)          (3.88)          (1.43)          (2.10)          (0.67)          (2.93)         (-0.32)          (1.91)   

stpr_fac5         -0.0180          0.0385          0.0712         -0.0441           0.188           0.298*       -0.00156           0.191*  
                  (-0.25)          (0.79)          (1.26)         (-1.12)          (1.64)          (2.57)         (-0.02)          (2.18)   

stpr_fac6          -0.138           0.108           0.219***        0.229***       0.0141           0.128          -0.113          0.0548   
                  (-1.83)          (1.55)          (3.75)          (4.03)          (0.08)          (0.76)         (-0.94)          (0.43)   

stpr_fac7         -0.0203           0.159***      -0.0464          0.0428          0.0153           0.292**        -0.133           0.202*  
                  (-0.41)          (3.62)         (-1.22)          (1.19)          (0.15)          (2.77)         (-1.77)          (2.53)   

stpr_fac8         -0.0693           0.240***       0.0987*          0.133**       -0.0716           0.107          -0.126         -0.0630   
                  (-1.22)          (4.56)          (2.23)          (3.08)         (-0.57)          (0.85)         (-1.40)         (-0.66)   

stpr_fac9          0.0686           0.149***       0.0160          0.0557          -0.131           0.409***       -0.140           0.285***
                   (1.42)          (3.33)          (0.43)          (1.53)         (-1.23)          (3.82)         (-1.83)          (3.52)   

stpr_fac10         0.0958          0.0451          0.0577          0.0679          -0.174           0.178          -0.154          0.0574   
                   (1.78)          (0.91)          (1.39)          (1.68)         (-1.48)          (1.50)         (-1.81)          (0.64)   

stpr_fac11         0.0346           0.158***       0.0681          0.0713*        0.00692           0.248*        -0.0523           0.153*  
                   (0.77)          (3.80)          (1.96)          (2.10)          (0.07)          (2.49)         (-0.73)          (2.03)   

stpr_fac12        -0.0252           0.147**        0.0480           0.106**        -0.207           0.281**        -0.187*          0.152   
                  (-0.52)          (3.28)          (1.28)          (2.89)         (-1.92)          (2.61)         (-2.40)          (1.88)   

stpr_fac13        0.00952           0.113*         0.0268          0.0238         -0.0400           0.216         -0.0489           0.189   
                   (0.16)          (2.06)          (0.58)          (0.53)         (-0.31)          (1.65)         (-0.52)          (1.91)   

stpr_fac14          0.137           0.176**        0.0434          0.0631          -0.238           0.214          -0.196           0.151   
                   (1.94)          (2.70)          (0.80)          (1.19)         (-1.54)          (1.38)         (-1.76)          (1.28)   

stpr_fac15         0.0418           0.220***      -0.0186          0.0334          0.0478           0.434***      -0.0302           0.238*  
                   (0.74)          (4.20)         (-0.42)          (0.78)          (0.38)          (3.46)         (-0.34)          (2.52)   

stpr_fac16        -0.0445           0.145***       0.0649          0.0257         -0.0811           0.173         -0.0776          0.0622   
                  (-0.98)          (3.46)          (1.85)          (0.75)         (-0.81)          (1.73)         (-1.08)          (0.82)   

stpr_fac17          0.233***       0.0670           0.112**        0.0959*          0.122           0.240*         -0.139           0.189*  
                   (4.24)          (1.32)          (2.62)          (2.31)          (1.01)          (1.97)         (-1.59)          (2.05)   

stpr_fac18         0.0473           0.184***       0.0925*         0.0899*        -0.0723         -0.0259          -0.171         -0.0152   
                   (0.81)          (3.40)          (2.05)          (2.04)         (-0.56)         (-0.20)         (-1.85)         (-0.16)   

stpr_fac19        -0.0185           0.171***       0.0263          0.0649          0.0755           0.251*       -0.00510           0.101   
                  (-0.38)          (3.83)          (0.70)          (1.78)          (0.71)          (2.35)         (-0.07)          (1.25)   

stpr_fac20          0.118*          0.223***        0.155***        0.108**         0.287*          0.345**         0.157           0.151   
                   (2.13)          (4.37)          (3.62)          (2.59)          (2.36)          (2.82)          (1.79)          (1.63)   

stpr_fac21       0.000905           0.220***       0.0873*         0.0786*         0.0629           0.394***       0.0387           0.209*  
                   (0.02)          (4.90)          (2.32)          (2.15)          (0.59)          (3.66)          (0.50)          (2.58)   

stpr_fac22         0.0842           0.228***        0.104*          0.108*       -0.00460           0.449***      -0.0815           0.161   
                   (1.41)          (4.14)          (2.25)          (2.40)         (-0.04)          (3.40)         (-0.86)          (1.61)   

stpr_fac23         0.0502           0.220***       0.0438          0.0511           0.106           0.515***      -0.0472           0.247*  
                   (0.81)          (3.87)          (0.92)          (1.10)          (0.78)          (3.77)         (-0.48)          (2.39)   

stpr_fac24         0.0717          0.0993          0.0452          0.0334          0.0467           0.115         -0.0493          0.0324   
                   (1.24)          (1.86)          (1.01)          (0.77)          (0.37)          (0.90)         (-0.54)          (0.34)   

stpr_fac25         0.0631          0.0801          0.0685          0.0965*        -0.0487           0.221          -0.111          0.0882   
                   (1.04)          (1.43)          (1.46)          (2.11)         (-0.37)          (1.65)         (-1.16)          (0.87)   

stpr_fac26         0.0728           0.170*         0.0401           0.124*         0.0259           0.526**       -0.0597           0.312*  
                   (0.88)          (2.21)          (0.62)          (1.98)          (0.14)          (2.86)         (-0.45)          (2.25)   

stpr_fac27         0.0551          0.0440          0.0197          0.0738        -0.00571           0.173         -0.0762           0.146   
                   (0.72)          (0.62)          (0.33)          (1.27)         (-0.03)          (1.02)         (-0.63)          (1.13)   

stpr_fac28         0.0383           0.150***       0.0694*         0.0923**        0.0394           0.312**       -0.0224           0.187*  
                   (0.86)          (3.64)          (2.01)          (2.75)          (0.40)          (3.17)         (-0.32)          (2.51)   

stpr_fac29         0.0553           0.127*         0.0790           0.124**       -0.0622           0.414**       -0.0830           0.287** 
                   (0.97)          (2.40)          (1.79)          (2.89)         (-0.50)          (3.28)         (-0.92)          (3.01)   

stpr_fac30          0.118*          0.103*         0.0944**        0.0739*          0.223*          0.245*         0.0912           0.155*  
                   (2.51)          (2.38)          (2.60)          (2.09)          (2.16)          (2.36)          (1.23)          (1.98)   

stpr_fac31         0.0319           0.231***       0.0826*          0.129**        0.0581           0.525***      0.00648           0.295***
                   (0.61)          (4.75)          (2.03)          (3.26)          (0.50)          (4.50)          (0.08)          (3.36)   

stpr_fac32       -0.00438           0.206***       0.0263         0.00476         -0.0647           0.368***       -0.138           0.189*  
                  (-0.09)          (4.47)          (0.68)          (0.13)         (-0.59)          (3.34)         (-1.75)          (2.27)   

stpr_fac33         0.0241           0.165**        -0.169***       -0.177***       -0.246          0.0974          -0.245*         0.0377   
                   (0.38)          (2.84)         (-3.47)         (-3.72)         (-1.77)          (0.70)         (-2.45)          (0.36)   

stpr_fac34         -0.120**         0.114**       -0.0584          0.0593         -0.0142           0.220*        -0.0115           0.170*  
                  (-2.94)          (3.02)         (-1.85)          (1.93)         (-0.16)          (2.44)         (-0.18)          (2.49)   

stpr_fac35        -0.0999           0.156**       -0.0515          0.0666          -0.258*          0.222          -0.248**        0.0781   
                  (-1.68)          (2.83)         (-1.12)          (1.48)         (-1.98)          (1.68)         (-2.63)          (0.78)   

stpr_fac36        0.00818          0.0586          0.0606          0.0395          -0.121           0.136          -0.148*         0.0413   
                   (0.19)          (1.44)          (1.77)          (1.19)         (-1.25)          (1.39)         (-2.12)          (0.56)   

stpr_fac37        -0.0208           0.187***       -0.110**        0.0461          -0.357**         0.297*         -0.371***       0.0972   
                  (-0.40)          (3.90)         (-2.75)          (1.18)         (-3.13)          (2.58)         (-4.51)          (1.12)   

stpr_fac38         0.0803           0.234***       0.0907           0.120*        -0.0198           0.376**       -0.0974           0.123   
                   (1.25)          (3.96)          (1.83)          (2.49)         (-0.14)          (2.65)         (-0.96)          (1.15)   

stpr_fac39         0.0951           0.206***       0.0935*         0.0898          -0.114           0.169          -0.140         0.00570   
                   (1.56)          (3.65)          (1.98)          (1.95)         (-0.85)          (1.25)         (-1.45)          (0.06)   

stpr_fac40          0.145*          0.211***       0.0656           0.112*         0.0837           0.388**        0.0193           0.126   
                   (2.14)          (3.37)          (1.25)          (2.20)          (0.56)          (2.59)          (0.18)          (1.11)   

stpr_fac41         0.0780           0.201**        0.0703          0.0851         -0.0257           0.319*         -0.117           0.105   
                   (1.16)          (3.24)          (1.35)          (1.68)         (-0.17)          (2.14)         (-1.10)          (0.93)   

stpr_fac42         0.0351           0.216***       0.0867*          0.113**       -0.0575           0.298*        -0.0994           0.116   
                   (0.64)          (4.25)          (2.04)          (2.72)         (-0.48)          (2.45)         (-1.14)          (1.27)   

stpr_fac43        -0.0556           0.145**        0.0522          0.0644          -0.228*          0.127          -0.192*        -0.0258   
                  (-1.15)          (3.25)          (1.39)          (1.76)         (-2.14)          (1.18)         (-2.51)         (-0.32)   

o.stpr_fac44            0               0               0               0               0               0               0               0   
                      (.)             (.)             (.)             (.)             (.)             (.)             (.)             (.)   

stpr_fac45       -0.00296          0.0709*        0.00799          0.0115          0.0955          0.0296          0.0253         -0.0102   
                  (-0.08)          (2.18)          (0.29)          (0.43)          (1.23)          (0.38)          (0.45)         (-0.17)   

stpr_fac46        -0.0366           0.140***       0.0226          0.0376         -0.0855           0.413***       -0.105           0.267***
                  (-0.89)          (3.70)          (0.72)          (1.22)         (-0.95)          (4.56)         (-1.62)          (3.90)   

stpr_fac47          0.104           0.154**        0.0701           0.123**        0.0303           0.336**       -0.0692           0.198*  
                   (1.80)          (2.90)          (1.58)          (2.85)          (0.24)          (2.65)         (-0.76)          (2.06)   

stpr_fac48         0.0863           0.186**        0.0406          0.0756         -0.0439           0.382**        -0.147           0.234*  
                   (1.32)          (3.07)          (0.80)          (1.53)         (-0.31)          (2.64)         (-1.42)          (2.14)   

stpr_fac49         0.0659           0.141*         0.0273          0.0740         0.00362           0.191         -0.0884           0.102   
                   (0.90)          (2.09)          (0.48)          (1.34)          (0.02)          (1.18)         (-0.76)          (0.83)   

stpr_fac50        -0.0118           0.136**       -0.0340          0.0298          -0.257*          0.217          -0.198*          0.108   
                  (-0.21)          (2.64)         (-0.79)          (0.71)         (-2.11)          (1.77)         (-2.25)          (1.16)   

stpr_fac51         0.0157           0.156***       0.0317          0.0388          0.0303           0.230*        -0.0282           0.115   
                   (0.35)          (3.72)          (0.90)          (1.14)          (0.30)          (2.29)         (-0.39)          (1.52)   

stpr_fac52         0.0176           0.193***       0.0337          0.0896*        -0.0906          0.0318         -0.0900         -0.0292   
                   (0.35)          (4.14)          (0.86)          (2.36)         (-0.82)          (0.29)         (-1.13)         (-0.35)   

stpr_fac53        -0.0382           0.143***     -0.00380           0.129***       -0.116           0.342***      -0.0962           0.211** 
                  (-0.86)          (3.47)         (-0.11)          (3.85)         (-1.18)          (3.47)         (-1.36)          (2.84)   

stpr_fac54         0.0724          0.0953          0.0615           0.107*         -0.110           0.235          -0.203*         0.0942   
                   (1.14)          (1.63)          (1.25)          (2.24)         (-0.79)          (1.68)         (-2.02)          (0.89)   

stpr_fac55         0.0481           0.126***     -0.00916         -0.0197         -0.0284           0.194*         -0.104          0.0899   
                   (1.29)          (3.64)         (-0.32)         (-0.70)         (-0.35)          (2.35)         (-1.75)          (1.44)   

stpr_fac56          0.101           0.117*         0.0270          0.0678         -0.0190           0.199          -0.123          0.0787   
                   (1.91)          (2.40)          (0.66)          (1.70)         (-0.16)          (1.70)         (-1.47)          (0.89)   

stpr_fac57         0.0757          0.0996          0.0741          0.0933         -0.0822         -0.0703          -0.165        -0.00882   
                   (1.08)          (1.54)          (1.37)          (1.77)         (-0.54)         (-0.45)         (-1.49)         (-0.08)   

stpr_fac58         0.0638          0.0806          0.0433          0.0570         -0.0409          0.0134          -0.174*         0.0717   
                   (1.20)          (1.63)          (1.05)          (1.41)         (-0.35)          (0.11)         (-2.06)          (0.80)   

stpr_fac59         0.0333           0.136**        0.0820*         0.0836*         0.0530           0.106         -0.0469        -0.00702   
                   (0.64)          (2.81)          (2.02)          (2.12)          (0.46)          (0.92)         (-0.57)         (-0.08)   

stpr_fac60          0.132*          0.150**        0.0662          0.0792          0.0759           0.182         -0.0738          0.0441   
                   (2.41)          (2.97)          (1.57)          (1.92)          (0.63)          (1.50)         (-0.85)          (0.48)   

stpr_fac61         0.0820          0.0917          0.0706          0.0458           0.101           0.703***      -0.0822           0.412***
                   (1.23)          (1.49)          (1.37)          (0.91)          (0.69)          (4.76)         (-0.78)          (3.69)   

stpr_fac62         0.0633          0.0920*         0.0415          0.0744*          0.100           0.301***      0.00886           0.182** 
                   (1.54)          (2.42)          (1.30)          (2.40)          (1.11)          (3.31)          (0.14)          (2.65)   

stpr_fac63         0.0584           0.168**        0.0550          0.0988*         -0.104           0.643***       -0.184           0.400***
                   (0.92)          (2.85)          (1.11)          (2.05)         (-0.74)          (4.55)         (-1.83)          (3.75)   

stpr_fac64         0.0378          0.0996*        -0.0324          0.0217           0.143           0.374***       0.0771           0.278***
                   (0.82)          (2.33)         (-0.90)          (0.62)          (1.41)          (3.65)          (1.05)          (3.59)   

stpr_fac65         0.0464           0.184**       0.00595          0.0188           0.122           0.601***       0.0329           0.363***
                   (0.74)          (3.18)          (0.12)          (0.40)          (0.89)          (4.34)          (0.33)          (3.47)   

stpr_fac66         0.0348           0.134*       -0.00833          0.0235           0.193           0.365*         0.0353           0.194   
                   (0.52)          (2.18)         (-0.16)          (0.47)          (1.33)          (2.48)          (0.34)          (1.74)   

stpr_fac67         0.0158           0.150**        0.0447          0.0488          0.0439           0.237*      -0.000894           0.180*  
                   (0.30)          (3.04)          (1.09)          (1.22)          (0.38)          (2.01)         (-0.01)          (2.02)   

stpr_fac68         0.0283           0.161*       -0.00675          0.0685           0.171           0.215          0.0842           0.205   
                   (0.42)          (2.56)         (-0.13)          (1.33)          (1.14)          (1.42)          (0.78)          (1.79)   

stpr_fac69         0.0692           0.248***       0.0867           0.138*        -0.0592           0.346*         -0.115          0.0994   
                   (0.89)          (3.46)          (1.44)          (2.36)         (-0.35)          (2.02)         (-0.93)          (0.77)   

stpr_fac70          0.110           0.225**        0.0453           0.123*        -0.0846           0.640***       -0.102           0.251   
                   (1.33)          (2.93)          (0.71)          (1.97)         (-0.46)          (3.49)         (-0.78)          (1.81)   

stpr_fac71          0.149           0.254***       0.0588           0.105          -0.175           0.227          -0.309*         0.0454   
                   (1.91)          (3.51)          (0.97)          (1.78)         (-1.02)          (1.31)         (-2.49)          (0.35)   

stpr_fac72         0.0965           0.263***       0.0592          0.0938          -0.163           0.314          -0.241          0.0535   
                   (1.23)          (3.62)          (0.97)          (1.58)         (-0.94)          (1.80)         (-1.94)          (0.41)   

stpr_fac73         0.0817           0.180***       0.0690           0.126**        0.0145           0.397***      -0.0302           0.196*  
                   (1.58)          (3.77)          (1.72)          (3.22)          (0.13)          (3.46)         (-0.37)          (2.27)   

stpr_fac74         0.0318           0.118*         0.0702          0.0632          0.0630         -0.0108        -0.00444         -0.0565   
                   (0.62)          (2.50)          (1.77)          (1.64)          (0.56)         (-0.10)         (-0.05)         (-0.66)   

stpr_fac75          0.144*        -0.0188          0.0527          0.0493          -0.495**        -0.204          -0.413***       -0.147   
                   (2.08)         (-0.29)          (0.98)          (0.95)         (-3.26)         (-1.33)         (-3.77)         (-1.27)   

stpr_fac76         0.0140           0.361***      0.00467           0.169**       -0.0363           0.633***      -0.0283           0.233*  
                   (0.20)          (5.60)          (0.09)          (3.22)         (-0.24)          (4.10)         (-0.26)          (2.00)   

stpr_fac77         0.0957          0.0636         -0.0677           0.119*          0.293           0.426**         0.222*          0.370** 
                   (1.35)          (0.97)         (-1.23)          (2.22)          (1.88)          (2.72)          (1.98)          (3.12)   

stpr_fac78        0.00136           0.158**       -0.0231           0.137**       -0.0171          -0.144         -0.0825          -0.141   
                   (0.02)          (2.88)         (-0.50)          (3.07)         (-0.13)         (-1.09)         (-0.88)         (-1.42)   

o.stpr_fac79            0               0               0               0               0               0               0               0   
                      (.)             (.)             (.)             (.)             (.)             (.)             (.)             (.)   

stpr_fac80        -0.0439          0.0365          -0.110**        0.0842*         -0.139           0.116          -0.129          0.0902   
                  (-0.96)          (0.86)         (-3.09)          (2.43)         (-1.38)          (1.14)         (-1.78)          (1.18)   

stpr_fac81         0.0479           0.145**        0.0558          0.0265           0.105           0.388***       0.0575           0.196*  
                   (0.94)          (3.09)          (1.42)          (0.69)          (0.94)          (3.45)          (0.71)          (2.30)   

stpr_fac82         -0.114*          0.142**       -0.0842*        -0.0659         -0.0765           0.401***       -0.135           0.230** 
                  (-2.31)          (3.12)         (-2.21)         (-1.78)         (-0.71)          (3.68)         (-1.73)          (2.80)   

stpr_fac83          0.126*          0.103*          0.236***        0.131**         0.282*         0.0356           0.163          0.0676   
                   (2.36)          (2.08)          (5.71)          (3.25)          (2.41)          (0.30)          (1.93)          (0.76)   

stpr_fac84         0.0402           0.161**       -0.0346          0.0606          -0.357**         0.251          -0.274**         0.106   
                   (0.68)          (2.97)         (-0.76)          (1.36)         (-2.76)          (1.93)         (-2.94)          (1.08)   

stpr_fac85        0.00700           0.168***       0.0297          0.0818*         -0.159          -0.111          -0.136         -0.0646   
                   (0.14)          (3.65)          (0.77)          (2.17)         (-1.45)         (-1.00)         (-1.72)         (-0.77)   

stpr_fac86         0.0172           0.135**        0.0274          0.0108          -0.154           0.156          -0.135         0.00883   
                   (0.36)          (3.03)          (0.73)          (0.29)         (-1.45)          (1.45)         (-1.77)          (0.11)   

stpr_fac87         0.0653           0.172***       0.0473          0.0348         -0.0722         -0.0451          -0.163*        -0.0508   
                   (1.49)          (4.25)          (1.40)          (1.05)         (-0.75)         (-0.47)         (-2.36)         (-0.69)   

stpr_fac88         0.0754           0.133*          0.105*          0.120**        -0.121           0.357**        -0.105           0.253*  
                   (1.29)          (2.45)          (2.31)          (2.72)         (-0.94)          (2.75)         (-1.13)          (2.58)   

stpr_fac89         0.0935           0.155***       0.0220          0.0550          0.0754           0.143         -0.0127          0.0318   
                   (1.93)          (3.46)          (0.59)          (1.50)          (0.71)          (1.33)         (-0.17)          (0.39)   

stpr_fac90         0.0313           0.103        -0.00776          0.0656         -0.0742         0.00478         -0.0872          0.0138   
                   (0.54)          (1.92)         (-0.17)          (1.50)         (-0.58)          (0.04)         (-0.95)          (0.14)   

stpr_fac91         0.0367           0.130**        0.0442          0.0585          0.0628           0.167        -0.00870           0.110   
                   (0.80)          (3.07)          (1.25)          (1.70)          (0.63)          (1.65)         (-0.12)          (1.44)   

stpr_fac92        0.00580           0.190***       0.0232          0.0707*      -0.000421           0.256*        -0.0794           0.111   
                   (0.12)          (4.33)          (0.63)          (1.97)         (-0.00)          (2.43)         (-1.04)          (1.39)   

stpr_fac93        -0.0225           0.233***       0.0925*         0.0790*          0.121           0.305**        0.0311           0.186*  
                  (-0.45)          (5.10)          (2.42)          (2.12)          (1.11)          (2.79)          (0.40)          (2.26)   

stpr_fac94         0.0751           0.152**        0.0651          0.0633           0.118           0.397***       0.0136           0.225** 
                   (1.47)          (3.21)          (1.64)          (1.64)          (1.05)          (3.51)          (0.17)          (2.63)   

stpr_fac95         0.0895           0.172**        0.0472           0.123*       -0.00799           0.319*         -0.110           0.157   
                   (1.41)          (2.94)          (0.96)          (2.58)         (-0.06)          (2.28)         (-1.10)          (1.49)   

stpr_fac96         0.0767           0.138*         0.0762           0.133**       -0.0602           0.111          -0.150          0.0448   
                   (1.31)          (2.56)          (1.68)          (3.00)         (-0.47)          (0.85)         (-1.62)          (0.46)   

stpr_fac97         0.0815           0.164***       0.0467          0.0875*        -0.0166           0.276*         -0.119           0.124   
                   (1.55)          (3.38)          (1.15)          (2.21)         (-0.14)          (2.37)         (-1.43)          (1.41)   

stpr_fac98          0.150*          0.256***       0.0712          0.0987*       -0.00615           0.444**        -0.148           0.187   
                   (2.39)          (4.40)          (1.46)          (2.08)         (-0.04)          (3.19)         (-1.48)          (1.78)   

stpr_fac99         0.0228           0.131**        0.0333          0.0955*        -0.0764           0.102          -0.152          0.0475   
                   (0.42)          (2.63)          (0.80)          (2.35)         (-0.65)          (0.86)         (-1.79)          (0.53)   

stpr_fac100      -0.00983           0.185***      -0.0135           0.170***      -0.0783           0.467***       -0.105           0.315***
                  (-0.21)          (4.33)         (-0.38)          (4.86)         (-0.77)          (4.56)         (-1.44)          (4.07)   

stpr_fac101        0.0849           0.150**        0.0981*          0.121**        -0.165           0.306*         -0.197*          0.190   
                   (1.41)          (2.71)          (2.11)          (2.67)         (-1.25)          (2.30)         (-2.07)          (1.90)   

stpr_fac102       -0.0478           0.120*         -0.108**        0.0680          -0.260*          0.434***       -0.249**         0.329***
                  (-0.90)          (2.46)         (-2.64)          (1.71)         (-2.24)          (3.71)         (-2.98)          (3.72)   

stpr_fac103        0.0475           0.108**        0.0236          0.0418           0.107           0.358***      0.00934           0.205***
                   (1.30)          (3.19)          (0.83)          (1.51)          (1.33)          (4.41)          (0.16)          (3.34)   

_cons             -0.0534          -0.150***      -0.0553         -0.0782*         0.0195          -0.258**        0.0903          -0.124   
                  (-1.20)         (-3.63)         (-1.60)         (-2.32)          (0.20)         (-2.62)          (1.28)         (-1.67)   
--------------------------------------------------------------------------------------------------------------------------------------------
N                    1207            1211            1207            1211            1208            1211            1208            1211   
R-sq                0.238           0.227           0.297           0.248           0.255           0.352           0.266           0.314   
--------------------------------------------------------------------------------------------------------------------------------------------
t statistics in parentheses
* p<0.05, ** p<0.01, *** p<0.001
