--------------------------------------------------------------------------------------------------------------------------------------------
                      (1)             (2)             (3)             (4)             (5)             (6)             (7)             (8)   
             aginc_back~d    aginc_pred~t    nfincome_b~d    nfincome_p~t    output_bac~d    output_pre~t    percapinc_~d    percapinc_~t   
--------------------------------------------------------------------------------------------------------------------------------------------
lngt85diff~e        0.346***       -0.155***       0.0279          0.0275          0.0445*       0.000380          0.0975***      -0.0811***
                   (8.66)         (-5.19)          (1.40)          (1.41)          (2.47)          (0.02)          (4.19)         (-4.71)   

stpr_fac1           0.602***       -0.483***       -0.177**        -0.101          0.0396         -0.0258           0.164*         -0.225***
                   (5.50)         (-5.88)         (-3.24)         (-1.88)          (0.80)         (-0.50)          (2.56)         (-4.76)   

stpr_fac2           0.596***       -0.365***      -0.0762         0.00532          0.0447         0.00284           0.121*         -0.192***
                   (6.23)         (-5.08)         (-1.59)          (0.11)          (1.03)          (0.06)          (2.17)         (-4.63)   

stpr_fac3           0.738***       -0.412***       0.0257         -0.0187           0.162***      -0.0193           0.206***       -0.188***
                   (7.68)         (-5.71)          (0.53)         (-0.40)          (3.73)         (-0.43)          (3.68)         (-4.54)   

stpr_fac4           0.723***       -0.359***       0.0132          0.0485          0.0665          0.0547           0.220***       -0.174***
                   (6.74)         (-4.46)          (0.25)          (0.92)          (1.37)          (1.09)          (3.51)         (-3.75)   

stpr_fac5           0.499**        -0.351***      -0.0478         -0.0346         -0.0545          0.0361           0.205*        -0.0812   
                   (3.04)         (-3.99)         (-0.58)         (-0.60)         (-0.74)          (0.66)          (2.14)         (-1.61)   

stpr_fac6           0.511**        -0.148          0.0443           0.130          -0.140          0.0497          0.0564          -0.155*  
                   (3.09)         (-1.19)          (0.53)          (1.60)         (-1.87)          (0.64)          (0.58)         (-2.17)   

stpr_fac7           0.436***       -0.300***       -0.176***       0.0538         -0.0238          0.0968*          0.155*         -0.158***
                   (4.12)         (-3.91)         (-3.32)          (1.08)         (-0.50)          (2.02)          (2.51)         (-3.58)   

stpr_fac8           0.667***       -0.385***     -0.00152           0.111          0.0722          0.0796           0.178**        -0.176***
                   (5.75)         (-4.42)         (-0.03)          (1.96)          (1.38)          (1.46)          (2.63)         (-3.52)   

stpr_fac9           0.344***       -0.219***       -0.108*        0.00356         -0.0255          0.0626          0.0766          -0.114** 
                   (4.04)         (-3.41)         (-2.54)          (0.09)         (-0.66)          (1.56)          (1.54)         (-3.10)   

stpr_fac10          0.507***       -0.361***      -0.0694         -0.0682        -0.00900         -0.0526          0.0748          -0.181***
                   (4.92)         (-4.66)         (-1.34)         (-1.35)         (-0.19)         (-1.09)          (1.25)         (-4.06)   

stpr_fac11          0.614***       -0.333***      -0.0345          0.0200          0.0564          0.0480           0.174***       -0.166***
                   (6.88)         (-4.96)         (-0.77)          (0.46)          (1.40)          (1.14)          (3.34)         (-4.31)   

stpr_fac12          0.556***       -0.331***      -0.0391          0.0385         0.00308          0.0523           0.125*         -0.185***
                   (5.85)         (-4.64)         (-0.82)          (0.83)          (0.07)          (1.17)          (2.25)         (-4.50)   

stpr_fac13          0.604***       -0.438***      -0.0660         -0.0796        -0.00102          0.0730           0.152*         -0.202***
                   (4.93)         (-4.76)         (-1.08)         (-1.33)         (-0.02)          (1.27)          (2.13)         (-3.83)   

stpr_fac14          0.539***       -0.288**       -0.0920          0.0213        -0.00834          0.0602           0.143          -0.141*  
                   (3.76)         (-2.68)         (-1.28)          (0.30)         (-0.13)          (0.89)          (1.71)         (-2.28)   

stpr_fac15          0.588***       -0.366***      -0.0736        -0.00334          0.0651          0.0436           0.226***       -0.198***
                   (6.10)         (-5.06)         (-1.53)         (-0.07)          (1.50)          (0.96)          (4.02)         (-4.76)   

stpr_fac16          0.151          -0.187*        -0.0946          0.0258          0.0222          0.0940          -0.108          -0.140** 
                   (1.48)         (-2.44)         (-1.85)          (0.52)          (0.48)          (1.96)         (-1.81)         (-3.18)   

stpr_fac17          0.743***       -0.560***      -0.0389          0.0722          0.0405       -0.000677           0.155**        -0.267***
                   (7.48)         (-7.50)         (-0.78)          (1.48)          (0.90)         (-0.01)          (2.67)         (-6.22)   

stpr_fac18          0.360***       0.0309         -0.0533       -0.000447          0.0666         0.00170        -0.00997          0.0585   
                   (3.43)          (0.39)         (-1.01)         (-0.01)          (1.40)          (0.03)         (-0.16)          (1.29)   

stpr_fac19          0.614***       -0.263***      -0.0492          0.0965*        -0.0110          0.0890*          0.205***       -0.142***
                   (6.37)         (-3.64)         (-1.02)          (2.04)         (-0.25)          (1.96)          (3.65)         (-3.42)   

stpr_fac20          0.851***       -0.261***       0.0850           0.182***        0.214***        0.103*          0.267***       -0.108*  
                   (8.37)         (-3.42)          (1.67)          (3.65)          (4.66)          (2.15)          (4.50)         (-2.46)   

stpr_fac21          0.465***      -0.0799          0.0590           0.103*         0.0121           0.121**         0.181**       -0.0756   
                   (4.76)         (-1.09)          (1.21)          (2.15)          (0.27)          (2.63)          (3.17)         (-1.79)   

stpr_fac22          0.696***       -0.305***      -0.0232          0.0759          0.0443          0.0536           0.143*         -0.158** 
                   (5.84)         (-3.41)         (-0.39)          (1.30)          (0.82)          (0.96)          (2.06)         (-3.08)   

stpr_fac23          0.430***       -0.265**        -0.110          0.0557          0.0181           0.110          0.0538         -0.0870   
                   (3.40)         (-2.79)         (-1.74)          (0.90)          (0.32)          (1.85)          (0.73)         (-1.59)   

stpr_fac24          0.625***       -0.361***      0.00332         -0.0278          0.0704         -0.0361           0.174*         -0.204***
                   (4.85)         (-3.73)          (0.05)         (-0.44)          (1.21)         (-0.60)          (2.31)         (-3.66)   

stpr_fac25          0.550***       -0.399***      -0.0447         -0.0369          0.0275         -0.0105           0.103          -0.219***
                   (5.27)         (-5.09)         (-0.86)         (-0.72)          (0.58)         (-0.21)          (1.70)         (-4.86)   

stpr_fac26          0.570***       -0.291*        -0.0968          0.0874         -0.0408          0.0596          0.0868          -0.132   
                   (3.36)         (-2.29)         (-1.14)          (1.05)         (-0.53)          (0.75)          (0.88)         (-1.81)   

stpr_fac27          0.466**        -0.318**       -0.0719         -0.0214         0.00411         -0.0647          0.0808          -0.187** 
                   (2.85)         (-2.59)         (-0.88)         (-0.27)          (0.06)         (-0.84)          (0.84)         (-2.64)   

stpr_fac28          0.562***       -0.268***      -0.0133          0.0906*         0.0506          0.0197           0.108*         -0.155***
                   (6.19)         (-3.93)         (-0.29)          (2.04)          (1.23)          (0.46)          (2.03)         (-3.95)   

stpr_fac29          0.631***       -0.248**        0.0129          0.0732         -0.0448          0.0317           0.182**        -0.164***
                   (5.69)         (-2.98)          (0.23)          (1.35)         (-0.89)          (0.61)          (2.81)         (-3.43)   

stpr_fac30          0.671***       -0.375***       0.0312         -0.0139          0.0718         -0.0531           0.182***       -0.169***
                   (7.67)         (-5.70)          (0.71)         (-0.32)          (1.81)         (-1.29)          (3.56)         (-4.47)   

stpr_fac31          0.576***       -0.284***      -0.0194          0.0454          0.0398          0.0982*          0.115          -0.200***
                   (5.62)         (-3.68)         (-0.38)          (0.90)          (0.86)          (2.04)          (1.93)         (-4.51)   

stpr_fac32         0.0789          -0.190**        -0.215***      -0.0509         -0.0299          0.0158         -0.0285         -0.0688   
                   (0.96)         (-3.10)         (-5.24)         (-1.27)         (-0.81)          (0.41)         (-0.60)         (-1.95)   

stpr_fac33          0.457***       -0.729***       -0.175**        -0.398***        0.122*        -0.0201           0.181*         -0.117*  
                   (3.48)         (-7.39)         (-2.66)         (-6.19)          (2.06)         (-0.33)          (2.36)         (-2.06)   

stpr_fac34          0.449***       -0.283***      -0.0513         -0.0572         -0.0119         -0.0169           0.156**        -0.194***
                   (4.77)         (-4.00)         (-1.09)         (-1.24)         (-0.28)         (-0.38)          (2.84)         (-4.77)   

stpr_fac35          0.551***       -0.383***       -0.133*         0.0906          0.0433         0.00208          0.0650          -0.145** 
                   (4.76)         (-4.41)         (-2.29)          (1.60)          (0.83)          (0.04)          (0.96)         (-2.90)   

stpr_fac36          0.454***       -0.221**       -0.0628         0.00950          0.0280         -0.0800          0.0731         -0.0948*  
                   (4.69)         (-3.04)         (-1.30)          (0.20)          (0.64)         (-1.76)          (1.29)         (-2.27)   

stpr_fac37        -0.0791         -0.0417          -0.376***       0.0591         0.00827          0.0870          -0.204**       -0.0119   
                  (-0.74)         (-0.52)         (-7.00)          (1.12)          (0.17)          (1.72)         (-3.26)         (-0.26)   

stpr_fac38          0.698***       -0.394***      0.00237         -0.0438          0.0372          0.0448           0.204***       -0.213***
                   (7.41)         (-5.57)          (0.05)         (-0.95)          (0.87)          (1.01)          (3.71)         (-5.22)   

stpr_fac39          0.821***       -0.518***     -0.00555         -0.0104          0.0465          0.0415           0.276***       -0.270***
                   (8.15)         (-6.85)         (-0.11)         (-0.21)          (1.02)          (0.88)          (4.70)         (-6.22)   

stpr_fac40          0.781***       -0.442***       0.0494         -0.0330          0.0616           0.137**         0.283***       -0.264***
                   (7.50)         (-5.65)          (0.95)         (-0.65)          (1.31)          (2.79)          (4.67)         (-5.87)   

stpr_fac41          0.624***       -0.408***      -0.0790         -0.0259          0.0656          0.0223           0.148**        -0.186***
                   (6.43)         (-5.60)         (-1.63)         (-0.55)          (1.50)          (0.49)          (2.61)         (-4.45)   

stpr_fac42          0.738***       -0.336***       0.0178          0.0759          0.0357          0.0319           0.258***       -0.169***
                   (7.44)         (-4.51)          (0.36)          (1.56)          (0.80)          (0.68)          (4.47)         (-3.94)   

stpr_fac43          0.518***       -0.298***      -0.0757          0.0242         -0.0120          0.0277           0.114*         -0.166***
                   (6.02)         (-4.60)         (-1.75)          (0.57)         (-0.31)          (0.68)          (2.28)         (-4.47)   

o.stpr_fac44            0               0               0               0               0               0               0               0   
                      (.)             (.)             (.)             (.)             (.)             (.)             (.)             (.)   

stpr_fac45          0.380***       -0.242***      -0.0779          0.0115         -0.0187          0.0299          0.0744          -0.122***
                   (4.64)         (-3.93)         (-1.90)          (0.29)         (-0.50)          (0.77)          (1.56)         (-3.46)   

stpr_fac46          0.617***       -0.282***      -0.0639         -0.0101         0.00268          0.0151           0.200***       -0.168***
                   (7.20)         (-4.39)         (-1.49)         (-0.24)          (0.07)          (0.37)          (4.01)         (-4.55)   

stpr_fac47          0.344***       -0.213**       -0.0804          0.0311          0.0723         -0.0318         -0.0203          -0.105*  
                   (3.61)         (-2.98)         (-1.68)          (0.67)          (1.68)         (-0.71)         (-0.37)         (-2.55)   

stpr_fac48          0.551***       -0.535***      -0.0702         -0.0585          0.0706          0.0167           0.121*         -0.260***
                   (5.27)         (-6.81)         (-1.34)         (-1.14)          (1.49)          (0.34)          (1.99)         (-5.74)   

stpr_fac49          0.814***       -0.523***      -0.0840         -0.0832          0.0314         -0.0556           0.216**        -0.283***
                   (6.46)         (-5.52)         (-1.33)         (-1.35)          (0.55)         (-0.94)          (2.94)         (-5.20)   

stpr_fac50          0.710***       -0.275**       -0.0689         -0.0479         -0.0374         0.00870           0.293***       -0.131*  
                   (6.03)         (-3.11)         (-1.17)         (-0.83)         (-0.70)          (0.16)          (4.27)         (-2.57)   

stpr_fac51          0.582***       -0.425***      -0.0997*        -0.0359          0.0434          0.0362           0.157**        -0.202***
                   (6.63)         (-6.45)         (-2.27)         (-0.83)          (1.10)          (0.88)          (3.07)         (-5.34)   

stpr_fac52          0.418***       -0.415***      -0.0254         -0.0385          0.0229          0.0326          0.0993          -0.255***
                   (4.66)         (-6.17)         (-0.57)         (-0.88)          (0.57)          (0.77)          (1.90)         (-6.58)   

stpr_fac53          0.481***       -0.157*        -0.0949*         0.0754        -0.00900           0.123**         0.120*         -0.123***
                   (5.86)         (-2.55)         (-2.31)          (1.88)         (-0.24)          (3.20)          (2.50)         (-3.46)   

stpr_fac54          0.618***       -0.375***      -0.0641         -0.0191          0.0425         -0.0266           0.159*         -0.208***
                   (4.88)         (-3.94)         (-1.01)         (-0.31)          (0.74)         (-0.45)          (2.15)         (-3.81)   

stpr_fac55          0.375***       -0.258***      -0.0967*        -0.0157          0.0285        -0.00125          0.0702          -0.126***
                   (4.26)         (-3.91)         (-2.20)         (-0.37)          (0.72)         (-0.03)          (1.37)         (-3.31)   

stpr_fac56          0.622***       -0.493***      -0.0860         -0.0975*         0.0643          0.0106           0.149**        -0.275***
                   (6.59)         (-6.96)         (-1.82)         (-2.11)          (1.51)          (0.24)          (2.70)         (-6.75)   

stpr_fac57          0.661***       -0.327**       -0.0647          0.0622         -0.0267          0.0937           0.151          -0.165** 
                   (4.86)         (-3.20)         (-0.95)          (0.93)         (-0.43)          (1.46)          (1.91)         (-2.81)   

stpr_fac58          0.468***       -0.402***      -0.0192         -0.0748         -0.0216         -0.0745           0.110          -0.201***
                   (4.08)         (-4.67)         (-0.34)         (-1.33)         (-0.42)         (-1.38)          (1.64)         (-4.05)   

stpr_fac59          0.919***       -0.511***       0.0134         -0.0607           0.101*        -0.0209           0.260***       -0.263***
                   (8.49)         (-6.29)          (0.25)         (-1.14)          (2.06)         (-0.41)          (4.12)         (-5.62)   

stpr_fac60          0.897***       -0.437***       0.0219          0.0390          0.0892          0.0857           0.233***       -0.166***
                   (8.19)         (-5.31)          (0.40)          (0.73)          (1.80)          (1.66)          (3.65)         (-3.51)   

stpr_fac61          0.806***       -0.519***       -0.118        -0.00293          0.0399         -0.0429           0.144          -0.247***
                   (5.68)         (-4.87)         (-1.66)         (-0.04)          (0.62)         (-0.64)          (1.75)         (-4.03)   

stpr_fac62          0.553***       -0.292***       0.0155          0.0114          0.0423         -0.0260           0.169***       -0.175***
                   (6.37)         (-4.47)          (0.36)          (0.27)          (1.08)         (-0.64)          (3.34)         (-4.67)   

stpr_fac63          0.728***       -0.392***      -0.0456          0.0389          0.0404          0.0102           0.197**        -0.193***
                   (6.16)         (-4.42)         (-0.77)          (0.67)          (0.76)          (0.18)          (2.87)         (-3.79)   

stpr_fac64          0.291**        -0.270***       -0.135**       -0.0277         -0.0479          0.0309          0.0451          -0.132** 
                   (3.01)         (-3.72)         (-2.80)         (-0.59)         (-1.10)          (0.68)          (0.80)         (-3.16)   

stpr_fac65          0.532***       -0.370***       -0.103         -0.0160          0.0781          0.0163           0.145*         -0.155** 
                   (4.59)         (-4.25)         (-1.77)         (-0.28)          (1.49)          (0.30)          (2.15)         (-3.10)   

stpr_fac66          0.366**        -0.319**       -0.0937         -0.0337          0.0449          0.0278           0.112          -0.133*  
                   (2.64)         (-3.07)         (-1.35)         (-0.50)          (0.72)          (0.43)          (1.39)         (-2.23)   

stpr_fac67          0.480***       -0.313***      -0.0462         -0.0260          0.0558          0.0433           0.122          -0.196***
                   (4.09)         (-3.56)         (-0.79)         (-0.45)          (1.05)          (0.78)          (1.79)         (-3.88)   

stpr_fac68          0.596***       -0.331**       -0.0443          0.0122          0.0790         -0.0120           0.208*         -0.199** 
                   (4.13)         (-3.05)         (-0.61)          (0.17)          (1.21)         (-0.18)          (2.47)         (-3.20)   

stpr_fac69          1.081***       -0.590***      -0.0410          0.0690          0.0506          0.0777           0.262**        -0.323***
                   (6.91)         (-5.02)         (-0.52)          (0.90)          (0.72)          (1.06)          (2.87)         (-4.78)   

stpr_fac70          1.067***       -0.605***      -0.0859          0.0726          0.0936          0.0290           0.233**        -0.248***
                   (6.91)         (-5.21)         (-1.11)          (0.96)          (1.34)          (0.40)          (2.58)         (-3.72)   

stpr_fac71          0.434***       -0.376***      -0.0794         0.00611          0.0453          0.0665          0.0661          -0.187***
                   (3.88)         (-4.47)         (-1.42)          (0.11)          (0.90)          (1.26)          (1.01)         (-3.86)   

stpr_fac72          0.624***       -0.649***      -0.0691         -0.0722          0.0809          0.0250           0.131          -0.331***
                   (5.40)         (-7.48)         (-1.19)         (-1.27)          (1.55)          (0.46)          (1.94)         (-6.63)   

stpr_fac73          0.723***       -0.309***       0.0297          0.0603          0.0432         0.00989           0.238***       -0.180***
                   (7.93)         (-4.52)          (0.65)          (1.35)          (1.05)          (0.23)          (4.49)         (-4.58)   

stpr_fac74          0.505***       -0.442***      -0.0846         -0.0669        -0.00361          0.0151          0.0965          -0.260***
                   (4.97)         (-5.80)         (-1.66)         (-1.34)         (-0.08)          (0.32)          (1.63)         (-5.94)   

stpr_fac75          0.874***       -0.536***       -0.116        -0.00763          -0.179**         0.104           0.289***       -0.283***
                   (6.55)         (-5.34)         (-1.73)         (-0.12)         (-2.96)          (1.65)          (3.72)         (-4.91)   

stpr_fac76          0.464**        -0.152         -0.0440           0.144*         0.0227           0.235***       0.0608          -0.164** 
                   (3.27)         (-1.43)         (-0.62)          (2.08)          (0.35)          (3.53)          (0.74)         (-2.68)   

stpr_fac77          0.592***       -0.427***      -0.0416         -0.0725         -0.0891          0.0208           0.244**        -0.291***
                   (4.10)         (-3.93)         (-0.58)         (-1.02)         (-1.36)          (0.31)          (2.90)         (-4.66)   

stpr_fac78          0.728***       -0.394***      -0.0849          0.0499          0.0811          0.0122          0.0377          -0.250***
                   (5.53)         (-4.04)         (-1.30)          (0.78)          (1.38)          (0.20)          (0.50)         (-4.45)   

o.stpr_fac79            0               0               0               0               0               0               0               0   
                      (.)             (.)             (.)             (.)             (.)             (.)             (.)             (.)   

stpr_fac80          0.467***       -0.280***      -0.0482         -0.0144         -0.0113          0.0272           0.120          -0.187***
                   (4.35)         (-3.46)         (-0.90)         (-0.27)         (-0.23)          (0.54)          (1.92)         (-4.02)   

stpr_fac81          0.556***       -0.198**       -0.0181          -0.113*         0.0170         0.00754           0.152**        -0.113** 
                   (5.92)         (-2.81)         (-0.38)         (-2.46)          (0.40)          (0.17)          (2.77)         (-2.78)   

stpr_fac82         -0.280**        -0.261**       -0.0758          -0.128*        -0.0497           0.105*         -0.302***       -0.147** 
                  (-2.65)         (-3.28)         (-1.43)         (-2.47)         (-1.04)          (2.10)         (-4.89)         (-3.22)   

stpr_fac83          0.408***        0.104         -0.0266           0.301***      -0.0516           0.155**       0.00819         -0.0192   
                   (3.34)          (1.13)         (-0.44)          (5.02)         (-0.93)          (2.69)          (0.11)         (-0.36)   

stpr_fac84          0.357**       -0.0422          -0.283***        0.347***      -0.0506           0.148**        0.0913          -0.125** 
                   (3.30)         (-0.52)         (-5.21)          (6.53)         (-1.03)          (2.91)          (1.45)         (-2.68)   

stpr_fac85          0.604***       -0.330***      -0.0371          0.0431          0.0227          0.0643           0.161*         -0.163***
                   (5.62)         (-4.09)         (-0.69)          (0.82)          (0.47)          (1.27)          (2.57)         (-3.51)   

stpr_fac86          0.365***       -0.349***      -0.0957         -0.0765         -0.0162          0.0349          0.0751          -0.176***
                   (3.66)         (-4.66)         (-1.92)         (-1.57)         (-0.36)          (0.74)          (1.29)         (-4.09)   

stpr_fac87          0.444***       -0.289***      -0.0459        -0.00828          0.0476          0.0558          0.0956          -0.114** 
                   (4.94)         (-4.28)         (-1.02)         (-0.19)          (1.17)          (1.32)          (1.82)         (-2.93)   

stpr_fac88          0.516***       -0.557***      -0.0194         -0.0281           0.107**        0.0708         -0.0166          -0.247***
                   (5.63)         (-8.10)         (-0.42)         (-0.63)          (2.59)          (1.64)         (-0.31)         (-6.24)   

stpr_fac89          0.614***       -0.376***      -0.0336         -0.0176          0.0733          0.0238           0.162**        -0.171***
                   (6.68)         (-5.44)         (-0.73)         (-0.39)          (1.76)          (0.55)          (3.03)         (-4.32)   

stpr_fac90          0.752***       -0.469***      -0.0575         -0.0406          0.0713         -0.0528           0.201**        -0.261***
                   (6.35)         (-5.27)         (-0.97)         (-0.70)          (1.33)         (-0.95)          (2.90)         (-5.10)   

stpr_fac91          0.554***       -0.341***      -0.0338        -0.00297          0.0101        -0.00346           0.146**        -0.158***
                   (6.53)         (-5.35)         (-0.79)         (-0.07)          (0.26)         (-0.09)          (2.94)         (-4.32)   

stpr_fac92          0.616***       -0.383***     -0.00491         -0.0382          0.0443          0.0238           0.200***       -0.211***
                   (6.87)         (-5.69)         (-0.11)         (-0.87)          (1.09)          (0.56)          (3.83)         (-5.46)   

stpr_fac93          0.595***       -0.308***      -0.0102          0.0477          0.0393          0.0788           0.159**        -0.139***
                   (6.61)         (-4.55)         (-0.23)          (1.08)          (0.97)          (1.86)          (3.02)         (-3.58)   

stpr_fac94          0.980***       -0.468***      -0.0446         0.00535          0.0414          0.0311           0.340***       -0.219***
                   (9.96)         (-6.34)         (-0.91)          (0.11)          (0.93)          (0.67)          (5.92)         (-5.15)   

stpr_fac95          0.663***       -0.402***      -0.0137        -0.00951          0.0874         -0.0194           0.180**        -0.211***
                   (6.13)         (-4.96)         (-0.25)         (-0.18)          (1.79)         (-0.38)          (2.85)         (-4.51)   

stpr_fac96          0.560***       -0.372***      -0.0267         -0.0284          0.0147         -0.0342           0.138**        -0.243***
                   (6.35)         (-5.63)         (-0.61)         (-0.66)          (0.37)         (-0.82)          (2.68)         (-6.39)   

stpr_fac97          0.621***       -0.400***      -0.0512         0.00359          0.0747        -0.00296           0.151**        -0.243***
                   (7.03)         (-6.02)         (-1.16)          (0.08)          (1.87)         (-0.07)          (2.93)         (-6.37)   

stpr_fac98          0.625***       -0.436***      -0.0567       -0.000793           0.125**        0.0675           0.110          -0.219***
                   (6.41)         (-5.94)         (-1.16)         (-0.02)          (2.83)          (1.47)          (1.93)         (-5.20)   

stpr_fac99          0.497***       -0.305***      -0.0557        -0.00740        -0.00643          0.0141          0.0932          -0.196***
                   (5.02)         (-4.10)         (-1.12)         (-0.15)         (-0.14)          (0.30)          (1.61)         (-4.57)   

stpr_fac100         0.244*        -0.0957          -0.118*          0.187***      -0.0104           0.142**        0.0761          -0.126** 
                   (2.44)         (-1.27)         (-2.36)          (3.80)         (-0.23)          (3.02)          (1.30)         (-2.92)   

stpr_fac101         0.607***       -0.276**       -0.0190           0.115*         0.0782         0.00165           0.139*         -0.124*  
                   (5.25)         (-3.18)         (-0.33)          (2.04)          (1.50)          (0.03)          (2.06)         (-2.48)   

stpr_fac102        0.0221           0.101          -0.177**        0.0950         -0.0898          0.0761          0.0878         -0.0241   
                   (0.20)          (1.20)         (-3.14)          (1.72)         (-1.77)          (1.44)          (1.34)         (-0.50)   

stpr_fac103         0.330***       -0.212***      -0.0423         -0.0309         -0.0243          0.0531          0.0654          -0.142***
                   (4.12)         (-3.53)         (-1.05)         (-0.79)         (-0.67)          (1.41)          (1.40)         (-4.10)   

_cons              -0.583***        0.351***       0.0472        -0.00332         -0.0396         -0.0207          -0.140**         0.184***
                  (-7.56)          (6.06)          (1.22)         (-0.09)         (-1.14)         (-0.57)         (-3.11)          (5.52)   
--------------------------------------------------------------------------------------------------------------------------------------------
N                    1206            1211            1207            1211            1207            1211            1207            1211   
R-sq                0.330           0.310           0.251           0.343           0.180           0.194           0.314           0.263   
--------------------------------------------------------------------------------------------------------------------------------------------
t statistics in parentheses
* p<0.05, ** p<0.01, *** p<0.001
