--------------------------------------------------------------------------------------------------------------------------------------------
                      (1)             (2)             (3)             (4)             (5)             (6)             (7)             (8)   
             avwage_bac~d    avwage_pre~t    pop_backward     pop_predict    wagebill_b~d    wagebill_p~t    wageemp_ba~d    wageemp_pr~t   
--------------------------------------------------------------------------------------------------------------------------------------------
lngt86diff~e      -0.0174        -0.00614         0.00824          0.0490         -0.0835          -0.126         -0.0408         -0.0613   
                  (-0.46)         (-0.21)          (0.33)          (1.81)         (-0.85)         (-1.78)         (-0.54)         (-1.13)   

stpr_fac1          0.0474         -0.0460         -0.0901*        -0.0689          -0.173          -0.178          -0.181          -0.104   
                   (0.88)         (-1.09)         (-2.51)         (-1.79)         (-1.23)         (-1.77)         (-1.69)         (-1.34)   

stpr_fac2          0.0189         -0.0153         -0.0314          0.0162          -0.110         0.00343         -0.0996          0.0452   
                   (0.37)         (-0.38)         (-0.91)          (0.44)         (-0.81)          (0.04)         (-0.96)          (0.61)   

stpr_fac3           0.150**       -0.0440         0.00286         -0.0175          0.0235         -0.0814         -0.0631         -0.0192   
                   (3.10)         (-1.15)          (0.09)         (-0.50)          (0.19)         (-0.90)         (-0.65)         (-0.27)   

stpr_fac4          0.0357          0.0277        -0.00215          0.0212         -0.0285         -0.0387         -0.0354         -0.0355   
                   (0.65)          (0.64)         (-0.06)          (0.54)         (-0.20)         (-0.38)         (-0.32)         (-0.45)   

stpr_fac5         -0.0148         -0.0280        -0.00553          -0.132*          0.218          -0.113           0.100          -0.175   
                  (-0.16)         (-0.45)         (-0.09)         (-2.35)          (1.07)         (-0.77)          (0.64)         (-1.56)   

stpr_fac6        -0.00436        -0.00871           0.222***       0.0876          -0.211        -0.00151          -0.179         -0.0494   
                  (-0.05)         (-0.13)          (3.78)          (1.39)         (-0.92)         (-0.01)         (-1.02)         (-0.39)   

stpr_fac7          0.0348           0.144**        -0.104*         0.0502         -0.0226          0.0511         -0.0232        0.000131   
                   (0.52)          (2.77)         (-2.32)          (1.06)         (-0.13)          (0.41)         (-0.18)          (0.00)   

stpr_fac8           0.132           0.106          0.0419          0.0821         -0.0304         -0.0404          -0.176          -0.148   
                   (1.70)          (1.74)          (0.80)          (1.47)         (-0.15)         (-0.28)         (-1.13)         (-1.32)   

stpr_fac9          0.0415          0.0429         -0.0398         -0.0160          0.0861           0.117          0.0811          0.0775   
                   (0.54)          (0.70)         (-0.77)         (-0.29)          (0.43)          (0.81)          (0.52)          (0.69)   

stpr_fac10        -0.0757         -0.0470        -0.00318         -0.0469          -0.156         -0.0993          -0.150         -0.0923   
                  (-1.30)         (-1.03)         (-0.08)         (-1.12)         (-1.03)         (-0.91)         (-1.28)         (-1.10)   

stpr_fac11         0.0725          0.0311         0.00828         0.00542       -0.000391        -0.00371         -0.0120         0.00411   
                   (1.39)          (0.76)          (0.24)          (0.14)         (-0.00)         (-0.04)         (-0.11)          (0.05)   

stpr_fac12         0.0343          0.0547         0.00304          0.0438          -0.201         0.00469          -0.144         -0.0454   
                   (0.55)          (1.12)          (0.07)          (0.98)         (-1.22)          (0.04)         (-1.15)         (-0.51)   

stpr_fac13       -0.00934          0.0605         -0.0191         -0.0741           0.105          -0.163          0.0942          -0.121   
                  (-0.14)          (1.14)         (-0.42)         (-1.53)          (0.60)         (-1.29)          (0.70)         (-1.24)   

stpr_fac14         0.0578          0.0395         -0.0338         -0.0255          -0.310           0.110          -0.185           0.126   
                   (0.74)          (0.64)         (-0.64)         (-0.45)         (-1.51)          (0.75)         (-1.18)          (1.12)   

stpr_fac15         0.0862          0.0294         -0.0897**       -0.0250          0.0182          0.0390        -0.00290         0.00969   
                   (1.76)          (0.76)         (-2.74)         (-0.71)          (0.14)          (0.43)         (-0.03)          (0.14)   

stpr_fac16         0.0656          0.0775          0.0333          0.0668          -0.107           0.119          -0.161          0.0595   
                   (0.93)          (1.40)          (0.71)          (1.32)         (-0.58)          (0.90)         (-1.14)          (0.59)   

stpr_fac17        -0.0805           0.116*     -0.0000939         0.00543         -0.0237          0.0692          0.0542         -0.0322   
                  (-1.35)          (2.47)         (-0.00)          (0.13)         (-0.15)          (0.62)          (0.45)         (-0.37)   

stpr_fac18         0.0336          0.0813         0.00113          0.0115          -0.316*         -0.217*         -0.187          -0.182*  
                   (0.59)          (1.80)          (0.03)          (0.28)         (-2.11)         (-2.02)         (-1.63)         (-2.20)   

stpr_fac19         0.0244           0.140**       -0.0317          0.0342         -0.0211           0.134         -0.0881          0.0641   
                   (0.38)          (2.80)         (-0.75)          (0.75)         (-0.13)          (1.12)         (-0.69)          (0.70)   

stpr_fac20          0.199**         0.125*         0.0218          0.0369           0.235           0.117          0.0309         0.00376   
                   (2.74)          (2.18)          (0.45)          (0.71)          (1.24)          (0.86)          (0.21)          (0.04)   

stpr_fac21          0.115          0.0956          0.0219          0.0383           0.207           0.198          0.0972          0.0699   
                   (1.35)          (1.43)          (0.38)          (0.63)          (0.93)          (1.24)          (0.57)          (0.57)   

stpr_fac22         0.0570          0.0688          0.0362          0.0422           0.106         -0.0343          0.0201         -0.0883   
                   (1.02)          (1.55)          (0.96)          (1.04)          (0.72)         (-0.33)          (0.18)         (-1.09)   

stpr_fac23         0.0493          0.0923      -0.0000628         -0.0201           0.228          0.0415          0.0569         -0.0922   
                   (0.69)          (1.64)         (-0.00)         (-0.39)          (1.22)          (0.31)          (0.40)         (-0.90)   

stpr_fac24         0.0437          0.0398        -0.00695        0.000196         -0.0485         -0.0421         -0.0787         -0.0557   
                   (0.59)          (0.69)         (-0.14)          (0.00)         (-0.25)         (-0.31)         (-0.53)         (-0.53)   

stpr_fac25        -0.0320         -0.0149         0.00578         0.00158         -0.0515         -0.0578         -0.0520         -0.0325   
                  (-0.51)         (-0.30)          (0.14)          (0.03)         (-0.31)         (-0.49)         (-0.41)         (-0.36)   

stpr_fac26        -0.0448          0.0710          0.0151         0.00308           0.163           0.159           0.120          0.0392   
                  (-0.48)          (0.97)          (0.24)          (0.05)          (0.67)          (0.91)          (0.65)          (0.29)   

o.stpr_fac27            0               0               0               0               0               0               0               0   
                      (.)             (.)             (.)             (.)             (.)             (.)             (.)             (.)   

stpr_fac28         0.0357          0.0157          0.0146          0.0520         -0.0256          0.0700         -0.0498          0.0608   
                   (0.58)          (0.32)          (0.35)          (1.17)         (-0.16)          (0.61)         (-0.40)          (0.69)   

stpr_fac29        -0.0315          0.0614          0.0186          0.0750          0.0546           0.106          0.0472          0.0949   
                  (-0.53)          (1.32)          (0.47)          (1.76)          (0.35)          (0.95)          (0.40)          (1.11)   

stpr_fac30         0.0875         -0.0493          0.0337         -0.0416           0.215          -0.221*          0.141          -0.156   
                   (1.49)         (-1.07)          (0.86)         (-0.99)          (1.40)         (-2.01)          (1.21)         (-1.84)   

stpr_fac31          0.108          0.0736          0.0550          0.0594           0.160           0.147          0.0666          0.0929   
                   (1.83)          (1.58)          (1.39)          (1.40)          (1.04)          (1.32)          (0.56)          (1.09)   

stpr_fac32         0.0362          0.0781         -0.0864         -0.0561        -0.00458           0.166         -0.0463          0.0452   
                   (0.45)          (1.23)         (-1.60)         (-0.97)         (-0.02)          (1.10)         (-0.29)          (0.39)   

stpr_fac33          0.183**       -0.0769          -0.180***       -0.378***       -0.268         -0.0463          -0.177         -0.0541   
                   (2.60)         (-1.38)         (-3.81)         (-7.44)         (-1.46)         (-0.35)         (-1.26)         (-0.53)   

stpr_fac34         0.0439         0.00110          0.0154         -0.0192          0.0382         -0.0162          0.0227         -0.0520   
                   (0.57)          (0.02)          (0.30)         (-0.35)          (0.19)         (-0.11)          (0.15)         (-0.47)   

stpr_fac35        -0.0276          0.0638         -0.0413         -0.0326          -0.234         -0.0390          -0.155         -0.0847   
                  (-0.38)          (1.11)         (-0.84)         (-0.62)         (-1.22)         (-0.28)         (-1.06)         (-0.80)   

stpr_fac36         0.0309         -0.0495          0.0339         -0.0283          -0.146          0.0251          -0.176          0.0129   
                   (0.40)         (-0.81)          (0.65)         (-0.50)         (-0.72)          (0.17)         (-1.13)          (0.11)   

stpr_fac37         0.0218           0.114         -0.0513         -0.0734          -0.322           0.285          -0.353*          0.140   
                   (0.26)          (1.72)         (-0.91)         (-1.21)         (-1.47)          (1.81)         (-2.09)          (1.16)   

stpr_fac38         0.0552          0.0371         0.00328        -0.00678        -0.00892         0.00756         -0.0863       -0.000140   
                   (1.05)          (0.89)          (0.09)         (-0.18)         (-0.06)          (0.08)         (-0.82)         (-0.00)   

stpr_fac39         0.0383          0.0534         -0.0172        -0.00520          -0.196         -0.0702          -0.194         -0.0398   
                   (0.77)          (1.36)         (-0.52)         (-0.15)         (-1.51)         (-0.75)         (-1.95)         (-0.55)   

stpr_fac40      0.0000847           0.115**       -0.0338         -0.0109          -0.167          0.0804          -0.142          0.0325   
                   (0.00)          (2.84)         (-0.99)         (-0.30)         (-1.25)          (0.84)         (-1.38)          (0.44)   

stpr_fac41         0.0154          0.0141         -0.0449        -0.00611          -0.120          -0.149*         -0.108         -0.0917   
                   (0.39)          (0.45)         (-1.69)         (-0.21)         (-1.16)         (-2.00)         (-1.36)         (-1.60)   

stpr_fac42         0.0686          0.0141          0.0212          0.0396         -0.0837          0.0323         -0.0899        0.000422   
                   (1.29)          (0.34)          (0.60)          (1.04)         (-0.60)          (0.33)         (-0.85)          (0.01)   

stpr_fac43         0.0180        -0.00645         -0.0112         0.00387          -0.224          -0.134          -0.192*         -0.124   
                   (0.37)         (-0.17)         (-0.35)          (0.11)         (-1.77)         (-1.48)         (-1.98)         (-1.77)   

stpr_fac44         0.0512          0.0467          0.0459         -0.0395          -0.113           0.235          -0.147           0.115   
                   (0.49)          (0.57)          (0.66)         (-0.53)         (-0.41)          (1.20)         (-0.70)          (0.76)   

stpr_fac45         0.0142          0.0121        -0.00704         -0.0164         -0.0486        -0.00390         -0.0856         -0.0385   
                   (0.21)          (0.23)         (-0.16)         (-0.34)         (-0.28)         (-0.03)         (-0.65)         (-0.40)   

stpr_fac46         0.0118          0.0560         -0.0239         0.00221          0.0575        0.000778          0.0139         -0.0170   
                   (0.20)          (1.21)         (-0.61)          (0.05)          (0.37)          (0.01)          (0.12)         (-0.20)   

stpr_fac47         0.0435         -0.0229          0.0141          0.0321         -0.0116         -0.0628          0.0187         -0.0290   
                   (0.89)         (-0.60)          (0.43)          (0.92)         (-0.09)         (-0.69)          (0.19)         (-0.41)   

stpr_fac48         0.0320         -0.0226         -0.0519         -0.0231          -0.100         -0.0282         -0.0521          0.0169   
                   (0.67)         (-0.60)         (-1.63)         (-0.67)         (-0.80)         (-0.32)         (-0.55)          (0.25)   

stpr_fac49        -0.0510         -0.0261         -0.0403         -0.0190          -0.173          -0.410***      -0.0674          -0.316***
                  (-0.89)         (-0.58)         (-1.05)         (-0.46)         (-1.16)         (-3.81)         (-0.59)         (-3.83)   

stpr_fac50       -0.00816          0.0289         -0.0296         -0.0237          -0.174          0.0586          -0.135          0.0331   
                  (-0.12)          (0.53)         (-0.63)         (-0.47)         (-0.95)          (0.45)         (-0.97)          (0.33)   

stpr_fac51         0.0762         0.01000         -0.0268         -0.0390          0.0149          -0.111         -0.0567         -0.0697   
                   (1.35)          (0.22)         (-0.71)         (-0.96)          (0.10)         (-1.05)         (-0.50)         (-0.86)   

stpr_fac52         0.0730         -0.0128        -0.00334        -0.00369          -0.268*         -0.172          -0.213*         -0.118   
                   (1.42)         (-0.31)         (-0.10)         (-0.10)         (-1.99)         (-1.78)         (-2.06)         (-1.59)   

stpr_fac53         0.0105          0.0765        -0.00220          0.0398        -0.00416          0.0928        -0.00692          0.0165   
                   (0.17)          (1.54)         (-0.05)          (0.87)         (-0.03)          (0.78)         (-0.05)          (0.18)   

stpr_fac54        -0.0560         0.00558         0.00928          0.0213          0.0712         -0.0541          0.0657         -0.0911   
                  (-0.90)          (0.11)          (0.22)          (0.47)          (0.44)         (-0.46)          (0.53)         (-1.01)   

stpr_fac55         0.0679          0.0575         -0.0420         -0.0487          0.0338           0.142         -0.0298          0.0694   
                   (0.89)          (0.96)         (-0.82)         (-0.89)          (0.17)          (1.00)         (-0.19)          (0.63)   

stpr_fac56        0.00330          0.0435         -0.0230         -0.0261         -0.0607         -0.0812         -0.0527          -0.101   
                   (0.07)          (1.09)         (-0.68)         (-0.71)         (-0.46)         (-0.85)         (-0.52)         (-1.38)   

stpr_fac57        -0.0734          0.0205         0.00816        -0.00126          -0.489**        -0.192          -0.245         -0.0861   
                  (-1.11)          (0.39)          (0.18)         (-0.03)         (-2.83)         (-1.55)         (-1.85)         (-0.90)   

stpr_fac58        0.00228         -0.0259         0.00996         -0.0168          -0.154          -0.180          -0.178          -0.113   
                   (0.03)         (-0.41)          (0.18)         (-0.29)         (-0.73)         (-1.19)         (-1.10)         (-0.97)   

stpr_fac59        0.00595          0.0370          0.0107        -0.00433          -0.121          -0.332***       -0.113          -0.280***
                   (0.15)          (1.16)          (0.40)         (-0.15)         (-1.15)         (-4.38)         (-1.39)         (-4.79)   

stpr_fac60        -0.0264          0.0328          0.0248         -0.0352          -0.217          -0.139          -0.170          -0.114   
                  (-0.58)          (0.92)          (0.82)         (-1.08)         (-1.84)         (-1.64)         (-1.88)         (-1.75)   

stpr_fac61        -0.0395       -0.000484         -0.0210         -0.0131           0.402**       -0.0206           0.244*        -0.0718   
                  (-0.69)         (-0.01)         (-0.55)         (-0.32)          (2.68)         (-0.19)          (2.12)         (-0.87)   

stpr_fac62         0.0458          0.0401         0.00638          0.0122           0.199          0.0861           0.101         0.00873   
                   (0.64)          (0.71)          (0.13)          (0.24)          (1.06)          (0.64)          (0.71)          (0.08)   

stpr_fac63         0.0395          0.0431         -0.0172        -0.00272           0.211          0.0265           0.170         0.00893   
                   (0.65)          (0.91)         (-0.43)         (-0.06)          (1.33)          (0.23)          (1.40)          (0.10)   

stpr_fac64        -0.0236          0.0962         -0.0308         -0.0592           0.222          0.0216           0.147        -0.00982   
                  (-0.30)          (1.54)         (-0.58)         (-1.04)          (1.07)          (0.15)          (0.93)         (-0.09)   

stpr_fac65         0.0502          0.0107         -0.0716         -0.0350           0.256           0.240           0.183           0.135   
                   (0.74)          (0.20)         (-1.59)         (-0.72)          (1.45)          (1.90)          (1.35)          (1.39)   

stpr_fac66         0.0470         0.00806         -0.0595         -0.0610          0.0165           0.157         -0.0117          0.0868   
                   (0.53)          (0.12)         (-1.01)         (-0.96)          (0.07)          (0.95)         (-0.07)          (0.68)   

stpr_fac67         0.0926          0.0508         -0.0150         -0.0137          0.0314           0.174         -0.0147           0.156   
                   (1.12)          (0.78)         (-0.27)         (-0.23)          (0.14)          (1.12)         (-0.09)          (1.30)   

stpr_fac68         0.0419         -0.0106         -0.0412          0.0115         -0.0383         -0.0303         0.00530         -0.0250   
                   (0.54)         (-0.17)         (-0.79)          (0.21)         (-0.19)         (-0.21)          (0.03)         (-0.22)   

stpr_fac69        0.00748          0.0429        -0.00397          0.0768*         -0.174         -0.0743          -0.132         -0.0384   
                   (0.14)          (1.01)         (-0.11)          (1.98)         (-1.24)         (-0.74)         (-1.22)         (-0.49)   

o.stpr_fac70            0               0               0               0               0               0               0               0   
                      (.)             (.)             (.)             (.)             (.)             (.)             (.)             (.)   

stpr_fac71       -0.00811           0.101**       -0.0753*         0.0154          -0.289*         -0.156          -0.205*         -0.118   
                  (-0.18)          (2.80)         (-2.45)          (0.47)         (-2.41)         (-1.81)         (-2.23)         (-1.78)   

stpr_fac72         0.0762          0.0325         -0.0683*        -0.0365          -0.102          -0.194*         -0.144          -0.169*  
                   (1.61)          (0.87)         (-2.16)         (-1.07)         (-0.82)         (-2.19)         (-1.52)         (-2.47)   

stpr_fac73         0.0399          0.0101          0.0318          0.0492          0.0247          0.0514         0.00745          0.0209   
                   (0.70)          (0.22)          (0.84)          (1.20)          (0.17)          (0.48)          (0.07)          (0.25)   

stpr_fac74        0.00673          0.0216        -0.00317         -0.0103          -0.121         -0.0909          -0.109         -0.0577   
                   (0.11)          (0.44)         (-0.08)         (-0.23)         (-0.74)         (-0.77)         (-0.87)         (-0.64)   

stpr_fac75         -0.186**        0.0776         -0.0435         -0.0348          -0.568**        -0.307*         -0.352*         -0.191   
                  (-2.72)          (1.43)         (-0.95)         (-0.70)         (-3.16)         (-2.38)         (-2.56)         (-1.93)   

stpr_fac76          0.125           0.143*         0.0206          0.0707           0.138           0.257         -0.0376          0.0655   
                   (1.51)          (2.20)          (0.37)          (1.19)          (0.64)          (1.66)         (-0.23)          (0.55)   

stpr_fac77         -0.113         0.00921         -0.0365         -0.0330           0.169       -0.000342           0.225          0.0476   
                  (-1.42)          (0.15)         (-0.69)         (-0.58)          (0.81)         (-0.00)          (1.41)          (0.41)   

stpr_fac78         0.0413          0.0391         -0.0107          0.0987**        -0.614***       -0.379***       -0.375***       -0.252***
                   (0.96)          (1.16)         (-0.37)          (3.19)         (-5.47)         (-4.70)         (-4.35)         (-4.07)   

stpr_fac79        -0.0399          0.0216         -0.0718         -0.0724          -0.282          -0.249*         -0.208          -0.199*  
                  (-0.61)          (0.42)         (-1.65)         (-1.54)         (-1.66)         (-2.04)         (-1.59)         (-2.12)   

stpr_fac80        -0.0631          0.0478         -0.0204         0.00747          -0.125         -0.0697         -0.0501         -0.0984   
                  (-1.08)          (1.04)         (-0.52)          (0.18)         (-0.82)         (-0.64)         (-0.43)         (-1.17)   

stpr_fac81         0.0346          0.0187         -0.0260         -0.0774           0.156          -0.110          0.0706          -0.105   
                   (0.59)          (0.40)         (-0.66)         (-1.83)          (1.01)         (-1.00)          (0.60)         (-1.24)   

stpr_fac82        0.00519          0.0965          -0.110         -0.0720           0.105           0.204         -0.0190          0.0928   
                   (0.06)          (1.33)         (-1.78)         (-1.09)          (0.44)          (1.18)         (-0.10)          (0.70)   

stpr_fac83         -0.103           0.174*          0.105           0.194**       -0.0764          0.0974         -0.0173          0.0648   
                  (-1.19)          (2.56)          (1.82)          (3.11)         (-0.34)          (0.60)         (-0.10)          (0.52)   

stpr_fac84        -0.0651          0.0969          -0.206***        0.178***       -0.256          0.0262          -0.204         0.00584   
                  (-0.89)          (1.69)         (-4.23)          (3.38)         (-1.34)          (0.19)         (-1.40)          (0.06)   

stpr_fac85         0.0121          0.0576         0.00735         0.00904          -0.354*         -0.196          -0.256*        -0.0995   
                   (0.20)          (1.17)          (0.18)          (0.20)         (-2.18)         (-1.68)         (-2.05)         (-1.11)   

stpr_fac86         0.0215          0.0491         -0.0352         -0.0327         -0.0888          -0.130          -0.165          -0.104   
                   (0.32)          (0.94)         (-0.79)         (-0.69)         (-0.51)         (-1.05)         (-1.25)         (-1.09)   

stpr_fac87          0.109          0.0497        -0.00146         -0.0498          -0.260         -0.0867          -0.265*        -0.0238   
                   (1.64)          (0.95)         (-0.03)         (-1.05)         (-1.50)         (-0.70)         (-2.00)         (-0.25)   

stpr_fac88       -0.00610          0.0334          0.0680        -0.00803          0.0290          0.0725           0.144        -0.00226   
                  (-0.10)          (0.72)          (1.73)         (-0.19)          (0.19)          (0.66)          (1.22)         (-0.03)   

stpr_fac89         0.0805          0.0233         -0.0158         -0.0461         -0.0636         -0.0743          -0.107         -0.0586   
                   (1.33)          (0.49)         (-0.39)         (-1.06)         (-0.40)         (-0.66)         (-0.88)         (-0.67)   

stpr_fac90        -0.0333         -0.0114         -0.0154        -0.00661          -0.333*         -0.221*         -0.235*         -0.139   
                  (-0.62)         (-0.27)         (-0.43)         (-0.17)         (-2.38)         (-2.20)         (-2.19)         (-1.80)   

stpr_fac91         0.0146         0.00612         -0.0107         -0.0344          -0.195          0.0903          -0.106          0.0384   
                   (0.23)          (0.12)         (-0.25)         (-0.75)         (-1.16)          (0.75)         (-0.83)          (0.41)   

stpr_fac92         0.0727          0.0101         -0.0131         -0.0247         -0.0809         -0.0718         -0.0960         -0.0937   
                   (1.21)          (0.21)         (-0.32)         (-0.57)         (-0.51)         (-0.64)         (-0.79)         (-1.08)   

stpr_fac93         0.0871          0.0503         0.00763        -0.00202         0.00525         -0.0669          0.0128         -0.0848   
                   (1.53)          (1.13)          (0.20)         (-0.05)          (0.04)         (-0.63)          (0.11)         (-1.04)   

stpr_fac94         0.0551          0.0351       -0.000744         -0.0360           0.163          0.0586          0.0515          0.0170   
                   (0.89)          (0.72)         (-0.02)         (-0.81)          (1.00)          (0.50)          (0.41)          (0.19)   

stpr_fac95         0.0556         0.00458        0.000119          0.0183          0.0350          -0.119        -0.00315         -0.0965   
                   (0.98)          (0.10)          (0.00)          (0.45)          (0.24)         (-1.12)         (-0.03)         (-1.17)   

stpr_fac96         0.0203         0.00810          0.0227          0.0356          -0.231          -0.189          -0.188          -0.128   
                   (0.38)          (0.19)          (0.63)          (0.92)         (-1.65)         (-1.87)         (-1.75)         (-1.66)   

stpr_fac97         0.0648         0.00350        -0.00638         0.00330         -0.0634          0.0281          -0.117          0.0479   
                   (1.20)          (0.08)         (-0.18)          (0.09)         (-0.45)          (0.28)         (-1.09)          (0.62)   

stpr_fac98          0.137*         0.0641        -0.00752         -0.0187           0.113          0.0732         0.00271          0.0205   
                   (2.33)          (1.39)         (-0.19)         (-0.44)          (0.74)          (0.67)          (0.02)          (0.24)   

stpr_fac99      -0.000923          0.0636          0.0247         0.00908          -0.246         -0.0899          -0.173         -0.0708   
                  (-0.01)          (1.25)          (0.57)          (0.20)         (-1.46)         (-0.74)         (-1.34)         (-0.76)   

stpr_fac100         0.122          0.0506          0.0140           0.118           0.233           0.352*          0.117           0.270*  
                   (1.38)          (0.73)          (0.24)          (1.85)          (1.01)          (2.13)          (0.66)          (2.12)   

stpr_fac101        0.0377         -0.0183          0.0175          0.0573          -0.111          0.0290         -0.0669          0.0645   
                   (0.60)         (-0.37)          (0.41)          (1.26)         (-0.67)          (0.25)         (-0.53)          (0.71)   

stpr_fac102       -0.0145           0.165**        -0.133**         0.149**        -0.124           0.495***      -0.0917           0.318** 
                  (-0.19)          (2.74)         (-2.60)          (2.71)         (-0.62)          (3.45)         (-0.60)          (2.88)   

stpr_fac103        0.0667           0.108        -0.00131       -0.000299           0.213           0.136          0.0530          0.0794   
                   (0.82)          (1.70)         (-0.02)         (-0.01)          (1.00)          (0.90)          (0.33)          (0.68)   

_cons             -0.0346         -0.0236         0.00385         0.00313          0.0473          0.0270          0.0649          0.0322   
                  (-0.66)         (-0.57)          (0.11)          (0.08)          (0.35)          (0.27)          (0.62)          (0.43)   
--------------------------------------------------------------------------------------------------------------------------------------------
N                    1207            1211            1207            1211            1208            1211            1208            1211   
R-sq                0.226           0.256           0.290           0.357           0.271           0.271           0.245           0.259   
--------------------------------------------------------------------------------------------------------------------------------------------
t statistics in parentheses
* p<0.05, ** p<0.01, *** p<0.001
