--------------------------------------------------------------------------------------------------------------------------------------------
                      (1)             (2)             (3)             (4)             (5)             (6)             (7)             (8)   
             aginc_back~d    aginc_pred~t    nfincome_b~d    nfincome_p~t    output_bac~d    output_pre~t    percapinc_~d    percapinc_~t   
--------------------------------------------------------------------------------------------------------------------------------------------
lngt86diff~e       0.0518          0.0166          0.0195          0.0217         -0.0219         0.00713         0.00875         -0.0293   
                   (0.69)          (0.27)          (0.47)          (0.61)         (-0.55)          (0.21)          (0.21)         (-0.83)   

stpr_fac1         -0.0924         -0.0676         -0.0997          -0.108*         0.0637         -0.0672         -0.0229         -0.0197   
                  (-0.86)         (-0.77)         (-1.70)         (-2.15)          (1.12)         (-1.37)         (-0.39)         (-0.39)   

stpr_fac2         -0.0406          0.0340         -0.0233         -0.0118         -0.0197        -0.00628        -0.00588        -0.00622   
                  (-0.39)          (0.40)         (-0.41)         (-0.24)         (-0.36)         (-0.13)         (-0.10)         (-0.13)   

stpr_fac3           0.145         -0.0293           0.104         -0.0282           0.150**       -0.0476          0.0953        -0.00353   
                   (1.50)         (-0.37)          (1.96)         (-0.62)          (2.91)         (-1.07)          (1.80)         (-0.08)   

stpr_fac4          0.0568         0.00268          0.0612          0.0136          0.0222          0.0297          0.0532        -0.00665   
                   (0.52)          (0.03)          (1.03)          (0.26)          (0.38)          (0.59)          (0.89)         (-0.13)   

stpr_fac5          0.0342         -0.0358          0.0747         -0.0395        -0.00593          0.0176          0.0937          0.0928   
                   (0.18)         (-0.28)          (0.72)         (-0.54)         (-0.06)          (0.24)          (0.90)          (1.26)   

stpr_fac6           0.184           0.135           0.233*         0.0629        -0.00600        -0.00547         0.00763         -0.0263   
                   (1.04)          (0.94)          (2.43)          (0.76)         (-0.06)         (-0.07)          (0.08)         (-0.32)   

stpr_fac7         -0.0239         -0.0374         -0.0859          0.0675         -0.0277           0.151*         0.0586        -0.00470   
                  (-0.18)         (-0.34)         (-1.17)          (1.09)         (-0.39)          (2.50)          (0.79)         (-0.08)   

stpr_fac8          0.0764         -0.0285          0.0482          0.0950          0.0571          0.0807          0.0364        -0.00142   
                   (0.49)         (-0.22)          (0.57)          (1.30)          (0.69)          (1.13)          (0.43)         (-0.02)   

stpr_fac9         -0.0387         -0.0143         -0.0349         -0.0165         -0.0110          0.0808         0.00880         -0.0128   
                  (-0.25)         (-0.11)         (-0.41)         (-0.23)         (-0.13)          (1.14)          (0.10)         (-0.18)   

stpr_fac10        -0.0169          -0.199*       -0.00352         -0.0903         -0.0384         -0.0802         -0.0182         -0.0988   
                  (-0.14)         (-2.08)         (-0.06)         (-1.64)         (-0.62)         (-1.50)         (-0.28)         (-1.80)   

stpr_fac11         0.0228          0.0268          0.0543         -0.0303          0.0563          0.0302          0.0225         -0.0221   
                   (0.22)          (0.31)          (0.95)         (-0.62)          (1.01)          (0.63)          (0.39)         (-0.45)   

stpr_fac12         0.0837         -0.0277          0.0708          0.0176        -0.00898          0.0767          0.0678         -0.0473   
                   (0.67)         (-0.27)          (1.04)          (0.30)         (-0.14)          (1.34)          (0.99)         (-0.81)   

stpr_fac13        -0.0628         -0.0629        -0.00332         -0.0820          0.0340          0.0444         -0.0422         0.00460   
                  (-0.46)         (-0.57)         (-0.05)         (-1.29)          (0.47)          (0.72)         (-0.57)          (0.07)   

stpr_fac14         0.0442          0.0160      -0.0000369         0.00298         -0.0288          0.0622          0.0440          0.0271   
                   (0.28)          (0.12)         (-0.00)          (0.04)         (-0.34)          (0.86)          (0.51)          (0.37)   

stpr_fac15         0.0702         -0.0557          0.0407         -0.0899          0.0675         0.00318           0.123*        -0.0778   
                   (0.72)         (-0.69)          (0.76)         (-1.95)          (1.30)          (0.07)          (2.30)         (-1.69)   

stpr_fac16        -0.0704          0.0584         -0.0252          0.0249          0.0695          0.0561         -0.0729         -0.0284   
                  (-0.50)          (0.50)         (-0.33)          (0.37)          (0.93)          (0.87)         (-0.94)         (-0.43)   

stpr_fac17         -0.111          -0.160          0.0535          0.0156         -0.0342          0.0509         -0.0429          -0.109   
                  (-0.93)         (-1.63)          (0.82)          (0.28)         (-0.54)          (0.93)         (-0.65)         (-1.94)   

stpr_fac18         -0.124           0.210*         0.0240         -0.0510          0.0612          0.0210         -0.0800           0.110*  
                  (-1.08)          (2.23)          (0.38)         (-0.95)          (1.01)          (0.40)         (-1.27)          (2.04)   

stpr_fac19         0.0663          0.0392          0.0892          0.0547          0.0423           0.113          0.0880        -0.00750   
                   (0.52)          (0.38)          (1.29)          (0.91)          (0.63)          (1.93)          (1.26)         (-0.13)   

stpr_fac20          0.197          0.0839           0.111           0.138*          0.205**        0.0885          0.0928          0.0954   
                   (1.36)          (0.70)          (1.40)          (2.02)          (2.65)          (1.33)          (1.17)          (1.40)   

stpr_fac21          0.116           0.154           0.126          0.0988          0.0768           0.123           0.102          0.0715   
                   (0.68)          (1.10)          (1.36)          (1.23)          (0.85)          (1.57)          (1.09)          (0.89)   

stpr_fac22         0.0948          0.0798          0.0454          0.0395          0.0351          0.0373         0.00857        -0.00794   
                   (0.84)          (0.86)          (0.74)          (0.75)          (0.59)          (0.72)          (0.14)         (-0.15)   

stpr_fac23        -0.0106          0.0176         -0.0286          0.0293          0.0399           0.108         -0.0271          0.0457   
                  (-0.07)          (0.15)         (-0.37)          (0.44)          (0.53)          (1.64)         (-0.35)          (0.68)   

stpr_fac24         0.0359        -0.00700          0.0289         -0.0186          0.0184        -0.00171          0.0377         -0.0239   
                   (0.24)         (-0.06)          (0.36)         (-0.27)          (0.24)         (-0.03)          (0.47)         (-0.35)   

stpr_fac25       -0.00721         -0.0344         0.00624         -0.0127         -0.0345          0.0215        -0.00969         -0.0168   
                  (-0.06)         (-0.33)          (0.09)         (-0.21)         (-0.51)          (0.37)         (-0.14)         (-0.28)   

stpr_fac26        0.00285          0.0549       0.0000454          0.0578         -0.0243          0.0621         -0.0144          0.0560   
                   (0.02)          (0.36)          (0.00)          (0.66)         (-0.25)          (0.73)         (-0.14)          (0.64)   

o.stpr_fac27            0               0               0               0               0               0               0               0   
                      (.)             (.)             (.)             (.)             (.)             (.)             (.)             (.)   

stpr_fac28         0.0699        -0.00383          0.0524          0.0353          0.0132         0.00382          0.0503         -0.0461   
                   (0.57)         (-0.04)          (0.78)          (0.61)          (0.20)          (0.07)          (0.74)         (-0.80)   

stpr_fac29         0.0944           0.128          0.0747           0.103         -0.0892          0.0637          0.0583          0.0354   
                   (0.79)          (1.32)          (1.15)          (1.84)         (-1.41)          (1.17)          (0.90)          (0.63)   

stpr_fac30          0.145         -0.0594           0.105         -0.0411          0.0935         -0.0790          0.0796       -0.000845   
                   (1.24)         (-0.62)          (1.65)         (-0.74)          (1.50)         (-1.47)          (1.24)         (-0.02)   

stpr_fac31          0.117        -0.00587          0.0973          0.0127          0.0914          0.0449          0.0388         -0.0490   
                   (0.99)         (-0.06)          (1.51)          (0.23)          (1.45)          (0.83)          (0.60)         (-0.88)   

stpr_fac32         -0.208        -0.00829          -0.156         -0.0136         0.00384          0.0366         -0.0500          0.0410   
                  (-1.29)         (-0.06)         (-1.77)         (-0.18)          (0.04)          (0.49)         (-0.57)          (0.54)   

stpr_fac33        -0.0441          -0.426***      -0.0809          -0.428***       0.0984         -0.0546           0.110         -0.0135   
                  (-0.31)         (-3.67)         (-1.05)         (-6.45)          (1.31)         (-0.84)          (1.42)         (-0.20)   

stpr_fac34         0.0246         -0.0207         0.00325         -0.0269          0.0147         -0.0292          0.0147        0.000298   
                   (0.16)         (-0.16)          (0.04)         (-0.37)          (0.18)         (-0.42)          (0.17)          (0.00)   

stpr_fac35        -0.0476         -0.0303         -0.0965          0.0793          0.0180         0.00414         -0.0534          0.0414   
                  (-0.32)         (-0.25)         (-1.21)          (1.15)          (0.23)          (0.06)         (-0.66)          (0.60)   

stpr_fac36        0.00760          0.0501         -0.0213        -0.00202          0.0101         -0.0876         -0.0261          0.0562   
                   (0.05)          (0.39)         (-0.25)         (-0.03)          (0.12)         (-1.22)         (-0.30)          (0.76)   

stpr_fac37         -0.490**         0.260          -0.305***        0.112         -0.0112           0.160*         -0.300**         0.188*  
                  (-2.91)          (1.88)         (-3.32)          (1.42)         (-0.13)          (2.07)         (-3.25)          (2.37)   

stpr_fac38         0.0329         -0.0394          0.0386         -0.0480          0.0264          0.0146          0.0403         -0.0295   
                   (0.31)         (-0.45)          (0.67)         (-0.97)          (0.47)          (0.30)          (0.70)         (-0.59)   

stpr_fac39         0.0907         -0.0782          0.0469         -0.0309          0.0105          0.0403          0.0814         -0.0512   
                   (0.91)         (-0.96)          (0.86)         (-0.66)          (0.20)          (0.88)          (1.49)         (-1.09)   

stpr_fac40          0.117         -0.0404          0.0912         -0.0704          0.0234          0.0765           0.115*        -0.0721   
                   (1.14)         (-0.48)          (1.63)         (-1.46)          (0.43)          (1.63)          (2.05)         (-1.50)   

stpr_fac41       -0.00750        -0.00433         -0.0131         -0.0502          0.0241         -0.0193          0.0256         -0.0276   
                  (-0.09)         (-0.07)         (-0.30)         (-1.35)          (0.57)         (-0.53)          (0.59)         (-0.74)   

stpr_fac42          0.136         0.00609           0.110          0.0257          0.0591         -0.0187           0.105         -0.0142   
                   (1.28)          (0.07)          (1.90)          (0.51)          (1.05)         (-0.39)          (1.81)         (-0.29)   

stpr_fac43         0.0610        -0.00705          0.0168         -0.0153          0.0227         -0.0119          0.0428         -0.0418   
                   (0.63)         (-0.09)          (0.32)         (-0.34)          (0.44)         (-0.27)          (0.81)         (-0.92)   

stpr_fac44         0.0641          0.0132          0.0727         0.00484          0.0713          0.0261          0.0414          0.0369   
                   (0.31)          (0.08)          (0.64)          (0.05)          (0.64)          (0.27)          (0.36)          (0.38)   

stpr_fac45        -0.0168        -0.00825         0.00106         0.00349          0.0207         0.00305        -0.00583          0.0129   
                  (-0.13)         (-0.08)          (0.01)          (0.06)          (0.29)          (0.05)         (-0.08)          (0.21)   

stpr_fac46         0.0689         -0.0256         0.00900         -0.0234          0.0169          0.0175          0.0495         -0.0354   
                   (0.58)         (-0.26)          (0.14)         (-0.42)          (0.27)          (0.32)          (0.77)         (-0.64)   

stpr_fac47          0.202*        -0.0619         -0.0159         0.00336          0.0456         -0.0556          0.0636         -0.0563   
                   (2.08)         (-0.77)         (-0.30)          (0.07)          (0.88)         (-1.25)          (1.19)         (-1.23)   

stpr_fac48        -0.0765          -0.181*        -0.0155         -0.0606          0.0303         -0.0132        -0.00458         -0.0997*  
                  (-0.80)         (-2.30)         (-0.30)         (-1.35)          (0.60)         (-0.30)         (-0.09)         (-2.22)   

stpr_fac49          0.141          -0.219*        -0.0331          -0.116*        -0.0243         -0.0660          0.0952          -0.152** 
                   (1.23)         (-2.32)         (-0.53)         (-2.15)         (-0.40)         (-1.25)          (1.51)         (-2.82)   

stpr_fac50         0.0774         -0.0373         0.00627         -0.0660         -0.0371         -0.0149          0.0916         -0.0146   
                   (0.55)         (-0.32)          (0.08)         (-1.00)         (-0.50)         (-0.23)          (1.20)         (-0.22)   

stpr_fac51         0.0140         -0.0721         -0.0205         -0.0699          0.0767        -0.00852          0.0258         -0.0376   
                   (0.12)         (-0.78)         (-0.33)         (-1.31)          (1.28)         (-0.16)          (0.42)         (-0.71)   

stpr_fac52          0.178          -0.173*         0.0316         -0.0550          0.0224          0.0166          0.0913          -0.109*  
                   (1.73)         (-2.04)          (0.56)         (-1.13)          (0.41)          (0.35)          (1.61)         (-2.24)   

stpr_fac53        -0.0250          0.0989          0.0551          0.0376          0.0178           0.110          0.0140          0.0165   
                  (-0.20)          (0.95)          (0.80)          (0.63)          (0.26)          (1.90)          (0.20)          (0.28)   

stpr_fac54        -0.0231         -0.0222          0.0289         -0.0737         -0.0469        -0.00853        0.000992         -0.0717   
                  (-0.18)         (-0.22)          (0.42)         (-1.25)         (-0.71)         (-0.15)          (0.01)         (-1.22)   

stpr_fac55        -0.0664          0.0238         -0.0307         -0.0102          0.0642         0.00958         -0.0142          0.0512   
                  (-0.43)          (0.19)         (-0.37)         (-0.14)          (0.79)          (0.14)         (-0.17)          (0.71)   

stpr_fac56        -0.0779         -0.0794         -0.0450         -0.0655         0.00953          0.0438         -0.0353         -0.0404   
                  (-0.77)         (-0.95)         (-0.81)         (-1.37)          (0.18)          (0.94)         (-0.63)         (-0.84)   

stpr_fac57         0.0493          0.0183          0.0112          0.0485         -0.0132          0.0421          0.0230          0.0325   
                   (0.37)          (0.17)          (0.15)          (0.78)         (-0.19)          (0.69)          (0.32)          (0.52)   

stpr_fac58        -0.0444         -0.0817         -0.0263        -0.00166         -0.0210         -0.0622         -0.0338          0.0131   
                  (-0.27)         (-0.62)         (-0.30)         (-0.02)         (-0.25)         (-0.84)         (-0.38)          (0.17)   

stpr_fac59         0.0566         0.00429          0.0513         -0.0405          0.0412        -0.00674          0.0147        -0.00239   
                   (0.70)          (0.06)          (1.16)         (-1.06)          (0.96)         (-0.18)          (0.33)         (-0.06)   

stpr_fac60          0.101         -0.0249          0.0536         0.00903         -0.0185          0.0574          0.0254          0.0349   
                   (1.12)         (-0.34)          (1.09)          (0.21)         (-0.39)          (1.38)          (0.51)          (0.82)   

stpr_fac61        -0.0353         -0.0117         -0.0424         -0.0362         -0.0593         -0.0294         -0.0230         -0.0311   
                  (-0.31)         (-0.12)         (-0.68)         (-0.67)         (-0.97)         (-0.56)         (-0.37)         (-0.57)   

stpr_fac62         0.0929         -0.0213          0.0785         -0.0113          0.0481         -0.0378          0.0767         -0.0199   
                   (0.65)         (-0.18)          (1.00)         (-0.17)          (0.63)         (-0.57)          (0.97)         (-0.29)   

stpr_fac63         0.0604         -0.0215          0.0217         0.00718         0.00921          0.0240          0.0582        -0.00551   
                   (0.50)         (-0.22)          (0.33)          (0.13)          (0.14)          (0.43)          (0.88)         (-0.10)   

stpr_fac64         -0.116         -0.0184         -0.0531         -0.0386         -0.0423          0.0104         -0.0358          0.0286   
                  (-0.73)         (-0.14)         (-0.61)         (-0.52)         (-0.50)          (0.14)         (-0.41)          (0.38)   

stpr_fac65        -0.0345         -0.0408         -0.0410         -0.0353          0.0589         0.00562          0.0333        -0.00562   
                  (-0.26)         (-0.37)         (-0.56)         (-0.55)          (0.82)          (0.09)          (0.45)         (-0.09)   

stpr_fac66        -0.0342          -0.113         -0.0260          0.0125          0.0431          0.0144          0.0377          0.0689   
                  (-0.19)         (-0.78)         (-0.27)          (0.15)          (0.46)          (0.18)          (0.39)          (0.83)   

stpr_fac67         0.0143         -0.0257          0.0440         -0.0379          0.0840          0.0339          0.0590         -0.0267   
                   (0.09)         (-0.19)          (0.49)         (-0.48)          (0.95)          (0.44)          (0.65)         (-0.34)   

stpr_fac68         0.0422         -0.0355          0.0530          0.0139          0.0524         -0.0281           0.101        -0.00717   
                   (0.27)         (-0.28)          (0.62)          (0.19)          (0.63)         (-0.39)          (1.18)         (-0.10)   

stpr_fac69         0.0268         -0.0213          0.0116          0.0318         -0.0159          0.0344        -0.00340         -0.0696   
                   (0.25)         (-0.24)          (0.20)          (0.63)         (-0.28)          (0.70)         (-0.06)         (-1.37)   

o.stpr_fac70            0               0               0               0               0               0               0               0   
                      (.)             (.)             (.)             (.)             (.)             (.)             (.)             (.)   

stpr_fac71          0.243**        -0.331***      0.00957        -0.00415        -0.00170          0.0577           0.223***       -0.207***
                   (2.64)         (-4.37)          (0.19)         (-0.10)         (-0.03)          (1.37)          (4.43)         (-4.78)   

stpr_fac72         0.0530          -0.275***       0.0119          -0.109*         0.0917         0.00444          0.0993          -0.161***
                   (0.56)         (-3.54)          (0.23)         (-2.44)          (1.82)          (0.10)          (1.92)         (-3.61)   

stpr_fac73         0.0996          0.0365          0.0918          0.0455          0.0328         0.00109          0.0756        -0.00610   
                   (0.87)          (0.39)          (1.48)          (0.85)          (0.54)          (0.02)          (1.21)         (-0.11)   

stpr_fac74        -0.0679          -0.102         -0.0224         -0.0826        -0.00176        -0.00397         -0.0389         -0.0737   
                  (-0.54)         (-0.99)         (-0.33)         (-1.40)         (-0.03)         (-0.07)         (-0.57)         (-1.25)   

stpr_fac75        -0.0533         -0.0627         -0.0744         -0.0226          -0.172*         0.0861         0.00770         -0.0215   
                  (-0.39)         (-0.55)         (-0.99)         (-0.35)         (-2.36)          (1.37)          (0.10)         (-0.33)   

stpr_fac76          0.143          0.0125           0.104          0.0849           0.106           0.157*         0.0653         -0.0418   
                   (0.86)          (0.09)          (1.15)          (1.09)          (1.20)          (2.06)          (0.72)         (-0.54)   

stpr_fac77        -0.0580        -0.00275         -0.0243         -0.0157          -0.108          0.0193         0.00413          0.0316   
                  (-0.36)         (-0.02)         (-0.28)         (-0.21)         (-1.27)          (0.26)          (0.05)          (0.42)   

stpr_fac78          0.149           0.245***        0.101*        -0.0226          0.0496         0.00113           0.122**        0.0184   
                   (1.73)          (3.47)          (2.15)         (-0.56)          (1.08)          (0.03)          (2.59)          (0.45)   

stpr_fac79         -0.280*          0.191          0.0357       -0.000493         -0.0770          0.0516         -0.0258           0.238***
                  (-2.15)          (1.78)          (0.50)         (-0.01)         (-1.11)          (0.86)         (-0.36)          (3.88)   

stpr_fac80        -0.0781          0.0843        -0.00295          0.0128          -0.113           0.166**       -0.0106          0.0149   
                  (-0.67)          (0.88)         (-0.05)          (0.23)         (-1.82)          (3.11)         (-0.17)          (0.27)   

stpr_fac81         -0.162          0.0772          0.0124          -0.154**        0.0132         -0.0103         -0.0120          0.0181   
                  (-1.38)          (0.80)          (0.19)         (-2.79)          (0.21)         (-0.19)         (-0.19)          (0.33)   

stpr_fac82         -0.154         -0.0263          -0.100         -0.0852         -0.0827           0.123          0.0615         -0.0674   
                  (-0.84)         (-0.17)         (-1.00)         (-0.98)         (-0.84)          (1.46)          (0.61)         (-0.78)   

stpr_fac83       -0.00913           0.314*        -0.0159           0.334***      -0.0829           0.154         -0.0530           0.125   
                  (-0.05)          (2.21)         (-0.17)          (4.10)         (-0.90)          (1.94)         (-0.56)          (1.53)   

stpr_fac84         -0.284           0.146          -0.226**         0.203**       -0.0768          0.0755         -0.0210         -0.0140   
                  (-1.94)          (1.22)         (-2.84)          (2.95)         (-0.99)          (1.13)         (-0.26)         (-0.20)   

stpr_fac85         0.0826         -0.0134          0.0515          0.0512          0.0444          0.0510          0.0680          0.0337   
                   (0.66)         (-0.13)          (0.76)          (0.87)          (0.67)          (0.89)          (1.00)          (0.57)   

stpr_fac86        -0.0123         -0.0585         -0.0183         -0.0520          0.0156          0.0322          0.0185         -0.0230   
                  (-0.09)         (-0.54)         (-0.25)         (-0.83)          (0.22)          (0.53)          (0.25)         (-0.37)   

stpr_fac87         0.0497         -0.0507          0.0322         -0.0281          0.0731          0.0266          0.0342          0.0173   
                   (0.38)         (-0.47)          (0.45)         (-0.45)          (1.04)          (0.44)          (0.47)          (0.28)   

stpr_fac88          0.177          -0.134          0.0489         -0.0193          0.0851          0.0472          0.0625         -0.0588   
                   (1.50)         (-1.38)          (0.76)         (-0.35)          (1.36)          (0.87)          (0.97)         (-1.06)   

stpr_fac89         0.0840         -0.0750          0.0520         -0.0645          0.0769        -0.00630          0.0714         -0.0155   
                   (0.69)         (-0.76)          (0.79)         (-1.13)          (1.20)         (-0.11)          (1.08)         (-0.27)   

stpr_fac90         0.0421         -0.0304          0.0120         -0.0344        -0.00754         -0.0363          0.0396         -0.0344   
                   (0.39)         (-0.35)          (0.21)         (-0.68)         (-0.13)         (-0.74)          (0.68)         (-0.68)   

stpr_fac91         0.0308         -0.0231          0.0315         -0.0150          0.0164         -0.0164          0.0464          0.0159   
                   (0.24)         (-0.22)          (0.45)         (-0.25)          (0.24)         (-0.28)          (0.66)          (0.26)   

stpr_fac92          0.156          -0.100          0.0894         -0.0635          0.0735        -0.00652           0.126         -0.0483   
                   (1.29)         (-1.01)          (1.36)         (-1.12)          (1.15)         (-0.12)          (1.91)         (-0.85)   

stpr_fac93         0.0730          0.0131          0.0680          0.0307          0.0790          0.0353          0.0444          0.0322   
                   (0.64)          (0.14)          (1.10)          (0.57)          (1.31)          (0.68)          (0.71)          (0.60)   

stpr_fac94         -0.227          0.0134          0.0205         -0.0576        -0.00920          0.0223         -0.0679          0.0218   
                  (-1.83)          (0.13)          (0.30)         (-0.99)         (-0.14)          (0.39)         (-1.00)          (0.37)   

stpr_fac95          0.131         -0.0799          0.0811         -0.0513          0.0749         -0.0347          0.0813         -0.0715   
                   (1.15)         (-0.85)          (1.30)         (-0.96)          (1.24)         (-0.66)          (1.30)         (-1.33)   

stpr_fac96         0.0504         -0.0279          0.0525         -0.0244          0.0149         -0.0324          0.0270         -0.0668   
                   (0.47)         (-0.32)          (0.90)         (-0.48)          (0.26)         (-0.66)          (0.46)         (-1.32)   

stpr_fac97         0.0408          -0.122          0.0188         0.00209          0.0921         -0.0250          0.0195         -0.0797   
                   (0.38)         (-1.38)          (0.32)          (0.04)          (1.61)         (-0.51)          (0.33)         (-1.57)   

stpr_fac98          0.103         -0.0512          0.0313         -0.0242           0.150*         0.0678          0.0556         -0.0325   
                   (0.88)         (-0.53)          (0.49)         (-0.44)          (2.41)          (1.26)          (0.87)         (-0.59)   

stpr_fac99        0.00332          0.0270          0.0220          0.0192         -0.0142          0.0311        -0.00876         0.00920   
                   (0.03)          (0.25)          (0.31)          (0.32)         (-0.21)          (0.52)         (-0.12)          (0.15)   

stpr_fac100        0.0515          0.0345          0.0479           0.205*        0.00322           0.186*         0.0285         -0.0211   
                   (0.29)          (0.24)          (0.50)          (2.46)          (0.03)          (2.29)          (0.29)         (-0.25)   

stpr_fac101        0.0503          0.0371          0.0861          0.0651          0.0735         -0.0567          0.0381         0.00584   
                   (0.40)          (0.36)          (1.25)          (1.09)          (1.09)         (-0.98)          (0.55)          (0.10)   

stpr_fac102        -0.149           0.377**       -0.0462           0.212**       -0.0612           0.192**         0.102           0.121   
                  (-0.97)          (3.00)         (-0.55)          (2.95)         (-0.75)          (2.74)          (1.22)          (1.68)   

stpr_fac103        0.0388         0.00455          0.0303         -0.0174          0.0486          0.0442          0.0209        -0.00347   
                   (0.24)          (0.03)          (0.34)         (-0.23)          (0.56)          (0.59)          (0.24)         (-0.05)   

_cons             -0.0302          0.0220         -0.0202          0.0123         -0.0302         -0.0102         -0.0247          0.0130   
                  (-0.29)          (0.26)         (-0.35)          (0.25)         (-0.54)         (-0.21)         (-0.43)          (0.26)   
--------------------------------------------------------------------------------------------------------------------------------------------
N                    1207            1211            1207            1211            1207            1211            1207            1211   
R-sq                0.225           0.283           0.251           0.368           0.218           0.274           0.222           0.252   
--------------------------------------------------------------------------------------------------------------------------------------------
t statistics in parentheses
* p<0.05, ** p<0.01, *** p<0.001
