--------------------------------------------------------------------------------------------------------------------------------------------
                      (1)             (2)             (3)             (4)             (5)             (6)             (7)             (8)   
             avwage_bac~d    avwage_pre~t    pop_backward     pop_predict    wagebill_b~d    wagebill_p~t    wageemp_ba~d    wageemp_pr~t   
--------------------------------------------------------------------------------------------------------------------------------------------
lnne02diff~e       -0.110          0.0291         -0.0125         -0.0167          -0.263          -0.261          -0.187          -0.181   
                  (-1.59)          (0.48)         (-0.23)         (-0.30)         (-1.89)         (-1.84)         (-1.65)         (-1.54)   

stpr_fac1         -0.0789         -0.0135         -0.0491         -0.0417          -0.260**       -0.0653          -0.207**        -0.109   
                  (-1.69)         (-0.33)         (-1.34)         (-1.10)         (-2.77)         (-0.68)         (-2.70)         (-1.39)   

stpr_fac2         -0.0769          0.0234         -0.0153        -0.00278          -0.158          0.0542         -0.0798         -0.0218   
                  (-1.89)          (0.66)         (-0.48)         (-0.08)         (-1.94)          (0.65)         (-1.20)         (-0.32)   

stpr_fac3         -0.0357         -0.0219         -0.0311         -0.0246          -0.169*          0.180*         -0.115          0.0889   
                  (-0.94)         (-0.66)         (-1.04)         (-0.80)         (-2.23)          (2.32)         (-1.85)          (1.39)   

stpr_fac4         -0.0506         -0.0257          0.0101          0.0393          -0.121           0.198*        -0.0584           0.160*  
                  (-1.20)         (-0.69)          (0.30)          (1.14)         (-1.43)          (2.29)         (-0.84)          (2.23)   

stpr_fac5          -0.106*         0.0297         0.00313         -0.0377          -0.288**        -0.118          -0.201*         -0.185*  
                  (-2.09)          (0.66)          (0.08)         (-0.91)         (-2.82)         (-1.13)         (-2.41)         (-2.15)   

stpr_fac6           0.109          0.0364         0.00998          0.0236         -0.0921          0.1000         -0.0727         -0.0399   
                   (1.62)          (0.62)          (0.19)          (0.43)         (-0.69)          (0.73)         (-0.66)         (-0.35)   

stpr_fac7         -0.0140       -0.000196         -0.0696*         0.0453         -0.0285           0.132          0.0205           0.154*  
                  (-0.31)         (-0.00)         (-1.97)          (1.24)         (-0.32)          (1.44)          (0.28)          (2.03)   

stpr_fac8         -0.0301         -0.0156          0.0591         0.00463          -0.108         -0.0382         -0.0825          -0.103   
                  (-0.65)         (-0.38)          (1.62)          (0.12)         (-1.17)         (-0.40)         (-1.09)         (-1.32)   

stpr_fac9         -0.0229         -0.0170         -0.0305         -0.0402         -0.0397           0.238**      -0.00501           0.177** 
                  (-0.58)         (-0.49)         (-0.98)         (-1.25)         (-0.50)          (2.95)         (-0.08)          (2.65)   

stpr_fac10         0.0298        -0.00271         -0.0749*        -0.0559          0.0111           0.171*       -0.00965          0.0776   
                   (0.72)         (-0.07)         (-2.30)         (-1.66)          (0.13)          (2.02)         (-0.14)          (1.11)   

stpr_fac11        -0.0388          0.0410         0.00516        -0.00669          -0.132          0.0299         -0.0707         -0.0572   
                  (-0.89)          (1.07)          (0.15)         (-0.19)         (-1.52)          (0.34)         (-0.99)         (-0.78)   

stpr_fac12      -0.000921          0.0131          0.0379          0.0435          -0.224*         0.0945          -0.159*         0.0197   
                  (-0.02)          (0.34)          (1.10)          (1.22)         (-2.56)          (1.06)         (-2.22)          (0.27)   

stpr_fac13         0.0153          0.0725         -0.0829*        -0.0937*        -0.0858          0.0515         -0.0609         -0.0846   
                   (0.30)          (1.63)         (-2.08)         (-2.27)         (-0.84)          (0.50)         (-0.73)         (-0.99)   

o.stpr_fac14            0               0               0               0               0               0               0               0   
                      (.)             (.)             (.)             (.)             (.)             (.)             (.)             (.)   

stpr_fac15         0.0925          0.0573         -0.0165         -0.0427           0.281**         0.316**         0.224**         0.148   
                   (1.89)          (1.34)         (-0.43)         (-1.07)          (2.88)          (3.17)          (2.80)          (1.79)   

stpr_fac16         0.0218          0.0650         -0.0660         -0.0230         0.00578           0.238*         0.0344         0.00572   
                   (0.46)          (1.57)         (-1.77)         (-0.60)          (0.06)          (2.46)          (0.44)          (0.07)   

stpr_fac17          0.144**        -0.100*         0.0594          0.0142           0.192           0.159           0.106           0.122   
                   (2.93)         (-2.33)          (1.54)          (0.35)          (1.95)          (1.59)          (1.32)          (1.48)   

stpr_fac18          0.102*        -0.0305          0.0810*         0.0215           0.117           0.231*         0.0605          0.0943   
                   (1.97)         (-0.67)          (1.98)          (0.51)          (1.13)          (2.18)          (0.71)          (1.08)   

stpr_fac19         0.0654         -0.0158          0.0268        0.000787           0.162           0.320**         0.144           0.186*  
                   (1.33)         (-0.37)          (0.69)          (0.02)          (1.64)          (3.18)          (1.79)          (2.23)   

stpr_fac20         0.0502         -0.0359          0.0867*         0.0299           0.113           0.205*         0.0966           0.123   
                   (1.17)         (-0.96)          (2.57)          (0.86)          (1.32)          (2.34)          (1.38)          (1.71)   

stpr_fac21          0.121*         -0.102           0.103*        0.00228           0.221           0.158           0.161           0.106   
                   (1.98)         (-1.90)          (2.14)          (0.05)          (1.80)          (1.26)          (1.61)          (1.03)   

stpr_fac22        -0.0429        -0.00704          0.0270          0.0235         -0.0819           0.116         -0.0662          0.0451   
                  (-0.90)         (-0.17)          (0.71)          (0.60)         (-0.85)          (1.19)         (-0.84)          (0.56)   

stpr_fac23        -0.0246          0.0705         -0.0138        -0.00532         -0.0237           0.218*         0.0616          0.0949   
                  (-0.47)          (1.55)         (-0.34)         (-0.13)         (-0.23)          (2.05)          (0.72)          (1.08)   

stpr_fac24        -0.0408         -0.0212        -0.00622          0.0476         -0.0226           0.173          0.0264          0.0689   
                  (-0.76)         (-0.45)         (-0.15)          (1.09)         (-0.21)          (1.58)          (0.30)          (0.76)   

stpr_fac25         0.0147         -0.0165          0.0489          0.0512        -0.00706           0.154        -0.00794          0.0816   
                   (0.35)         (-0.44)          (1.46)          (1.48)         (-0.08)          (1.78)         (-0.11)          (1.14)   

stpr_fac26         0.0730          0.0658          0.0296         -0.0115          0.0363           0.146          0.0367          0.0717   
                   (1.11)          (1.15)          (0.57)         (-0.21)          (0.28)          (1.09)          (0.34)          (0.65)   

stpr_fac27        0.00994        -0.00255          0.0158        -0.00237          0.0124           0.175          0.0321          0.0793   
                   (0.15)         (-0.04)          (0.30)         (-0.04)          (0.09)          (1.30)          (0.30)          (0.71)   

stpr_fac28        0.00499         0.00363          0.0174          0.0489         -0.0499           0.269***      -0.0217           0.180** 
                   (0.13)          (0.11)          (0.59)          (1.59)         (-0.66)          (3.49)         (-0.35)          (2.82)   

stpr_fac29       -0.00167          0.0473          0.0253         -0.0104           0.185*          0.204*          0.137           0.120   
                  (-0.04)          (1.21)          (0.72)         (-0.28)          (2.06)          (2.23)          (1.87)          (1.59)   

stpr_fac30         0.0269        -0.00324          0.0207          0.0187          0.0881           0.235**        0.0771           0.135*  
                   (0.69)         (-0.10)          (0.68)          (0.59)          (1.13)          (2.96)          (1.21)          (2.06)   

stpr_fac31         0.0424         -0.0160          0.0692*         0.0440           0.128           0.218*          0.106           0.121   
                   (0.97)         (-0.42)          (2.02)          (1.24)          (1.47)          (2.45)          (1.49)          (1.65)   

stpr_fac32        -0.0247         0.00793         -0.0318         -0.0214         -0.0376           0.199*        -0.0615          0.0907   
                  (-0.61)          (0.22)         (-1.00)         (-0.65)         (-0.46)          (2.41)         (-0.93)          (1.33)   

stpr_fac33        -0.0523          0.0225           0.106**       -0.0184         -0.0404           0.187         -0.0326          0.0383   
                  (-1.00)          (0.49)          (2.58)         (-0.43)         (-0.39)          (1.75)         (-0.38)          (0.43)   

stpr_fac34        -0.0928*         0.0925*         0.0549          0.0769*         -0.102           0.354***      -0.0278           0.137   
                  (-2.17)          (2.47)          (1.63)          (2.21)         (-1.19)          (4.05)         (-0.40)          (1.89)   

stpr_fac35        -0.0410          0.0219         -0.0484         -0.0719         -0.0583         -0.0546         -0.0888          -0.118   
                  (-0.91)          (0.56)         (-1.36)         (-1.96)         (-0.65)         (-0.59)         (-1.20)         (-1.54)   

stpr_fac36        -0.0369          0.0241        -0.00786          0.0105          -0.120          0.0463          -0.145         -0.0368   
                  (-0.77)          (0.58)         (-0.21)          (0.27)         (-1.26)          (0.47)         (-1.85)         (-0.46)   

stpr_fac37        -0.0569          -0.122**       -0.0345         -0.0116         -0.0722          -0.139         -0.0926         -0.0788   
                  (-1.12)         (-2.73)         (-0.86)         (-0.28)         (-0.71)         (-1.33)         (-1.11)         (-0.91)   

stpr_fac38       -0.00838          0.0370         0.00539         0.00749           0.151           0.385***        0.123           0.211** 
                  (-0.21)          (1.05)          (0.17)          (0.23)          (1.89)          (4.72)          (1.88)          (3.13)   

stpr_fac39        0.00794          0.0254         0.00249        -0.00700          0.0714           0.344***       0.0840           0.194** 
                   (0.19)          (0.69)          (0.08)         (-0.20)          (0.85)          (4.00)          (1.22)          (2.72)   

stpr_fac40         0.0352          0.0335         -0.0178         -0.0319           0.209*          0.345***        0.127           0.189*  
                   (0.76)          (0.82)         (-0.49)         (-0.85)          (2.25)          (3.65)          (1.68)          (2.42)   

stpr_fac41       -0.00298         -0.0226         -0.0284         -0.0230           0.128           0.223**         0.143*          0.127*  
                  (-0.08)         (-0.70)         (-0.98)         (-0.77)          (1.73)          (2.96)          (2.36)          (2.03)   

stpr_fac42        -0.0155          0.0334          0.0301          0.0237           0.180*          0.312***        0.154*          0.169*  
                  (-0.36)          (0.87)          (0.87)          (0.67)          (2.06)          (3.50)          (2.16)          (2.28)   

stpr_fac43         0.0686         -0.0212         -0.0261        -0.00654         -0.0248           0.126         -0.0352         0.00201   
                   (1.86)         (-0.65)         (-0.90)         (-0.22)         (-0.33)          (1.67)         (-0.58)          (0.03)   

stpr_fac44        0.00379        0.000991          0.0230          0.0247          0.0426           0.279**        0.0362           0.168*  
                   (0.09)          (0.03)          (0.68)          (0.70)          (0.49)          (3.18)          (0.52)          (2.32)   

stpr_fac45         0.0291         -0.0104          0.0323          0.0125          0.0708           0.189*         0.0422          0.0827   
                   (0.77)         (-0.31)          (1.09)          (0.41)          (0.94)          (2.45)          (0.68)          (1.30)   

stpr_fac46        -0.0456          0.0713        -0.00556        -0.00828          -0.153          0.0603         -0.0952          0.0246   
                  (-1.09)          (1.95)         (-0.17)         (-0.24)         (-1.83)          (0.71)         (-1.39)          (0.35)   

stpr_fac47        -0.0998**        0.0133         0.00247         -0.0121         -0.0274          0.0834        -0.00181          0.0608   
                  (-2.59)          (0.40)          (0.08)         (-0.39)         (-0.36)          (1.06)         (-0.03)          (0.94)   

stpr_fac48       -0.00320          0.0237         -0.0258         -0.0277         -0.0616           0.105         -0.0291          0.0169   
                  (-0.08)          (0.68)         (-0.83)         (-0.86)         (-0.78)          (1.29)         (-0.45)          (0.25)   

stpr_fac49        -0.0294           0.104*         -0.141***       -0.155***       -0.152         -0.0353         -0.0814          -0.141   
                  (-0.63)          (2.52)         (-3.81)         (-4.07)         (-1.62)         (-0.37)         (-1.06)         (-1.78)   

stpr_fac50        0.00560          0.0141         -0.0176        -0.00703           0.125           0.192          0.0987           0.131   
                   (0.12)          (0.33)         (-0.46)         (-0.18)          (1.29)          (1.94)          (1.24)          (1.59)   

stpr_fac51        -0.0403          0.0455         -0.0204         -0.0281         0.00960           0.133          0.0285          0.0830   
                  (-1.08)          (1.40)         (-0.70)         (-0.93)          (0.13)          (1.76)          (0.47)          (1.32)   

stpr_fac52        -0.0223          0.0106        -0.00861        -0.00307         -0.0251           0.163*        -0.0314          0.0271   
                  (-0.61)          (0.33)         (-0.30)         (-0.10)         (-0.34)          (2.19)         (-0.53)          (0.44)   

stpr_fac53       -0.00249        -0.00885        -0.00862         -0.0220         -0.0232           0.163*        -0.0161          0.0772   
                  (-0.07)         (-0.28)         (-0.30)         (-0.74)         (-0.32)          (2.18)         (-0.27)          (1.25)   

stpr_fac54        -0.0548         -0.0366        -0.00424         -0.0835*         -0.141          -0.218*         -0.117          -0.255** 
                  (-1.09)         (-0.83)         (-0.11)         (-2.05)         (-1.41)         (-2.14)         (-1.43)         (-3.01)   

stpr_fac55        -0.0225        -0.00954         0.00424         0.00743         -0.0824          0.1000         -0.0527          0.0360   
                  (-0.56)         (-0.27)          (0.13)          (0.23)         (-1.02)          (1.22)         (-0.80)          (0.53)   

stpr_fac56       -0.00128          0.0120         -0.0368         -0.0313         -0.0807          0.0828         -0.0690        -0.00809   
                  (-0.04)          (0.38)         (-1.30)         (-1.07)         (-1.12)          (1.12)         (-1.17)         (-0.13)   

stpr_fac57        -0.0654        -0.00382         -0.0280         -0.0486          -0.214          0.0999          -0.104        -0.00369   
                  (-1.13)         (-0.07)         (-0.61)         (-1.03)         (-1.84)          (0.84)         (-1.10)         (-0.04)   

stpr_fac58        0.00195         -0.0836          0.0380          0.0210         -0.0685           0.177          0.0439          0.0123   
                   (0.04)         (-1.90)          (0.96)          (0.51)         (-0.68)          (1.73)          (0.53)          (0.14)   

stpr_fac59         0.0285          0.0330         -0.0138          0.0186         -0.0266           0.238**      -0.00545          0.0436   
                   (0.75)          (0.99)         (-0.46)          (0.60)         (-0.35)          (3.05)         (-0.09)          (0.68)   

stpr_fac60        -0.0453          0.0208        -0.00451         -0.0175          -0.102          0.0380         -0.0565         -0.0312   
                  (-0.97)          (0.51)         (-0.12)         (-0.46)         (-1.10)          (0.40)         (-0.74)         (-0.40)   

stpr_fac61        -0.0547          0.0310         0.00365         -0.0190         -0.0143           0.108         -0.0292          0.0753   
                  (-1.11)          (0.72)          (0.09)         (-0.47)         (-0.14)          (1.07)         (-0.36)          (0.90)   

stpr_fac62         0.0499          0.0142          0.0336         0.00470           0.129           0.243**        0.0841          0.0965   
                   (1.22)          (0.40)          (1.04)          (0.14)          (1.57)          (2.91)          (1.26)          (1.40)   

stpr_fac63        -0.0733          0.0303          -0.120***      -0.0638          0.0697           0.160          0.0505          0.0631   
                  (-1.64)          (0.77)         (-3.42)         (-1.75)          (0.78)          (1.75)          (0.69)          (0.83)   

stpr_fac64         0.0176         -0.0254         -0.0391         -0.0539           0.309*          0.389**         0.259**         0.172   
                   (0.29)         (-0.48)         (-0.82)         (-1.09)          (2.53)          (3.13)          (2.60)          (1.67)   

stpr_fac65         0.0154        -0.00706         -0.0153         -0.0163           0.228*          0.185           0.146           0.140   
                   (0.30)         (-0.16)         (-0.38)         (-0.40)          (2.24)          (1.78)          (1.76)          (1.63)   

stpr_fac66        -0.0170        -0.00441         -0.0327         -0.0291          0.0326           0.169           0.164           0.107   
                  (-0.29)         (-0.08)         (-0.70)         (-0.60)          (0.27)          (1.39)          (1.68)          (1.06)   

stpr_fac67         0.0403        -0.00608         0.00956          0.0291           0.106           0.237*          0.112           0.115   
                   (0.72)         (-0.12)          (0.22)          (0.64)          (0.95)          (2.09)          (1.23)          (1.22)   

o.stpr_fac68            0               0               0               0               0               0               0               0   
                      (.)             (.)             (.)             (.)             (.)             (.)             (.)             (.)   

stpr_fac69         0.0146         0.00310          0.0330          0.0204          0.0515          0.0915          0.0385        -0.00122   
                   (0.30)          (0.07)          (0.86)          (0.51)          (0.53)          (0.92)          (0.48)         (-0.01)   

stpr_fac70        -0.0119          0.0549         -0.0332         0.00376          0.0865          0.0939          0.0339          0.0173   
                  (-0.27)          (1.40)         (-0.95)          (0.10)          (0.97)          (1.03)          (0.46)          (0.23)   

stpr_fac71         0.0389         -0.0561         0.00576        -0.00354          0.0617           0.195          0.0329          0.0727   
                   (0.79)         (-1.30)          (0.15)         (-0.09)          (0.63)          (1.94)          (0.41)          (0.87)   

stpr_fac72         0.0100         -0.0573         -0.0389         -0.0460        -0.00257           0.118          0.0170          0.0379   
                   (0.21)         (-1.38)         (-1.05)         (-1.19)         (-0.03)          (1.22)          (0.22)          (0.47)   

stpr_fac73         0.0104         -0.0264          0.0299          0.0141           0.151           0.147           0.107          0.0865   
                   (0.24)         (-0.71)          (0.89)          (0.41)          (1.77)          (1.69)          (1.54)          (1.20)   

stpr_fac74        -0.0123         -0.0518        -0.00895          0.0209         -0.0832          0.0858         -0.0567          0.0268   
                  (-0.28)         (-1.33)         (-0.26)          (0.58)         (-0.94)          (0.95)         (-0.78)          (0.36)   

stpr_fac75        -0.0511          0.0634         -0.0368         -0.0158           0.132           0.117           0.116          -0.177*  
                  (-0.98)          (1.39)         (-0.90)         (-0.37)          (1.26)          (1.10)          (1.36)         (-2.01)   

stpr_fac76         0.0197         -0.0800          0.0212          0.0433          -0.163          -0.114          -0.160          -0.157   
                   (0.35)         (-1.60)          (0.47)          (0.93)         (-1.43)         (-0.98)         (-1.71)         (-1.63)   

stpr_fac77         0.0288          0.0908         -0.0382         -0.0401           0.312**         0.424***        0.267**         0.260** 
                   (0.50)          (1.80)         (-0.85)         (-0.86)          (2.71)          (3.62)          (2.84)          (2.68)   

stpr_fac78       -0.00651         -0.0462         -0.0160        -0.00475         -0.0639           0.395***      -0.0579           0.130   
                  (-0.16)         (-1.26)         (-0.49)         (-0.14)         (-0.76)          (4.61)         (-0.84)          (1.83)   

stpr_fac79        -0.0320           0.106*        -0.0368         -0.0522          0.0350           0.175          0.0807         -0.0325   
                  (-0.56)          (2.12)         (-0.82)         (-1.12)          (0.30)          (1.49)          (0.86)         (-0.34)   

stpr_fac80        -0.0155          0.0153         -0.0223         -0.0437         -0.0512           0.143         -0.0303          0.0405   
                  (-0.37)          (0.41)         (-0.67)         (-1.27)         (-0.61)          (1.66)         (-0.44)          (0.57)   

stpr_fac81         0.0529          0.0434         -0.0385         -0.0477         -0.0459           0.193*        -0.0355          0.0738   
                   (1.37)          (1.28)         (-1.27)         (-1.52)         (-0.60)          (2.46)         (-0.56)          (1.13)   

stpr_fac82         0.0809         -0.0160         -0.0410         -0.0764          -0.108         0.00755         -0.0605         -0.0191   
                   (1.68)         (-0.38)         (-1.08)         (-1.95)         (-1.12)          (0.08)         (-0.77)         (-0.24)   

stpr_fac83         -0.104          0.0269         -0.0119          0.0804         -0.0280           0.250*         0.0681           0.125   
                  (-1.95)          (0.57)         (-0.28)          (1.84)         (-0.26)          (2.28)          (0.78)          (1.38)   

stpr_fac84         -0.130**        0.0364          -0.161***      -0.0129          -0.128          0.0249         -0.0961         -0.0866   
                  (-2.94)          (0.94)         (-4.61)         (-0.36)         (-1.44)          (0.27)         (-1.32)         (-1.15)   

stpr_fac85         0.0450          0.0656          0.0202          0.0468         -0.0744           0.184*        -0.0951          0.0869   
                   (1.00)          (1.66)          (0.57)          (1.27)         (-0.82)          (2.00)         (-1.29)          (1.14)   

stpr_fac86        -0.0137         -0.0413         -0.0126         -0.0182         0.00539           0.254**       -0.0631           0.152*  
                  (-0.31)         (-1.08)         (-0.36)         (-0.51)          (0.06)          (2.85)         (-0.88)          (2.06)   

stpr_fac87        0.00277         -0.0351         0.00999         -0.0113         -0.0140           0.202*        -0.0331          0.0749   
                   (0.07)         (-0.95)          (0.30)         (-0.33)         (-0.16)          (2.33)         (-0.48)          (1.05)   

stpr_fac88         0.0971*        -0.0376          0.0115          0.0111           0.110          0.0428          0.0314          0.0407   
                   (2.54)         (-1.12)          (0.38)          (0.36)          (1.43)          (0.55)          (0.50)          (0.63)   

stpr_fac89        -0.0114          0.0228         -0.0185         -0.0216          0.0468           0.209**      0.000598          0.0603   
                  (-0.30)          (0.67)         (-0.61)         (-0.69)          (0.60)          (2.65)          (0.01)          (0.92)   

stpr_fac90       -0.00765         -0.0256         -0.0228          0.0156          0.0410           0.151          0.0572          0.0500   
                  (-0.17)         (-0.64)         (-0.64)          (0.42)          (0.45)          (1.62)          (0.77)          (0.65)   

stpr_fac91       -0.00295         -0.0292          0.0134        -0.00286         -0.0580           0.369***      0.00541           0.218***
                  (-0.08)         (-0.90)          (0.46)         (-0.09)         (-0.78)          (4.86)          (0.09)          (3.47)   

stpr_fac92       -0.00934        -0.00668         0.00382         -0.0126         -0.0752           0.131        -0.00682        0.000513   
                  (-0.24)         (-0.20)          (0.13)         (-0.40)         (-0.97)          (1.67)         (-0.11)          (0.01)   

stpr_fac93        0.00447         0.00258          0.0477          0.0645         -0.0782           0.126        -0.00530          0.0445   
                   (0.11)          (0.07)          (1.49)          (1.95)         (-0.96)          (1.52)         (-0.08)          (0.65)   

stpr_fac94        -0.0174       0.0000714        -0.00820         -0.0199         0.00738           0.123          0.0824          0.0743   
                  (-0.45)          (0.00)         (-0.27)         (-0.64)          (0.10)          (1.57)          (1.31)          (1.15)   

stpr_fac95        -0.0178         0.00329       -0.000292         -0.0107         -0.0752          0.0527         -0.0611         -0.0201   
                  (-0.41)          (0.09)         (-0.01)         (-0.30)         (-0.86)          (0.59)         (-0.85)         (-0.27)   

stpr_fac96         0.0210         0.00984          0.0137          0.0149         -0.0362           0.162          0.0433          0.0523   
                   (0.48)          (0.25)          (0.40)          (0.41)         (-0.41)          (1.79)          (0.60)          (0.70)   

stpr_fac97        -0.0284          0.0474         -0.0212         -0.0119         -0.0465           0.190*        -0.0182          0.0699   
                  (-0.74)          (1.41)         (-0.70)         (-0.38)         (-0.61)          (2.42)         (-0.29)          (1.08)   

stpr_fac98         0.0348         -0.0261         0.00515         -0.0319          0.0431          0.0584         -0.0402          0.0673   
                   (0.86)         (-0.74)          (0.16)         (-0.97)          (0.53)          (0.71)         (-0.61)          (0.99)   

stpr_fac99         0.0370          0.0511          0.0120        -0.00163          0.0392           0.349***        0.127           0.204*  
                   (0.72)          (1.14)          (0.30)         (-0.04)          (0.38)          (3.33)          (1.51)          (2.35)   

stpr_fac100      -0.00843         -0.0621          0.0423         -0.0148         0.00726          0.0801          0.0365          0.0611   
                  (-0.19)         (-1.58)          (1.20)         (-0.41)          (0.08)          (0.88)          (0.50)          (0.81)   

stpr_fac101       -0.0554          0.0123          0.0378         0.00254          -0.251*         0.0716          -0.201*         0.0418   
                  (-1.09)          (0.27)          (0.94)          (0.06)         (-2.46)          (0.69)         (-2.40)          (0.48)   

stpr_fac102        0.0132         -0.0467           0.123**        0.0137           0.162           0.227           0.172           0.158   
                   (0.23)         (-0.94)          (2.76)          (0.30)          (1.43)          (1.96)          (1.85)          (1.66)   

stpr_fac103        0.0670         -0.0142          0.0384          0.0244           0.268*          0.451***        0.204*          0.259** 
                   (1.21)         (-0.29)          (0.88)          (0.54)          (2.40)          (3.97)          (2.24)          (2.75)   

_cons             0.00728         -0.0112        -0.00376       -0.000108          0.0104          -0.160*       -0.00565         -0.0633   
                   (0.22)         (-0.39)         (-0.15)         (-0.00)          (0.16)         (-2.39)         (-0.11)         (-1.14)   
--------------------------------------------------------------------------------------------------------------------------------------------
N                    1211            1211            1211            1211            1211            1211            1211            1211   
R-sq                0.202           0.221           0.278           0.198           0.244           0.254           0.222           0.236   
--------------------------------------------------------------------------------------------------------------------------------------------
t statistics in parentheses
* p<0.05, ** p<0.01, *** p<0.001
