--------------------------------------------------------------------------------------------------------------------------------------------
                      (1)             (2)             (3)             (4)             (5)             (6)             (7)             (8)   
             aginc_back~d    aginc_pred~t    nfincome_b~d    nfincome_p~t    output_bac~d    output_pre~t    percapinc_~d    percapinc_~t   
--------------------------------------------------------------------------------------------------------------------------------------------
lnne02diff~e       -0.124          0.0149          -0.110        -0.00117          -0.141          0.0497         -0.0806        -0.00245   
                  (-0.93)          (0.14)         (-1.56)         (-0.02)         (-1.70)          (0.82)         (-1.16)         (-0.03)   

stpr_fac1          -0.145         -0.0915          -0.142**       -0.0668         -0.0574          0.0105         -0.0758         -0.0509   
                  (-1.62)         (-1.24)         (-2.99)         (-1.42)         (-1.03)          (0.26)         (-1.63)         (-1.03)   

stpr_fac2         -0.0922          0.0153         -0.0785          0.0488         -0.0581          0.0547         -0.0506          0.0297   
                  (-1.18)          (0.24)         (-1.90)          (1.19)         (-1.19)          (1.54)         (-1.25)          (0.69)   

stpr_fac3         -0.0803         0.00179         -0.0624         0.00270         -0.0347        -0.00411         -0.0245          0.0189   
                  (-1.11)          (0.03)         (-1.62)          (0.07)         (-0.76)         (-0.12)         (-0.65)          (0.47)   

stpr_fac4        -0.00364           0.108         -0.0240          0.0787         -0.0410         -0.0216         -0.0149          0.0332   
                  (-0.05)          (1.62)         (-0.56)          (1.84)         (-0.81)         (-0.59)         (-0.35)          (0.75)   

stpr_fac5          -0.118          0.0504         -0.0651          0.0617          -0.147*         0.0592         -0.0603          0.0882   
                  (-1.21)          (0.63)         (-1.25)          (1.20)         (-2.40)          (1.33)         (-1.18)          (1.64)   

stpr_fac6           0.130          0.0628          0.0986          0.0621           0.164*        0.00591          0.0812          0.0487   
                   (1.02)          (0.60)          (1.45)          (0.92)          (2.05)          (0.10)          (1.22)          (0.69)   

stpr_fac7          0.0934          0.0433          0.0390          0.0682        -0.00675          0.0306           0.125**       0.00516   
                   (1.09)          (0.61)          (0.85)          (1.50)         (-0.13)          (0.78)          (2.78)          (0.11)   

stpr_fac8           0.113         -0.0294          0.0964*       -0.00127         0.00653         0.00642          0.0549         -0.0181   
                   (1.28)         (-0.40)          (2.05)         (-0.03)          (0.12)          (0.16)          (1.19)         (-0.37)   

stpr_fac9         -0.0545         -0.0660         -0.0256         -0.0108        -0.00717         0.00362          0.0114          0.0297   
                  (-0.72)         (-1.06)         (-0.64)         (-0.27)         (-0.15)          (0.11)          (0.29)          (0.71)   

stpr_fac10        -0.0514          -0.106         -0.0397         -0.0649          0.0432          0.0324          0.0495         -0.0248   
                  (-0.65)         (-1.63)         (-0.94)         (-1.55)          (0.87)          (0.90)          (1.20)         (-0.57)   

stpr_fac11        -0.0871          0.0342         -0.0515          0.0584         -0.0819          0.0659         -0.0545          0.0621   
                  (-1.05)          (0.50)         (-1.16)          (1.33)         (-1.57)          (1.73)         (-1.25)          (1.35)   

stpr_fac12        -0.0555          0.0914         -0.0292          0.0617         -0.0369          0.0360         -0.0871*         0.0276   
                  (-0.67)          (1.33)         (-0.66)          (1.40)         (-0.71)          (0.95)         (-2.00)          (0.60)   

stpr_fac13         -0.166          0.0304          -0.108*         0.0110        -0.00894           0.115**       -0.0308           0.108*  
                  (-1.71)          (0.38)         (-2.10)          (0.22)         (-0.15)          (2.61)         (-0.61)          (2.02)   

o.stpr_fac14            0               0               0               0               0               0               0               0   
                      (.)             (.)             (.)             (.)             (.)             (.)             (.)             (.)   

stpr_fac15          0.125         -0.0364          0.0617         -0.0415           0.164**        0.0534          0.0895        -0.00306   
                   (1.34)         (-0.47)          (1.24)         (-0.84)          (2.80)          (1.25)          (1.84)         (-0.06)   

stpr_fac16        -0.0670          0.0141         -0.0390          0.0434         -0.0750           0.126**        0.0454          0.0448   
                  (-0.74)          (0.19)         (-0.81)          (0.91)         (-1.32)          (3.05)          (0.96)          (0.90)   

stpr_fac17          0.280**        -0.280***       0.0835         -0.0166           0.106         -0.0707           0.124*         -0.169** 
                   (2.99)         (-3.61)          (1.67)         (-0.33)          (1.80)         (-1.65)          (2.54)         (-3.28)   

stpr_fac18          0.238*        -0.0900          0.0374          0.0876          0.0699         0.00243          0.0698         -0.0272   
                   (2.40)         (-1.10)          (0.71)          (1.67)          (1.13)          (0.05)          (1.35)         (-0.50)   

stpr_fac19         0.0202          0.0842          0.0375         -0.0111         0.00286         -0.0318         0.00976          0.0405   
                   (0.22)          (1.08)          (0.75)         (-0.22)          (0.05)         (-0.74)          (0.20)          (0.78)   

stpr_fac20          0.168*        -0.0341           0.120**       -0.0225           0.118*        -0.0324          0.0392         -0.0473   
                   (2.05)         (-0.50)          (2.76)         (-0.52)          (2.30)         (-0.87)          (0.92)         (-1.05)   

stpr_fac21          0.199         -0.0340           0.101         -0.0702           0.114          -0.135*         0.0156         -0.0114   
                   (1.70)         (-0.35)          (1.62)         (-1.13)          (1.55)         (-2.53)          (0.26)         (-0.18)   

stpr_fac22        -0.0545          0.0666         -0.0263          0.0670         -0.0675          0.0318         -0.0423          0.0310   
                  (-0.60)          (0.88)         (-0.54)          (1.38)         (-1.18)          (0.76)         (-0.89)          (0.61)   

stpr_fac23        0.00393         -0.0254          0.0275        -0.00935          0.0308          0.0182          0.0483         -0.0118   
                   (0.04)         (-0.31)          (0.52)         (-0.18)          (0.50)          (0.40)          (0.93)         (-0.21)   

stpr_fac24        -0.0437         0.00711         -0.0227          0.0331         -0.0453        -0.00955         -0.0120         -0.0212   
                  (-0.43)          (0.08)         (-0.42)          (0.61)         (-0.71)         (-0.20)         (-0.22)         (-0.38)   

stpr_fac25        0.00815         0.00723        -0.00232          0.0359        -0.00337        -0.00430         -0.0410         -0.0219   
                   (0.10)          (0.11)         (-0.05)          (0.84)         (-0.07)         (-0.12)         (-0.97)         (-0.49)   

stpr_fac26         0.0614         -0.0409          0.0367         -0.0201          0.0722          0.0672          0.0177         -0.0214   
                   (0.49)         (-0.40)          (0.55)         (-0.30)          (0.92)          (1.18)          (0.27)         (-0.31)   

stpr_fac27         0.0299         -0.0235          0.0428         -0.0294          0.0447          0.0195          0.0344         -0.0344   
                   (0.24)         (-0.22)          (0.64)         (-0.44)          (0.57)          (0.34)          (0.52)         (-0.50)   

stpr_fac28        0.00243          0.0703          0.0159           0.112**        0.0414          0.0514        -0.00397          0.0496   
                   (0.03)          (1.18)          (0.42)          (2.95)          (0.92)          (1.56)         (-0.11)          (1.25)   

stpr_fac29      -0.000491          0.0485          0.0204          0.0515         -0.0943          0.0525         0.00288          0.0528   
                  (-0.01)          (0.69)          (0.45)          (1.14)         (-1.76)          (1.35)          (0.06)          (1.12)   

stpr_fac30         0.0312          0.0315          0.0193          0.0137          0.0138          0.0109       -0.000909       -0.000926   
                   (0.42)          (0.51)          (0.49)          (0.35)          (0.30)          (0.32)         (-0.02)         (-0.02)   

stpr_fac31         0.0375          0.0133          0.0656          0.0100         -0.0209        -0.00758        0.000304         -0.0444   
                   (0.45)          (0.19)          (1.48)          (0.23)         (-0.40)         (-0.20)          (0.01)         (-0.97)   

stpr_fac32         -0.163*        -0.0320          -0.108**       -0.0138         -0.0790         -0.0130         -0.0763         -0.0196   
                  (-2.12)         (-0.50)         (-2.64)         (-0.34)         (-1.64)         (-0.37)         (-1.89)         (-0.46)   

stpr_fac33          0.383***       -0.106           0.240***       -0.125*       -0.00744         -0.0146           0.188***      -0.0602   
                   (3.84)         (-1.28)          (4.51)         (-2.36)         (-0.12)         (-0.32)          (3.60)         (-1.09)   

stpr_fac34          0.132           0.133*         0.0218           0.178***       -0.144**         0.116**        0.0505          0.0640   
                   (1.62)          (1.97)          (0.50)          (4.12)         (-2.81)          (3.11)          (1.18)          (1.42)   

stpr_fac35        -0.0125       -0.000469         -0.0688         -0.0351         -0.0116          0.0295          0.0165          0.0626   
                  (-0.15)         (-0.01)         (-1.50)         (-0.77)         (-0.21)          (0.75)          (0.37)          (1.32)   

stpr_fac36        -0.0455          0.0192         -0.0509          0.0841         -0.0936          0.0231        -0.00398          0.0458   
                  (-0.50)          (0.25)         (-1.05)          (1.74)         (-1.64)          (0.55)         (-0.08)          (0.91)   

stpr_fac37         -0.186         -0.0371          -0.143**        -0.178***       -0.103         -0.0434          -0.123*         -0.173** 
                  (-1.91)         (-0.46)         (-2.75)         (-3.46)         (-1.69)         (-0.98)         (-2.43)         (-3.22)   

stpr_fac38        -0.0216          0.0198         0.00448          0.0143         -0.0154          0.0259         -0.0101         0.00561   
                  (-0.28)          (0.31)          (0.11)          (0.36)         (-0.32)          (0.74)         (-0.25)          (0.13)   

stpr_fac39        -0.0521          0.0285         -0.0464        -0.00696        -0.00263          0.0162         -0.0536          0.0260   
                  (-0.65)          (0.43)         (-1.08)         (-0.16)         (-0.05)          (0.44)         (-1.27)          (0.59)   

stpr_fac40        -0.0237       -0.000416        -0.00614         -0.0266          0.0175          0.0343          0.0226        -0.00279   
                  (-0.27)         (-0.01)         (-0.13)         (-0.57)          (0.32)          (0.85)          (0.49)         (-0.06)   

stpr_fac41        -0.0631         -0.0313         -0.0346         -0.0330         -0.0425        -0.00318         -0.0115         -0.0174   
                  (-0.90)         (-0.54)         (-0.92)         (-0.89)         (-0.96)         (-0.10)         (-0.31)         (-0.45)   

stpr_fac42        -0.0623          0.0180         -0.0279          0.0311         -0.0312          0.0654         -0.0577        -0.00145   
                  (-0.75)          (0.26)         (-0.63)          (0.70)         (-0.60)          (1.72)         (-1.33)         (-0.03)   

stpr_fac43        -0.0107         -0.0142         -0.0243         -0.0105          0.0400         -0.0219          0.0120        -0.00678   
                  (-0.15)         (-0.24)         (-0.65)         (-0.28)          (0.90)         (-0.68)          (0.33)         (-0.17)   

stpr_fac44        -0.0333          0.0732         -0.0229          0.0647          0.0170          0.0593         -0.0368          0.0284   
                  (-0.41)          (1.08)         (-0.52)          (1.49)          (0.33)          (1.58)         (-0.86)          (0.63)   

stpr_fac45         0.0149         0.00438          0.0208         0.00999         -0.0151          0.0189         0.00643        -0.00515   
                   (0.21)          (0.07)          (0.54)          (0.26)         (-0.33)          (0.57)          (0.17)         (-0.13)   

stpr_fac46         -0.183*         0.0498         -0.0830          0.0281         -0.0729           0.112**        -0.114**        0.0223   
                  (-2.29)          (0.76)         (-1.96)          (0.67)         (-1.46)          (3.08)         (-2.73)          (0.51)   

stpr_fac47        -0.0242         -0.0596         -0.0392         0.00707          -0.129**        0.0331         0.00587         -0.0341   
                  (-0.33)         (-0.98)         (-1.00)          (0.18)         (-2.81)          (0.99)          (0.15)         (-0.84)   

stpr_fac48        -0.0251         -0.0658         -0.0497         -0.0495         0.00396          0.0361        -0.00158         -0.0480   
                  (-0.33)         (-1.05)         (-1.24)         (-1.24)          (0.08)          (1.05)         (-0.04)         (-1.15)   

stpr_fac49         -0.159         -0.0717          -0.164***       -0.191***      0.00173           0.101*        -0.0378         -0.0242   
                  (-1.78)         (-0.97)         (-3.44)         (-4.03)          (0.03)          (2.48)         (-0.81)         (-0.49)   

stpr_fac50         -0.156          0.0214         -0.0396          0.0121         -0.0337          0.0516         -0.0714          0.0113   
                  (-1.69)          (0.28)         (-0.80)          (0.25)         (-0.58)          (1.22)         (-1.48)          (0.22)   

stpr_fac51        -0.0840          0.0341         -0.0354          0.0246         -0.0546          0.0750*        -0.0245          0.0467   
                  (-1.18)          (0.58)         (-0.94)          (0.65)         (-1.23)          (2.32)         (-0.66)          (1.19)   

stpr_fac52        -0.0178         -0.0595         -0.0355          0.0452         -0.0438          0.0407         -0.0190        -0.00898   
                  (-0.26)         (-1.04)         (-0.96)          (1.23)         (-1.00)          (1.28)         (-0.52)         (-0.23)   

stpr_fac53        -0.0538           0.142*        -0.0199         -0.0199         -0.0142          0.0181         -0.0309          0.0829*  
                  (-0.77)          (2.47)         (-0.54)         (-0.54)         (-0.33)          (0.57)         (-0.85)          (2.16)   

stpr_fac54         -0.128         -0.0769          -0.115*        -0.0799         -0.0853         -0.0267         -0.0930          0.0267   
                  (-1.33)         (-0.97)         (-2.25)         (-1.58)         (-1.42)         (-0.61)         (-1.86)          (0.51)   

stpr_fac55        -0.0658          0.0410         -0.0211          0.0403         -0.0317          0.0153         -0.0243          0.0179   
                  (-0.86)          (0.65)         (-0.52)          (0.99)         (-0.66)          (0.44)         (-0.61)          (0.42)   

stpr_fac56        -0.0817        -0.00833         -0.0475         -0.0530         -0.0232          0.0352         -0.0236         0.00209   
                  (-1.19)         (-0.15)         (-1.29)         (-1.46)         (-0.54)          (1.12)         (-0.66)          (0.06)   

stpr_fac57        -0.0974         -0.0126          -0.103       -0.000653         -0.0963          0.0420         -0.0570          0.0362   
                  (-0.88)         (-0.14)         (-1.74)         (-0.01)         (-1.39)          (0.83)         (-0.98)          (0.59)   

stpr_fac58         0.0764         -0.0505          0.0320       -0.000769         -0.0265         -0.0506        0.000739         -0.0299   
                   (0.80)         (-0.64)          (0.63)         (-0.02)         (-0.44)         (-1.15)          (0.01)         (-0.57)   

stpr_fac59         -0.107           0.126*        -0.0313          0.0746         0.00592          0.0640         -0.0430          0.0690   
                  (-1.47)          (2.09)         (-0.81)          (1.94)          (0.13)          (1.92)         (-1.13)          (1.72)   

stpr_fac60        -0.0674          0.0497         -0.0461          0.0185         -0.0544          0.0475         -0.0435          0.0451   
                  (-0.76)          (0.68)         (-0.97)          (0.39)         (-0.97)          (1.17)         (-0.93)          (0.92)   

stpr_fac61        -0.0410         0.00978         -0.0476         0.00220         -0.0726          0.0438         -0.0392          0.0128   
                  (-0.43)          (0.13)         (-0.95)          (0.04)         (-1.23)          (1.02)         (-0.80)          (0.25)   

stpr_fac62          0.101          0.0179          0.0799          0.0329          0.0897         0.00655          0.0568          0.0159   
                   (1.29)          (0.28)          (1.92)          (0.80)          (1.83)          (0.18)          (1.39)          (0.37)   

stpr_fac63         -0.105          -0.134         -0.0839          -0.135**        -0.101          0.0167          0.0445         -0.0767   
                  (-1.23)         (-1.90)         (-1.84)         (-3.00)         (-1.89)          (0.43)          (1.00)         (-1.63)   

stpr_fac64       -0.00952         -0.0431        -0.00667        -0.00120          0.0334         -0.0394          0.0346          0.0562   
                  (-0.08)         (-0.45)         (-0.11)         (-0.02)          (0.46)         (-0.74)          (0.57)          (0.88)   

stpr_fac65        -0.0146       -0.000728         -0.0134          0.0221        -0.00134        0.000245         0.00609          0.0347   
                  (-0.15)         (-0.01)         (-0.26)          (0.43)         (-0.02)          (0.01)          (0.12)          (0.65)   

stpr_fac66         0.0425         -0.0841          0.0530         -0.0554          0.0560         -0.0373          0.0912         -0.0312   
                   (0.37)         (-0.89)          (0.87)         (-0.92)          (0.78)         (-0.72)          (1.53)         (-0.50)   

stpr_fac67         0.0517       -0.000624          0.0414          0.0282          0.0420        -0.00413          0.0339        -0.00371   
                   (0.49)         (-0.01)          (0.73)          (0.50)          (0.63)         (-0.09)          (0.61)         (-0.06)   

o.stpr_fac68            0               0               0               0               0               0               0               0   
                      (.)             (.)             (.)             (.)             (.)             (.)             (.)             (.)   

stpr_fac69         0.0471         -0.0619          0.0260        -0.00952        -0.00147         -0.0356          0.0123         -0.0449   
                   (0.51)         (-0.80)          (0.53)         (-0.19)         (-0.03)         (-0.84)          (0.25)         (-0.88)   

stpr_fac70        -0.0542        -0.00120         -0.0733         0.00743         -0.0659          0.0723         -0.0327        -0.00565   
                  (-0.64)         (-0.02)         (-1.62)          (0.17)         (-1.24)          (1.86)         (-0.73)         (-0.12)   

stpr_fac71          0.113           0.104          0.0361         -0.0237          0.0210         -0.0435          0.0765          0.0437   
                   (1.21)          (1.33)          (0.72)         (-0.48)          (0.36)         (-1.01)          (1.56)          (0.84)   

stpr_fac72         0.0928         -0.0875         -0.0471         -0.0625          0.0270         -0.0540          0.0815         -0.0337   
                   (1.03)         (-1.17)         (-0.98)         (-1.31)          (0.48)         (-1.31)          (1.73)         (-0.68)   

stpr_fac73         0.0179        -0.00232          0.0419          0.0118          0.0459         0.00846          0.0122        -0.00886   
                   (0.22)         (-0.03)          (0.97)          (0.27)          (0.90)          (0.23)          (0.29)         (-0.20)   

stpr_fac74         -0.123         -0.0478         -0.0780         -0.0159          0.0645         -0.0374         -0.0543         -0.0486   
                  (-1.45)         (-0.68)         (-1.73)         (-0.35)          (1.21)         (-0.97)         (-1.23)         (-1.04)   

stpr_fac75         -0.140          0.0596         -0.0875        0.000451        -0.00163          0.0480         -0.0607          0.0241   
                  (-1.41)          (0.72)         (-1.65)          (0.01)         (-0.03)          (1.06)         (-1.17)          (0.44)   

stpr_fac76         0.0230         -0.0743          0.0240         -0.0735          0.0302         -0.0968        -0.00257          -0.122*  
                   (0.21)         (-0.83)          (0.41)         (-1.28)          (0.44)         (-1.95)         (-0.05)         (-2.04)   

stpr_fac77         0.0468          0.0416          0.0387         -0.0657          0.0395          0.0872          0.0591         -0.0145   
                   (0.43)          (0.46)          (0.66)         (-1.13)          (0.58)          (1.74)          (1.03)         (-0.24)   

stpr_fac78         -0.225**        -0.222***     0.000901         -0.0336          0.0269         0.00220         -0.0533          -0.133** 
                  (-2.81)         (-3.36)          (0.02)         (-0.79)          (0.54)          (0.06)         (-1.27)         (-3.01)   

stpr_fac79         -0.432***        0.244**       -0.0871          0.0536         -0.0556          0.0923          -0.220***        0.198** 
                  (-3.95)          (2.71)         (-1.50)          (0.93)         (-0.81)          (1.85)         (-3.85)          (3.29)   

stpr_fac80        -0.0583          0.0466         -0.0800         -0.0993*         -0.100*         0.0205         -0.0310         -0.0325   
                  (-0.73)          (0.70)         (-1.87)         (-2.34)         (-1.99)          (0.56)         (-0.74)         (-0.73)   

stpr_fac81          0.150*        -0.0445         -0.0668         -0.0505         -0.0155          0.0393          0.0661         -0.0214   
                   (2.04)         (-0.73)         (-1.70)         (-1.30)         (-0.34)          (1.17)          (1.72)         (-0.53)   

stpr_fac82         0.0449           0.180*        -0.0221          -0.131**       -0.0974          0.0394          0.0506          0.0965   
                   (0.49)          (2.37)         (-0.45)         (-2.69)         (-1.69)          (0.94)          (1.06)          (1.91)   

stpr_fac83         -0.175           0.237**        -0.111*          0.219***       -0.214***       0.0968*        -0.0722           0.137*  
                  (-1.71)          (2.80)         (-2.04)          (4.06)         (-3.34)          (2.07)         (-1.35)          (2.42)   

stpr_fac84         -0.310***       0.0153          -0.261***       0.0121          -0.192***       0.0719         -0.0761        -0.00444   
                  (-3.66)          (0.22)         (-5.79)          (0.27)         (-3.62)          (1.86)         (-1.72)         (-0.10)   

stpr_fac85         0.0271          0.0719          0.0183          0.0625          0.0373          0.0996*        0.00559         0.00636   
                   (0.32)          (1.01)          (0.40)          (1.37)          (0.69)          (2.53)          (0.12)          (0.13)   

stpr_fac86        -0.0347        -0.00923         0.00792         -0.0644         -0.0176         -0.0375          0.0278         -0.0540   
                  (-0.42)         (-0.13)          (0.18)         (-1.46)         (-0.34)         (-0.98)          (0.64)         (-1.17)   

stpr_fac87       -0.00400        -0.00859          0.0261        -0.00805       0.0000720         -0.0319          0.0216        -0.00197   
                  (-0.05)         (-0.13)          (0.61)         (-0.19)          (0.00)         (-0.86)          (0.51)         (-0.04)   

stpr_fac88        0.00520          0.0710          0.0304          0.0424          0.0457         -0.0189          0.0238          0.0349   
                   (0.07)          (1.18)          (0.78)          (1.10)          (1.00)         (-0.57)          (0.62)          (0.87)   

stpr_fac89        -0.0177          0.0242         -0.0323          0.0230       -0.000365          0.0459        -0.00508          0.0391   
                  (-0.24)          (0.40)         (-0.82)          (0.59)         (-0.01)          (1.36)         (-0.13)          (0.96)   

stpr_fac90        -0.0949          0.0362         -0.0906          0.0243         -0.0117          0.0106         -0.0605       -0.000447   
                  (-1.09)          (0.50)         (-1.95)          (0.53)         (-0.21)          (0.27)         (-1.33)         (-0.01)   

stpr_fac91        0.00165        -0.00421        0.000419          0.0205          0.0132         -0.0285         -0.0111          0.0171   
                   (0.02)         (-0.07)          (0.01)          (0.55)          (0.30)         (-0.88)         (-0.30)          (0.44)   

stpr_fac92        -0.0314         -0.0312         -0.0179         -0.0160        -0.00653         -0.0270         -0.0302         -0.0152   
                  (-0.43)         (-0.51)         (-0.46)         (-0.41)         (-0.14)         (-0.80)         (-0.79)         (-0.38)   

stpr_fac93        -0.0221          0.0782         -0.0356          0.0595         -0.0366         0.00748         -0.0900*        -0.0151   
                  (-0.29)          (1.22)         (-0.86)          (1.45)         (-0.75)          (0.21)         (-2.22)         (-0.35)   

stpr_fac94        -0.0275          0.0511         -0.0621          0.0202         -0.0349         0.00584         -0.0165          0.0509   
                  (-0.37)          (0.84)         (-1.59)          (0.52)         (-0.76)          (0.17)         (-0.43)          (1.26)   

stpr_fac95        -0.0306         -0.0657         -0.0374         -0.0515        -0.00682        -0.00305         -0.0265         -0.0541   
                  (-0.37)         (-0.95)         (-0.84)         (-1.17)         (-0.13)         (-0.08)         (-0.61)         (-1.18)   

stpr_fac96         0.0673        -0.00948          0.0300          0.0176         0.00451          0.0179          0.0199        -0.00121   
                   (0.80)         (-0.14)          (0.67)          (0.39)          (0.09)          (0.47)          (0.45)         (-0.03)   

stpr_fac97        0.00630        -0.00956        -0.00668       -0.000806         -0.0130          0.0578          0.0327        -0.00465   
                   (0.09)         (-0.16)         (-0.17)         (-0.02)         (-0.28)          (1.73)          (0.86)         (-0.12)   

stpr_fac98        -0.0626          0.0378         -0.0251         -0.0608          0.0266         -0.0306         -0.0534          0.0121   
                  (-0.81)          (0.59)         (-0.61)         (-1.49)          (0.55)         (-0.87)         (-1.33)          (0.29)   

stpr_fac99         0.0194          0.0385         0.00610          0.0658         0.00804          0.0597        -0.00414          0.0648   
                   (0.20)          (0.48)          (0.12)          (1.27)          (0.13)          (1.33)         (-0.08)          (1.20)   

stpr_fac100        0.0191         -0.0285         0.00133         -0.0497         -0.0811        -0.00271          0.0131        -0.00583   
                   (0.22)         (-0.40)          (0.03)         (-1.10)         (-1.52)         (-0.07)          (0.29)         (-0.12)   

stpr_fac101       -0.0921          0.0278         -0.0631         0.00890          -0.123*         0.0456         -0.0948        -0.00107   
                  (-0.94)          (0.35)         (-1.22)          (0.17)         (-2.02)          (1.02)         (-1.86)         (-0.02)   

stpr_fac102       -0.0374         -0.0870          0.0387         -0.0754         -0.0886         -0.0827          -0.104         -0.0899   
                  (-0.35)         (-0.97)          (0.67)         (-1.32)         (-1.31)         (-1.68)         (-1.85)         (-1.51)   

stpr_fac103        0.0418        -0.00674          0.0575          0.0746          0.0484         -0.0211          0.0282          0.0355   
                   (0.39)         (-0.08)          (1.02)          (1.33)          (0.73)         (-0.43)          (0.51)          (0.61)   

_cons              0.0143        -0.00615          0.0116         -0.0106          0.0124         -0.0218         0.00651        -0.00116   
                   (0.23)         (-0.12)          (0.35)         (-0.32)          (0.32)         (-0.76)          (0.20)         (-0.03)   
--------------------------------------------------------------------------------------------------------------------------------------------
N                    1211            1211            1211            1211            1211            1211            1211            1211   
R-sq                0.247           0.237           0.284           0.318           0.229           0.254           0.248           0.237   
--------------------------------------------------------------------------------------------------------------------------------------------
t statistics in parentheses
* p<0.05, ** p<0.01, *** p<0.001
