--------------------------------------------------------------------------------------------------------------------------------------------
                      (1)             (2)             (3)             (4)             (5)             (6)             (7)             (8)   
             aginc_back~d    aginc_pred~t    nfincome_b~d    nfincome_p~t    output_bac~d    output_pre~t    percapinc_~d    percapinc_~t   
--------------------------------------------------------------------------------------------------------------------------------------------
lnne99diff~e      0.00328         -0.0734         -0.0207         -0.0211          0.0861          -0.145*        -0.0128        -0.00662   
                   (0.04)         (-0.79)         (-0.34)         (-0.40)          (1.27)         (-2.34)         (-0.24)         (-0.12)   

stpr_fac1         -0.0678          -0.191*        -0.0769          -0.142***       0.0889          -0.116*        -0.0473         -0.0632   
                  (-0.92)         (-2.56)         (-1.58)         (-3.34)          (1.63)         (-2.34)         (-1.12)         (-1.38)   

stpr_fac2         -0.0823         -0.0693         -0.0417         -0.0428          0.0446         -0.0806         -0.0628        -0.00586   
                  (-1.31)         (-1.09)         (-1.00)         (-1.18)          (0.96)         (-1.90)         (-1.74)         (-0.15)   

stpr_fac3         -0.0780         -0.0825         -0.0403         -0.0463         -0.0113        -0.00483         -0.0213         -0.0355   
                  (-1.06)         (-1.11)         (-0.82)         (-1.09)         (-0.21)         (-0.10)         (-0.50)         (-0.77)   

stpr_fac4         -0.0288         0.00592         -0.0412         0.00983         -0.0392         -0.0757         -0.0369         0.00169   
                  (-0.41)          (0.08)         (-0.89)          (0.24)         (-0.76)         (-1.60)         (-0.92)          (0.04)   

stpr_fac5           0.144          -0.104          0.0955         -0.0242          0.0837          -0.178***      -0.0335          0.0189   
                   (1.83)         (-1.31)          (1.82)         (-0.53)          (1.43)         (-3.33)         (-0.74)          (0.38)   

stpr_fac6           0.103          0.0607          0.0270          0.0286          0.0596          0.0990         0.00533         -0.0144   
                   (0.94)          (0.55)          (0.37)          (0.45)          (0.74)          (1.34)          (0.09)         (-0.21)   

stpr_fac7           0.109         0.00781          0.0145          0.0585          0.0833          0.0122          0.0951*         0.0310   
                   (1.48)          (0.10)          (0.30)          (1.38)          (1.53)          (0.25)          (2.25)          (0.67)   

stpr_fac8          0.0460          0.0550          0.0310          0.0805          0.0489         -0.0118         -0.0110         0.00858   
                   (0.62)          (0.73)          (0.63)          (1.86)          (0.88)         (-0.23)         (-0.26)          (0.18)   

stpr_fac9         0.00989         -0.0674         0.00449         -0.0360          0.0463         -0.0181          0.0497          0.0113   
                   (0.16)         (-1.06)          (0.11)         (-0.99)          (0.99)         (-0.42)          (1.37)          (0.29)   

stpr_fac10        -0.0106          -0.101         -0.0338         -0.0642          0.0352          0.0332          0.0640         -0.0104   
                  (-0.15)         (-1.41)         (-0.72)         (-1.57)          (0.67)          (0.69)          (1.57)         (-0.23)   

stpr_fac11       -0.00654         -0.0928         -0.0173         -0.0462          0.0329         -0.0768         -0.0291         -0.0436   
                  (-0.09)         (-1.30)         (-0.37)         (-1.14)          (0.63)         (-1.61)         (-0.72)         (-0.99)   

stpr_fac12         0.0923         -0.0335          0.0466         -0.0286           0.114*        -0.0912          0.0175         -0.0644   
                   (1.33)         (-0.48)          (1.01)         (-0.72)          (2.22)         (-1.95)          (0.44)         (-1.49)   

stpr_fac13         -0.163         -0.0683          -0.120*        -0.0540          0.0163         -0.0116         -0.0535          0.0703   
                  (-1.86)         (-0.77)         (-2.07)         (-1.07)          (0.25)         (-0.20)         (-1.07)          (1.29)   

o.stpr_fac14            0               0               0               0               0               0               0               0   
                      (.)             (.)             (.)             (.)             (.)             (.)             (.)             (.)   

stpr_fac15        -0.0693          0.0611         -0.0338         -0.0241         -0.0488           0.213***       0.0208         0.00475   
                  (-0.89)          (0.77)         (-0.65)         (-0.53)         (-0.84)          (4.02)          (0.46)          (0.10)   

stpr_fac16        -0.0478          -0.100         -0.0515         -0.0140         -0.0433          0.0259        0.000740         0.00171   
                  (-0.59)         (-1.23)         (-0.96)         (-0.30)         (-0.73)          (0.48)          (0.02)          (0.03)   

stpr_fac17          0.214*          0.299***        0.117*         0.0304          0.0749          0.0801           0.119*          0.159** 
                   (2.57)          (3.55)          (2.12)          (0.63)          (1.22)          (1.42)          (2.50)          (3.06)   

stpr_fac18          0.200*        -0.0989          0.0780         -0.0435         -0.0694          0.0379          0.0720          -0.127*  
                   (2.21)         (-1.08)          (1.30)         (-0.83)         (-1.04)          (0.62)          (1.39)         (-2.26)   

stpr_fac19         0.0771         -0.0327          0.0753         -0.0497          0.0173         -0.0158         0.00484         -0.0543   
                   (0.99)         (-0.42)          (1.46)         (-1.11)          (0.30)         (-0.30)          (0.11)         (-1.12)   

stpr_fac20         0.0682          0.0861          0.0814          0.0518          0.0229          0.0787        -0.00247        -0.00338   
                   (1.00)          (1.25)          (1.80)          (1.31)          (0.45)          (1.71)         (-0.06)         (-0.08)   

stpr_fac21          0.119           0.108           0.104        -0.00957         -0.0686          0.0871        -0.00196         -0.0263   
                   (1.14)          (1.02)          (1.50)         (-0.16)         (-0.88)          (1.23)         (-0.03)         (-0.40)   

stpr_fac22        0.00243         -0.0423          0.0127         -0.0169          0.0233         -0.0780         -0.0176         -0.0493   
                   (0.03)         (-0.55)          (0.25)         (-0.39)          (0.42)         (-1.53)         (-0.41)         (-1.05)   

stpr_fac23         0.0501         -0.0587          0.0420         -0.0300          0.0601          0.0342          0.0343         -0.0147   
                   (0.57)         (-0.66)          (0.72)         (-0.59)          (0.93)          (0.58)          (0.68)         (-0.27)   

stpr_fac24        -0.0484         -0.0545         -0.0276         -0.0471         -0.0438         -0.0134         -0.0399         -0.0659   
                  (-0.51)         (-0.57)         (-0.44)         (-0.87)         (-0.63)         (-0.21)         (-0.74)         (-1.12)   

stpr_fac25         0.0132         -0.0152          0.0431         -0.0165          0.0283         -0.0289         -0.0227         -0.0532   
                   (0.19)         (-0.22)          (0.94)         (-0.41)          (0.55)         (-0.62)         (-0.57)         (-1.23)   

stpr_fac26         0.0608         -0.0474          0.0458         -0.0199          0.0520          0.0362        -0.00271         -0.0290   
                   (0.57)         (-0.44)          (0.65)         (-0.33)          (0.66)          (0.51)         (-0.04)         (-0.44)   

stpr_fac27        -0.0759          0.0319         -0.0373          0.0447         -0.0655          0.0747         -0.0760          0.0368   
                  (-0.69)          (0.29)         (-0.51)          (0.70)         (-0.80)          (1.00)         (-1.20)          (0.53)   

stpr_fac28         0.0436        0.000345          0.0368          0.0459          0.0511          0.0258          0.0399        -0.00100   
                   (0.69)          (0.01)          (0.88)          (1.25)          (1.09)          (0.60)          (1.10)         (-0.03)   

stpr_fac29         0.0220          0.0489          0.0547          0.0343          0.0415         -0.0418         -0.0328          0.0358   
                   (0.30)          (0.66)          (1.13)          (0.81)          (0.77)         (-0.84)         (-0.78)          (0.78)   

stpr_fac30        -0.0159          0.0348         0.00427         0.00757          0.0254          0.0191         -0.0251        -0.00946   
                  (-0.25)          (0.53)          (0.10)          (0.20)          (0.53)          (0.44)         (-0.68)         (-0.23)   

stpr_fac31        0.00973        -0.00364          0.0339          0.0319          0.0117         -0.0318         -0.0238         -0.0349   
                   (0.14)         (-0.05)          (0.74)          (0.80)          (0.23)         (-0.68)         (-0.60)         (-0.81)   

stpr_fac32        -0.0581          -0.145        -0.00547         -0.0910         -0.0381         -0.0154         -0.0243         -0.0783   
                  (-0.69)         (-1.71)         (-0.10)         (-1.87)         (-0.61)         (-0.27)         (-0.50)         (-1.49)   

stpr_fac33          0.117           0.158           0.111*         0.0408         -0.0413          0.0143           0.122*        0.00345   
                   (1.40)          (1.87)          (2.00)          (0.84)         (-0.67)          (0.25)          (2.54)          (0.07)   

stpr_fac34          0.152*         0.0149          0.0785          0.0569         -0.0294         -0.0758          0.0687        -0.00392   
                   (2.22)          (0.22)          (1.74)          (1.44)         (-0.58)         (-1.64)          (1.75)         (-0.09)   

stpr_fac35         0.0439         -0.0815       -0.000172          -0.104*         0.0730         -0.0291          0.0421        -0.00296   
                   (0.60)         (-1.09)         (-0.00)         (-2.44)          (1.34)         (-0.58)          (1.00)         (-0.06)   

stpr_fac36        -0.0181         -0.0677         0.00199        0.000990        0.000963          -0.100*        -0.0389          0.0147   
                  (-0.25)         (-0.93)          (0.04)          (0.02)          (0.02)         (-2.06)         (-0.94)          (0.33)   

stpr_fac37         -0.143         -0.0904          -0.153**        -0.108*        -0.0747         -0.0567          -0.122*         -0.104*  
                  (-1.68)         (-1.05)         (-2.71)         (-2.19)         (-1.19)         (-0.99)         (-2.50)         (-1.97)   

stpr_fac38        -0.0861         0.00556         -0.0101         -0.0119         -0.0170         -0.0135         -0.0448        -0.00655   
                  (-1.32)          (0.08)         (-0.23)         (-0.32)         (-0.35)         (-0.31)         (-1.20)         (-0.16)   

stpr_fac39       -0.00761        -0.00690          0.0176         -0.0409        0.000955          0.0704        -0.00155         -0.0318   
                  (-0.10)         (-0.09)          (0.34)         (-0.92)          (0.02)          (1.35)         (-0.03)         (-0.66)   

stpr_fac40        -0.0761         -0.0282         -0.0720         -0.0244         -0.0852          0.0905         -0.0201        -0.00867   
                  (-1.04)         (-0.38)         (-1.49)         (-0.58)         (-1.58)          (1.84)         (-0.48)         (-0.19)   

stpr_fac41        -0.0337         -0.0631         -0.0338         -0.0253         -0.0188          0.0183         0.00349         -0.0208   
                  (-0.55)         (-1.02)         (-0.83)         (-0.72)         (-0.41)          (0.44)          (0.10)         (-0.55)   

stpr_fac42       -0.00429         -0.0869          0.0295         -0.0463         -0.0529         -0.0206        -0.00975         -0.0753   
                  (-0.06)         (-1.27)          (0.66)         (-1.18)         (-1.05)         (-0.45)         (-0.25)         (-1.78)   

stpr_fac43         0.0251         -0.0482         0.00646         -0.0371           0.107*       -0.00481          0.0326         -0.0137   
                   (0.41)         (-0.79)          (0.16)         (-1.06)          (2.38)         (-0.12)          (0.94)         (-0.36)   

stpr_fac44       -0.00249         -0.0100          0.0242         -0.0118          0.0875         -0.0138         -0.0338         -0.0175   
                  (-0.04)         (-0.15)          (0.54)         (-0.30)          (1.73)         (-0.30)         (-0.86)         (-0.41)   

stpr_fac45         0.0150        -0.00626          0.0240          0.0115          0.0524         -0.0141         -0.0232         0.00841   
                   (0.25)         (-0.10)          (0.60)          (0.33)          (1.17)         (-0.35)         (-0.67)          (0.22)   

stpr_fac46        -0.0519         -0.0865         -0.0247         -0.0639          0.0802         -0.0968*        -0.0634         -0.0347   
                  (-0.73)         (-1.20)         (-0.52)         (-1.55)          (1.52)         (-2.01)         (-1.55)         (-0.78)   

stpr_fac47         0.0164          -0.107          0.0279         -0.0656          0.0309          -0.123**       0.00488         -0.0365   
                   (0.26)         (-1.68)          (0.67)         (-1.81)          (0.67)         (-2.91)          (0.14)         (-0.93)   

stpr_fac48       -0.00949         -0.0567         -0.0216         -0.0728         0.00950         -0.0569         -0.0113        -0.00358   
                  (-0.15)         (-0.87)         (-0.51)         (-1.95)          (0.20)         (-1.30)         (-0.31)         (-0.09)   

stpr_fac49         -0.206**      -0.00808          -0.195***       -0.191***       -0.135*         0.0253         -0.0403          0.0190   
                  (-2.72)         (-0.11)         (-3.86)         (-4.35)         (-2.40)          (0.49)         (-0.93)          (0.40)   

stpr_fac50        -0.0529         -0.0578          0.0301         -0.0612          0.0605         -0.0572         -0.0246         -0.0117   
                  (-0.66)         (-0.72)          (0.57)         (-1.32)          (1.02)         (-1.06)         (-0.54)         (-0.23)   

stpr_fac51        -0.0434         -0.0617         -0.0284         -0.0370         -0.0254         0.00806         -0.0286         -0.0273   
                  (-0.71)         (-0.99)         (-0.70)         (-1.04)         (-0.56)          (0.19)         (-0.81)         (-0.71)   

stpr_fac52        -0.0422          -0.211***      -0.0387         -0.0359          -0.125**        0.0457         -0.0570          -0.126** 
                  (-0.69)         (-3.40)         (-0.95)         (-1.01)         (-2.74)          (1.10)         (-1.62)         (-3.30)   

stpr_fac53        -0.0650          0.0352        -0.00723         -0.0486          0.0115         0.00931         -0.0426         -0.0142   
                  (-1.01)          (0.54)         (-0.17)         (-1.31)          (0.24)          (0.21)         (-1.16)         (-0.35)   

stpr_fac54        0.00135          -0.174*         0.0129          -0.182***       0.0719          -0.160**       -0.0585          -0.100*  
                   (0.02)         (-2.20)          (0.25)         (-4.02)          (1.24)         (-3.02)         (-1.30)         (-2.05)   

stpr_fac55        -0.0722         -0.0330         -0.0248        -0.00266          0.0635         -0.0541         -0.0528         -0.0105   
                  (-1.14)         (-0.52)         (-0.59)         (-0.07)          (1.36)         (-1.27)         (-1.46)         (-0.27)   

stpr_fac56        -0.0148         -0.0388         -0.0159         -0.0666*         0.0524         -0.0709         0.00623        -0.00246   
                  (-0.26)         (-0.66)         (-0.41)         (-1.99)          (1.22)         (-1.81)          (0.19)         (-0.07)   

stpr_fac57       -0.00819          -0.144        -0.00453          -0.101*         0.0742          -0.146*        -0.0243         -0.0287   
                  (-0.09)         (-1.63)         (-0.08)         (-1.99)          (1.15)         (-2.47)         (-0.49)         (-0.53)   

stpr_fac58         0.0262          0.0707          0.0541         0.00925         -0.0403          0.0161          0.0170         -0.0296   
                   (0.29)          (0.77)          (0.90)          (0.18)         (-0.60)          (0.26)          (0.33)         (-0.52)   

stpr_fac59        -0.0525         -0.0370         -0.0583         0.00244          0.0146          0.0161         -0.0629         -0.0197   
                  (-0.78)         (-0.54)         (-1.31)          (0.06)          (0.29)          (0.35)         (-1.63)         (-0.47)   

stpr_fac60        -0.0858          0.0181         -0.0570         0.00693          0.0527         -0.0461         -0.0662          0.0135   
                  (-1.11)          (0.23)         (-1.11)          (0.15)          (0.92)         (-0.88)         (-1.49)          (0.28)   

stpr_fac61        -0.0446         -0.0446        -0.00456         -0.0266         -0.0118         -0.0747        -0.00505         -0.0235   
                  (-0.56)         (-0.55)         (-0.09)         (-0.57)         (-0.20)         (-1.37)         (-0.11)         (-0.47)   

stpr_fac62        -0.0188          0.0966          0.0194          0.0779         -0.0102          0.0985*        -0.0146          0.0452   
                  (-0.27)          (1.37)          (0.42)          (1.93)         (-0.20)          (2.09)         (-0.36)          (1.04)   

stpr_fac63         -0.175*        -0.0777          -0.139**       -0.0626          -0.119*         0.0377         -0.0168          0.0330   
                  (-2.41)         (-1.06)         (-2.88)         (-1.49)         (-2.21)          (0.77)         (-0.40)          (0.73)   

stpr_fac64        -0.0858        -0.00832         -0.0325         -0.0177         -0.0472          0.0597        -0.00832          0.0203   
                  (-0.80)         (-0.08)         (-0.46)         (-0.29)         (-0.59)          (0.82)         (-0.13)          (0.30)   

stpr_fac65        -0.0594         -0.0354         -0.0260         -0.0347         -0.0345        0.000719         -0.0192         -0.0109   
                  (-0.72)         (-0.42)         (-0.47)         (-0.73)         (-0.56)          (0.01)         (-0.41)         (-0.21)   

stpr_fac66        0.00903         -0.0223          0.0280         -0.0145          0.0151          0.0540          0.0270          0.0267   
                   (0.09)         (-0.21)          (0.41)         (-0.24)          (0.20)          (0.77)          (0.46)          (0.41)   

stpr_fac67         0.0472         -0.0118          0.0547         -0.0336         -0.0123          0.0471          0.0205         -0.0384   
                   (0.46)         (-0.11)          (0.81)         (-0.57)         (-0.16)          (0.68)          (0.35)         (-0.61)   

o.stpr_fac68            0               0               0               0               0               0               0               0   
                      (.)             (.)             (.)             (.)             (.)             (.)             (.)             (.)   

stpr_fac69         0.0791         -0.0405          0.0513         -0.0109          0.0311         -0.0392          0.0273         -0.0384   
                   (1.00)         (-0.51)          (0.98)         (-0.24)          (0.53)         (-0.74)          (0.60)         (-0.78)   

stpr_fac70         -0.105         -0.0625         -0.0917         -0.0581          0.0286         -0.0985*        -0.0705         -0.0291   
                  (-1.48)         (-0.88)         (-1.96)         (-1.42)          (0.55)         (-2.07)         (-1.74)         (-0.66)   

stpr_fac71          0.216*          0.144          0.0269          0.0110         -0.0523          0.0851           0.137*         0.0757   
                   (2.24)          (1.47)          (0.42)          (0.20)         (-0.73)          (1.30)          (2.47)          (1.26)   

stpr_fac72         0.0287          0.0441         -0.0235         -0.0762         -0.0183          0.0268          0.0380          0.0359   
                   (0.33)          (0.49)         (-0.40)         (-1.49)         (-0.28)          (0.45)          (0.75)          (0.65)   

stpr_fac73        -0.0126         -0.0101          0.0351         0.00389          0.0527          0.0253        -0.00725         -0.0116   
                  (-0.18)         (-0.15)          (0.77)          (0.10)          (1.04)          (0.55)         (-0.19)         (-0.27)   

stpr_fac74        -0.0786          -0.157         -0.0709         -0.0663          0.0737         -0.0887         -0.0558         -0.0601   
                  (-0.92)         (-1.83)         (-1.26)         (-1.35)          (1.17)         (-1.54)         (-1.14)         (-1.13)   

stpr_fac75         -0.149          -0.105         -0.0644         -0.0751         -0.0111         -0.0875          -0.106*        -0.0560   
                  (-1.75)         (-1.23)         (-1.14)         (-1.53)         (-0.18)         (-1.52)         (-2.18)         (-1.06)   

stpr_fac76          0.160         -0.0171          0.0651         -0.0303           0.120         -0.0639          0.0469         -0.0506   
                   (1.70)         (-0.18)          (1.04)         (-0.56)          (1.72)         (-1.00)          (0.87)         (-0.86)   

stpr_fac77          0.211*         0.0326          0.0900         -0.0672           0.119         -0.0326           0.104*         0.0102   
                   (2.29)          (0.35)          (1.48)         (-1.27)          (1.75)         (-0.53)          (1.98)          (0.18)   

stpr_fac78          0.106          -0.102          0.0252        -0.00730          0.0984*        -0.0142          0.0554         -0.0235   
                   (1.60)         (-1.52)          (0.57)         (-0.19)          (2.00)         (-0.32)          (1.45)         (-0.57)   

stpr_fac79         0.0442          -0.479***      -0.0637        -0.00702          0.0711         -0.0124         -0.0845          -0.203***
                   (0.48)         (-5.19)         (-1.05)         (-0.13)          (1.05)         (-0.20)         (-1.61)         (-3.55)   

stpr_fac80        -0.0112          -0.120         -0.0922*        -0.0729         -0.0234          -0.117**       -0.0437         -0.0596   
                  (-0.17)         (-1.80)         (-2.11)         (-1.91)         (-0.48)         (-2.62)         (-1.16)         (-1.45)   

stpr_fac81       -0.00448           0.121         -0.0187          -0.119**       -0.0102         -0.0101          0.0179          0.0212   
                  (-0.07)          (1.73)         (-0.41)         (-3.00)         (-0.20)         (-0.22)          (0.45)          (0.49)   

stpr_fac82        -0.0589           0.294***      -0.0433         -0.0646          0.0164         -0.0802         -0.0404           0.206***
                  (-0.74)          (3.65)         (-0.82)         (-1.40)          (0.28)         (-1.49)         (-0.88)          (4.14)   

stpr_fac83          0.173*        -0.0799          0.0951          0.0638          0.0913          -0.146**       0.00836         0.00229   
                   (2.08)         (-0.95)          (1.72)          (1.32)          (1.48)         (-2.58)          (0.17)          (0.04)   

stpr_fac84         -0.279***       -0.187**        -0.174***       -0.105**         0.151**        -0.216***       -0.118**        0.0151   
                  (-4.02)         (-2.67)         (-3.77)         (-2.60)          (2.94)         (-4.59)         (-2.97)          (0.35)   

stpr_fac85         0.0409          0.0306       -0.000709          0.0323          0.0494          0.0611         -0.0213        -0.00242   
                   (0.54)          (0.40)         (-0.01)          (0.74)          (0.89)          (1.20)         (-0.49)         (-0.05)   

stpr_fac86        -0.0171         -0.0470        0.000466         -0.0387          0.0366         -0.0558         -0.0161         -0.0163   
                  (-0.24)         (-0.64)          (0.01)         (-0.92)          (0.68)         (-1.13)         (-0.39)         (-0.36)   

stpr_fac87        -0.0146         -0.0140          0.0166        0.000395          0.0300         -0.0142         0.00906        -0.00752   
                  (-0.20)         (-0.19)          (0.34)          (0.01)          (0.55)         (-0.29)          (0.22)         (-0.16)   

stpr_fac88        -0.0734           0.140*        -0.0412          0.0867*         -0.105*         0.0451         -0.0507          0.0812*  
                  (-1.22)          (2.31)         (-1.04)          (2.50)         (-2.36)          (1.11)         (-1.47)          (2.17)   

stpr_fac89        -0.0833        -0.00860         -0.0432         -0.0209         -0.0177          0.0291         -0.0117        -0.00222   
                  (-1.27)         (-0.13)         (-0.99)         (-0.55)         (-0.36)          (0.65)         (-0.31)         (-0.05)   

stpr_fac90         -0.151*        -0.0491          -0.138**       -0.0284         -0.0338         -0.0281         -0.0894*        -0.0227   
                  (-2.11)         (-0.68)         (-2.91)         (-0.69)         (-0.64)         (-0.58)         (-2.18)         (-0.51)   

stpr_fac91        0.00635         -0.0573          0.0495         -0.0207          0.0201         -0.0236          0.0185         -0.0412   
                   (0.10)         (-0.91)          (1.20)         (-0.57)          (0.44)         (-0.56)          (0.52)         (-1.06)   

stpr_fac92         0.0203          -0.125*         0.0431         -0.0674          0.0277         -0.0689          0.0284         -0.0799*  
                   (0.33)         (-2.00)          (1.05)         (-1.88)          (0.61)         (-1.65)          (0.80)         (-2.07)   

stpr_fac93         0.0876         -0.0335           0.102*        -0.0280           0.110*         -0.113**        0.0637         -0.0984*  
                   (1.40)         (-0.53)          (2.47)         (-0.78)          (2.39)         (-2.67)          (1.78)         (-2.53)   

stpr_fac94         -0.178**        -0.109        -0.00212         -0.0479          0.0430         -0.0399          -0.124***      -0.0388   
                  (-2.87)         (-1.74)         (-0.05)         (-1.34)          (0.94)         (-0.95)         (-3.48)         (-1.01)   

stpr_fac95        -0.0597         -0.0349         -0.0229         -0.0416         -0.0229         0.00949         -0.0398         -0.0336   
                  (-0.85)         (-0.49)         (-0.49)         (-1.03)         (-0.44)          (0.20)         (-0.99)         (-0.77)   

stpr_fac96         0.0560         -0.0132          0.0539         -0.0159         0.00697        0.000926          0.0267         -0.0331   
                   (0.67)         (-0.16)          (0.98)         (-0.33)          (0.11)          (0.02)          (0.56)         (-0.64)   

stpr_fac97        -0.0546        -0.00973         -0.0390          0.0136        -0.00437        -0.00577         -0.0333          0.0437   
                  (-0.92)         (-0.16)         (-0.99)          (0.40)         (-0.10)         (-0.14)         (-0.97)          (1.17)   

stpr_fac98        -0.0795          0.0187         0.00988         -0.0389          0.0383         -0.0495         -0.0350          0.0276   
                  (-1.30)          (0.30)          (0.24)         (-1.10)          (0.85)         (-1.20)         (-1.00)          (0.72)   

stpr_fac99          0.115         -0.0243          0.0945         -0.0330          0.0717          0.0125          0.0484         -0.0300   
                   (1.27)         (-0.26)          (1.57)         (-0.63)          (1.07)          (0.20)          (0.93)         (-0.53)   

stpr_fac100       -0.0478        -0.00333         -0.0370          0.0116         -0.0661         -0.0344         -0.0465         -0.0131   
                  (-0.66)         (-0.05)         (-0.77)          (0.28)         (-1.24)         (-0.71)         (-1.13)         (-0.29)   

stpr_fac101        0.0772          -0.140          0.0881         -0.0931*         0.0593          -0.123*         0.0303          -0.109*  
                   (1.02)         (-1.82)          (1.75)         (-2.12)          (1.06)         (-2.40)          (0.70)         (-2.30)   

stpr_fac102         0.163         -0.0655           0.128        -0.00155         -0.0727         -0.0685         -0.0688          -0.123   
                   (1.58)         (-0.63)          (1.87)         (-0.03)         (-0.95)         (-0.98)         (-1.16)         (-1.92)   

stpr_fac103        0.0204         0.00998          0.0634          0.0192         -0.0448          0.0779          0.0122         -0.0164   
                   (0.20)          (0.10)          (0.93)          (0.32)         (-0.59)          (1.12)          (0.21)         (-0.25)   

_cons             0.00680          0.0309        -0.00588          0.0200         -0.0319          0.0180          0.0111          0.0188   
                   (0.13)          (0.57)         (-0.16)          (0.64)         (-0.80)          (0.50)          (0.36)          (0.56)   
--------------------------------------------------------------------------------------------------------------------------------------------
N                    1211            1211            1211            1211            1211            1211            1211            1211   
R-sq                0.292           0.293           0.290           0.287           0.233           0.251           0.284           0.277   
--------------------------------------------------------------------------------------------------------------------------------------------
t statistics in parentheses
* p<0.05, ** p<0.01, *** p<0.001
