--------------------------------------------------------------------------------------------------------------------------------------------
                      (1)             (2)             (3)             (4)             (5)             (6)             (7)             (8)   
             avwage_bac~d    avwage_pre~t    pop_backward     pop_predict    wagebill_b~d    wagebill_p~t    wageemp_ba~d    wageemp_pr~t   
--------------------------------------------------------------------------------------------------------------------------------------------
lnpri04dif~e      -0.0402          0.0574         -0.0783        -0.00752         -0.0369           0.317         -0.0605           0.161   
                  (-0.52)          (0.75)         (-1.17)         (-0.12)         (-0.22)          (1.85)         (-0.46)          (1.24)   

stpr_fac1         -0.0743          0.0213         -0.0388       0.0000339          -0.202*        -0.0806          -0.151*        -0.0617   
                  (-1.86)          (0.54)         (-1.12)          (0.00)         (-2.35)         (-0.90)         (-2.21)         (-0.92)   

stpr_fac2         -0.0210        -0.00956          0.0138          0.0165         -0.0600          -0.157*        -0.0300         -0.0995   
                  (-0.61)         (-0.28)          (0.46)          (0.60)         (-0.81)         (-2.04)         (-0.51)         (-1.71)   

stpr_fac3         -0.0192         -0.0231        -0.00114         -0.0158          -0.140         -0.0840          -0.127*        -0.0530   
                  (-0.51)         (-0.62)         (-0.03)         (-0.53)         (-1.75)         (-1.01)         (-1.99)         (-0.84)   

stpr_fac4         -0.0212        -0.00703          0.0448          0.0591        -0.00881         0.00925          0.0240          0.0558   
                  (-0.52)         (-0.17)          (1.26)          (1.83)         (-0.10)          (0.10)          (0.34)          (0.81)   

stpr_fac5         -0.0889          0.0773         -0.0621         -0.0369          -0.206          0.0763          -0.148        -0.00356   
                  (-1.23)          (1.08)         (-0.99)         (-0.65)         (-1.33)          (0.48)         (-1.20)         (-0.03)   

stpr_fac6          0.0999          0.0516          0.0611         -0.0540          -0.156          -0.176          -0.176         -0.0806   
                   (1.59)          (0.83)          (1.12)         (-1.09)         (-1.16)         (-1.26)         (-1.65)         (-0.76)   

stpr_fac7          0.0115          0.0398         0.00391          0.0629         -0.0154          -0.179          0.0426         -0.0413   
                   (0.22)          (0.78)          (0.09)          (1.54)         (-0.14)         (-1.55)          (0.48)         (-0.48)   

stpr_fac8          0.0124         -0.0310           0.107**       -0.0245         -0.0807          -0.224*         -0.105          -0.102   
                   (0.28)         (-0.72)          (2.83)         (-0.71)         (-0.86)         (-2.31)         (-1.41)         (-1.39)   

stpr_fac9         -0.0168         -0.0306         -0.0174         -0.0279          0.0430          0.0720          0.0575           0.100   
                  (-0.39)         (-0.71)         (-0.46)         (-0.81)          (0.46)          (0.74)          (0.78)          (1.37)   

stpr_fac10         0.0172          0.0405         -0.0465         -0.0340          0.0216          0.0908         0.00348          0.0838   
                   (0.41)          (0.97)         (-1.27)         (-1.02)          (0.24)          (0.97)          (0.05)          (1.19)   

stpr_fac11         0.0203          0.0252          0.0408         0.00947          0.0253         -0.0673          0.0255        -0.00381   
                   (0.59)          (0.73)          (1.35)          (0.34)          (0.34)         (-0.87)          (0.43)         (-0.07)   

stpr_fac12         0.0207         0.00109          0.0895**        0.0600*        -0.0694          -0.138         -0.0288          -0.117   
                   (0.54)          (0.03)          (2.68)          (1.97)         (-0.84)         (-1.61)         (-0.44)         (-1.81)   

stpr_fac13         0.0602          0.0410         -0.0710         -0.0511      0.00000425          0.0503         -0.0461          0.0443   
                   (1.26)          (0.86)         (-1.70)         (-1.35)          (0.00)          (0.47)         (-0.56)          (0.55)   

stpr_fac14         0.0448         -0.0479          0.0491         0.00943          0.0162         -0.0825          0.0253          0.0130   
                   (0.84)         (-0.90)          (1.05)          (0.22)          (0.14)         (-0.69)          (0.28)          (0.14)   

stpr_fac15          0.122*         0.0391          0.0396        -0.00631           0.207*         -0.278**         0.149          -0.152   
                   (2.56)          (0.83)          (0.95)         (-0.17)          (2.03)         (-2.61)          (1.83)         (-1.90)   

stpr_fac16         0.0870          0.0464          0.0175        -0.00447          0.0384         -0.0826         -0.0516         -0.0591   
                   (1.93)          (1.04)          (0.45)         (-0.13)          (0.40)         (-0.82)         (-0.67)         (-0.78)   

stpr_fac17         0.0489         -0.0506          0.0519          0.0386          0.0411         -0.0833          0.0143        0.000996   
                   (1.26)         (-1.32)          (1.54)          (1.26)          (0.50)         (-0.97)          (0.22)          (0.02)   

stpr_fac18        -0.0373          0.0159          0.0552          0.0429          0.0214          0.0379         -0.0228          0.0135   
                  (-0.75)          (0.32)          (1.27)          (1.09)          (0.20)          (0.34)         (-0.27)          (0.16)   

stpr_fac19        0.00151          0.0151         0.00211         -0.0164          0.0442          0.0454          0.0334          0.0206   
                   (0.03)          (0.26)          (0.04)         (-0.36)          (0.36)          (0.35)          (0.34)          (0.21)   

stpr_fac20         0.0162          0.0267          0.0824*         0.0234          0.0871         -0.0198          0.0658         -0.0108   
                   (0.41)          (0.67)          (2.36)          (0.73)          (1.01)         (-0.22)          (0.96)         (-0.16)   

stpr_fac21       -0.00255         -0.0392          0.0538        -0.00649         0.00918         -0.0873          0.0135       -0.000840   
                  (-0.06)         (-0.86)          (1.35)         (-0.18)          (0.09)         (-0.85)          (0.17)         (-0.01)   

stpr_fac22       -0.00349         -0.0146          0.0767*         0.0277        -0.00879         -0.0552         -0.0138          0.0103   
                  (-0.08)         (-0.34)          (2.03)          (0.80)         (-0.09)         (-0.57)         (-0.19)          (0.14)   

stpr_fac23        0.00349         -0.0182         0.00136          0.0119          -0.107         -0.0300          0.0141         -0.0138   
                   (0.07)         (-0.35)          (0.03)          (0.29)         (-0.95)         (-0.26)          (0.16)         (-0.16)   

stpr_fac24        -0.0300        -0.00558          0.0445          0.0526         -0.0674        -0.00686         -0.0398          0.0387   
                  (-0.61)         (-0.11)          (1.04)          (1.35)         (-0.64)         (-0.06)         (-0.47)          (0.47)   

stpr_fac25        -0.0111         0.00430          0.0485          0.0609          0.0236          0.0442         0.00362          0.0509   
                  (-0.22)          (0.09)          (1.12)          (1.54)          (0.22)          (0.40)          (0.04)          (0.61)   

stpr_fac26         0.0400          0.0263         0.00396         0.00281          0.0471         -0.0146          0.0104          0.0191   
                   (0.55)          (0.36)          (0.06)          (0.05)          (0.30)         (-0.09)          (0.08)          (0.15)   

o.stpr_fac27            0               0               0               0               0               0               0               0   
                      (.)             (.)             (.)             (.)             (.)             (.)             (.)             (.)   

stpr_fac28         0.0269        -0.00360          0.0692*         0.0435          0.0670         -0.0939          0.0747         -0.0445   
                   (0.74)         (-0.10)          (2.20)          (1.51)          (0.86)         (-1.16)          (1.21)         (-0.73)   

stpr_fac29         0.0237         0.00964          0.0248         -0.0105           0.153         -0.0988           0.105         -0.0136   
                   (0.53)          (0.22)          (0.63)         (-0.29)          (1.59)         (-0.99)          (1.37)         (-0.18)   

stpr_fac30         0.0123        -0.00447          0.0500          0.0166           0.102         -0.0451          0.0910         0.00880   
                   (0.35)         (-0.13)          (1.63)          (0.59)          (1.35)         (-0.57)          (1.51)          (0.15)   

stpr_fac31         0.0153        -0.00243          0.0843*         0.0200          0.0674          -0.103          0.0487         -0.0685   
                   (0.35)         (-0.06)          (2.22)          (0.58)          (0.72)         (-1.06)          (0.65)         (-0.93)   

stpr_fac32        -0.0241          0.0128         -0.0351         -0.0135         -0.0162         0.00246         -0.0563          0.0321   
                  (-0.50)          (0.27)         (-0.84)         (-0.35)         (-0.16)          (0.02)         (-0.69)          (0.40)   

stpr_fac33        0.00974          0.0269           0.108*        -0.0230        -0.00112          0.0695         -0.0395          0.0136   
                   (0.18)          (0.50)          (2.30)         (-0.54)         (-0.01)          (0.58)         (-0.43)          (0.15)   

stpr_fac34        0.00639          0.0578          0.0724          0.0686          0.0702           0.138          0.0252          0.0621   
                   (0.12)          (1.06)          (1.51)          (1.57)          (0.59)          (1.12)          (0.27)          (0.67)   

stpr_fac35         0.0433         -0.0210         -0.0412         -0.0629         -0.0482          -0.250*         -0.148*         -0.118   
                   (0.99)         (-0.48)         (-1.08)         (-1.81)         (-0.51)         (-2.55)         (-1.97)         (-1.60)   

stpr_fac36        -0.0134        -0.00982        -0.00426        -0.00226         -0.0429         0.00466         -0.0927        -0.00794   
                  (-0.24)         (-0.18)         (-0.09)         (-0.05)         (-0.36)          (0.04)         (-0.97)         (-0.08)   

stpr_fac37        -0.0545          0.0133         0.00631         -0.0156          -0.109          -0.208          -0.122          -0.109   
                  (-1.14)          (0.28)          (0.15)         (-0.41)         (-1.06)         (-1.95)         (-1.49)         (-1.35)   

stpr_fac38        0.00539          0.0154          0.0567          0.0104           0.158         -0.0409           0.133*       -0.00235   
                   (0.14)          (0.40)          (1.69)          (0.34)          (1.91)         (-0.47)          (2.01)         (-0.04)   

stpr_fac39         0.0424          0.0119          0.0506        0.000647          0.0994          -0.102          0.0871         -0.0200   
                   (1.08)          (0.31)          (1.48)          (0.02)          (1.18)         (-1.16)          (1.30)         (-0.30)   

stpr_fac40         0.0264         -0.0411          0.0144         -0.0417           0.217**        -0.125           0.154*        -0.0377   
                   (0.68)         (-1.06)          (0.42)         (-1.35)          (2.60)         (-1.44)          (2.31)         (-0.58)   

stpr_fac41         0.0362         -0.0184          0.0356         -0.0160           0.148          -0.146           0.153*        -0.0445   
                   (0.92)         (-0.47)          (1.04)         (-0.52)          (1.76)         (-1.67)          (2.28)         (-0.67)   

stpr_fac42        -0.0327        -0.00462          0.0596          0.0187          0.0754          0.0112          0.0695          0.0280   
                  (-0.86)         (-0.12)          (1.79)          (0.62)          (0.92)          (0.13)          (1.07)          (0.44)   

stpr_fac43         0.0302         -0.0744         -0.0163         0.00780         -0.0318         -0.0967         -0.0979         -0.0804   
                   (0.65)         (-1.63)         (-0.41)          (0.21)         (-0.32)         (-0.94)         (-1.24)         (-1.04)   

stpr_fac44       -0.00395         -0.0148          0.0204          0.0469           0.131           0.228*         0.0757           0.212** 
                  (-0.08)         (-0.31)          (0.48)          (1.22)          (1.26)          (2.12)          (0.92)          (2.61)   

stpr_fac45        0.00915          0.0145          0.0217          0.0213          0.0501           0.159          0.0106           0.118   
                   (0.18)          (0.29)          (0.50)          (0.54)          (0.47)          (1.43)          (0.12)          (1.40)   

stpr_fac46       -0.00947         0.00266        0.000746         0.00114         -0.0914         -0.0690         -0.0639        -0.00518   
                  (-0.19)          (0.06)          (0.02)          (0.03)         (-0.88)         (-0.64)         (-0.77)         (-0.06)   

stpr_fac47       -0.00468         -0.0216          0.0237        -0.00869          0.0397          -0.150          0.0637         -0.0781   
                  (-0.13)         (-0.61)          (0.76)         (-0.30)          (0.51)         (-1.87)          (1.04)         (-1.29)   

stpr_fac48      -0.000737         -0.0109        -0.00737         -0.0156         -0.0237         -0.0796         -0.0551         -0.0486   
                  (-0.02)         (-0.28)         (-0.21)         (-0.50)         (-0.28)         (-0.90)         (-0.81)         (-0.73)   

stpr_fac49         0.0416          0.0915*         -0.110**        -0.138***      -0.0977          -0.196         -0.0869          -0.221** 
                   (0.93)          (2.05)         (-2.82)         (-3.89)         (-1.01)         (-1.95)         (-1.13)         (-2.93)   

stpr_fac50         0.0103          0.0237        -0.00899         0.00269          0.0730          0.0669          0.0650          0.0866   
                   (0.19)          (0.45)         (-0.19)          (0.06)          (0.64)          (0.56)          (0.72)          (0.97)   

stpr_fac51        0.00441          0.0166         -0.0141         -0.0162          0.0120         -0.0248         -0.0198          0.0175   
                   (0.10)          (0.39)         (-0.37)         (-0.47)          (0.13)         (-0.26)         (-0.27)          (0.24)   

stpr_fac52        -0.0392          0.0318         -0.0174          0.0115        0.000395          0.0839         -0.0458          0.0174   
                  (-0.82)          (0.67)         (-0.42)          (0.30)          (0.00)          (0.78)         (-0.56)          (0.22)   

stpr_fac53         0.0230        -0.00890          0.0214         -0.0171         0.00514         -0.0935         -0.0304         -0.0488   
                   (0.60)         (-0.23)          (0.64)         (-0.57)          (0.06)         (-1.10)         (-0.47)         (-0.76)   

stpr_fac54        -0.0430          0.0286          0.0105         -0.0518          -0.169          -0.201          -0.109          -0.124   
                  (-0.92)          (0.62)          (0.26)         (-1.40)         (-1.69)         (-1.92)         (-1.36)         (-1.57)   

stpr_fac55         0.0148          0.0144          0.0288          0.0184          0.0109         -0.0389        -0.00266         -0.0204   
                   (0.37)          (0.36)          (0.82)          (0.58)          (0.13)         (-0.43)         (-0.04)         (-0.30)   

stpr_fac56         0.0103          0.0439         0.00515         -0.0229         -0.0519         -0.0451         -0.0474         -0.0368   
                   (0.30)          (1.31)          (0.17)         (-0.86)         (-0.71)         (-0.60)         (-0.82)         (-0.65)   

o.stpr_fac57            0               0               0               0               0               0               0               0   
                      (.)             (.)             (.)             (.)             (.)             (.)             (.)             (.)   

stpr_fac58        -0.0213         -0.0638          0.0655          0.0153         -0.0384          0.0753        -0.00672          0.0119   
                  (-0.46)         (-1.39)          (1.63)          (0.42)         (-0.39)          (0.73)         (-0.09)          (0.15)   

stpr_fac59         0.0371          0.0655          0.0297          0.0376         -0.0161          0.0246         -0.0323         -0.0127   
                   (1.06)          (1.88)          (0.97)          (1.35)         (-0.21)          (0.31)         (-0.54)         (-0.22)   

stpr_fac60         0.0438          0.0292          0.0536         -0.0206          0.0592          -0.118          0.0422         -0.0937   
                   (1.19)          (0.80)          (1.68)         (-0.71)          (0.75)         (-1.44)          (0.67)         (-1.52)   

stpr_fac61      -0.000668         0.00945          0.0528        -0.00169         -0.0227          -0.263*       0.000371         -0.0515   
                  (-0.01)          (0.20)          (1.30)         (-0.05)         (-0.23)         (-2.52)          (0.00)         (-0.65)   

stpr_fac62         0.0511          0.0417          0.0402        0.000443           0.104          0.0563          0.0318          0.0296   
                   (1.17)          (0.96)          (1.05)          (0.01)          (1.11)          (0.57)          (0.42)          (0.40)   

stpr_fac63          0.113*        0.00593         -0.0433         -0.0498          0.0907          -0.225*         0.0524         -0.0985   
                   (2.54)          (0.13)         (-1.12)         (-1.42)          (0.95)         (-2.28)          (0.69)         (-1.32)   

stpr_fac64       -0.00633         -0.0441         -0.0293         -0.0480           0.110          0.0473          0.0580          0.0465   
                  (-0.15)         (-1.05)         (-0.79)         (-1.43)          (1.21)          (0.50)          (0.80)          (0.65)   

stpr_fac65        0.00691         -0.0164          0.0302          0.0140           0.152          -0.294**         0.151         -0.0953   
                   (0.15)         (-0.35)          (0.74)          (0.38)          (1.51)         (-2.82)          (1.90)         (-1.21)   

stpr_fac66        -0.0193        -0.00365         -0.0390         -0.0150         -0.0419         -0.0611          0.0452          0.0152   
                  (-0.30)         (-0.06)         (-0.71)         (-0.30)         (-0.31)         (-0.43)          (0.42)          (0.14)   

stpr_fac67      -0.000494         0.00247          0.0149          0.0450         0.00915         -0.0325       -0.000838         0.00305   
                  (-0.01)          (0.05)          (0.34)          (1.13)          (0.08)         (-0.29)         (-0.01)          (0.04)   

stpr_fac68        -0.0213         -0.0214          0.0265        -0.00196         -0.0481          -0.137         -0.0512         -0.0111   
                  (-0.40)         (-0.40)          (0.57)         (-0.05)         (-0.42)         (-1.14)         (-0.56)         (-0.12)   

stpr_fac69        0.00210         -0.0104          0.0473          0.0133         -0.0293         -0.0979         -0.0476         -0.0537   
                   (0.04)         (-0.21)          (1.10)          (0.34)         (-0.28)         (-0.88)         (-0.56)         (-0.64)   

stpr_fac70        -0.0137          0.0680        -0.00448          0.0232          0.0371          -0.173         -0.0173          -0.108   
                  (-0.32)          (1.60)         (-0.12)          (0.68)          (0.40)         (-1.81)         (-0.24)         (-1.49)   

stpr_fac71         0.0347         -0.0210          0.0353          0.0198          0.0321          -0.120         0.00512         -0.0948   
                   (0.90)         (-0.55)          (1.05)          (0.65)          (0.39)         (-1.40)          (0.08)         (-1.46)   

stpr_fac72        -0.0187        -0.00356        -0.00315         -0.0302         -0.0661          -0.167         -0.0241         -0.0898   
                  (-0.49)         (-0.09)         (-0.09)         (-1.00)         (-0.81)         (-1.96)         (-0.37)         (-1.40)   

stpr_fac73         0.0116         -0.0227          0.0474          0.0269          0.0502          -0.201*         0.0112         -0.0782   
                   (0.33)         (-0.64)          (1.53)          (0.95)          (0.66)         (-2.53)          (0.18)         (-1.30)   

stpr_fac74        -0.0114         -0.0136          0.0338          0.0302         -0.0219         -0.0806        -0.00834         -0.0273   
                  (-0.28)         (-0.34)          (0.97)          (0.94)         (-0.25)         (-0.90)         (-0.12)         (-0.40)   

stpr_fac75         -0.115*          0.102         0.00170         -0.0292          0.0218         -0.0130         -0.0359         -0.0946   
                  (-2.20)          (1.96)          (0.04)         (-0.70)          (0.19)         (-0.11)         (-0.40)         (-1.07)   

stpr_fac76        -0.0113         -0.0262          0.0650          0.0413          -0.174          -0.282*         -0.155          -0.198*  
                  (-0.21)         (-0.50)          (1.40)          (0.98)         (-1.52)         (-2.37)         (-1.70)         (-2.21)   

stpr_fac77         0.0137          0.0818         -0.0258         -0.0310           0.356**         0.113           0.296**        0.0632   
                   (0.23)          (1.40)         (-0.50)         (-0.66)          (2.81)          (0.86)          (2.94)          (0.64)   

stpr_fac78        -0.0227          -0.101**        0.0188         -0.0191          0.0367           0.144         -0.0241          0.0624   
                  (-0.58)         (-2.59)          (0.55)         (-0.61)          (0.43)          (1.64)         (-0.36)          (0.94)   

stpr_fac79         0.0561          0.0706         0.00242         -0.0497          0.0310         -0.0989        -0.00965          -0.119   
                   (1.04)          (1.32)          (0.05)         (-1.17)          (0.27)         (-0.82)         (-0.11)         (-1.32)   

stpr_fac80         0.0282         -0.0121          0.0235         -0.0629*        -0.0138          -0.201*        -0.0315          -0.121   
                   (0.74)         (-0.32)          (0.71)         (-2.08)         (-0.17)         (-2.36)         (-0.48)         (-1.88)   

stpr_fac81         0.0788*         0.0717*       -0.00255         -0.0466         -0.0248          -0.109         -0.0451         -0.0791   
                   (2.19)          (2.01)         (-0.08)         (-1.63)         (-0.32)         (-1.36)         (-0.74)         (-1.31)   

stpr_fac82         0.0375        -0.00497         -0.0138         -0.0987**        -0.110          -0.435***      -0.0542          -0.260***
                   (0.86)         (-0.12)         (-0.37)         (-2.86)         (-1.18)         (-4.48)         (-0.73)         (-3.55)   

stpr_fac83        -0.0452          0.0593          0.0390          0.0775           0.198           0.225           0.161           0.170   
                  (-0.82)          (1.08)          (0.81)          (1.76)          (1.67)          (1.82)          (1.70)          (1.82)   

stpr_fac84        -0.0851*        -0.0303         -0.0733*         0.0255         -0.0385          -0.137         -0.0681         -0.0706   
                  (-2.15)         (-0.77)         (-2.12)          (0.81)         (-0.45)         (-1.54)         (-1.00)         (-1.06)   

stpr_fac85         0.0343          0.0891          0.0346          0.0413          -0.131           0.192          -0.174           0.124   
                   (0.62)          (1.64)          (0.72)          (0.95)         (-1.11)          (1.57)         (-1.86)          (1.34)   

stpr_fac86        -0.0439        -0.00104         -0.0163        -0.00375         0.00582           0.173         -0.0546          0.0753   
                  (-0.85)         (-0.02)         (-0.36)         (-0.09)          (0.05)          (1.49)         (-0.62)          (0.86)   

stpr_fac87        -0.0265         -0.0160          0.0293         -0.0133        -0.00298       -0.000117         -0.0331         -0.0150   
                  (-0.65)         (-0.40)          (0.83)         (-0.41)         (-0.03)         (-0.00)         (-0.48)         (-0.22)   

stpr_fac88          0.116***     -0.00533          0.0833**       0.00844           0.188*         -0.193*          0.109         -0.0985   
                   (3.36)         (-0.16)          (2.77)          (0.31)          (2.53)         (-2.50)          (1.84)         (-1.69)   

stpr_fac89      -0.000313          0.0294          0.0287        -0.00928          0.0884         -0.0412          0.0366         -0.0343   
                  (-0.01)          (0.83)          (0.92)         (-0.33)          (1.15)         (-0.51)          (0.60)         (-0.57)   

stpr_fac90       -0.00149         -0.0293          0.0479          0.0196          0.0271          -0.121          0.0338         -0.0523   
                  (-0.03)         (-0.68)          (1.28)          (0.57)          (0.29)         (-1.25)          (0.46)         (-0.72)   

stpr_fac91        -0.0334         -0.0247          0.0458        -0.00223          0.0422          0.0771          0.0924          0.0814   
                  (-0.99)         (-0.73)          (1.55)         (-0.08)          (0.58)          (1.02)          (1.60)          (1.43)   

stpr_fac92        -0.0190         0.00500          0.0201       -0.000186         -0.0330         -0.0267         -0.0223         -0.0203   
                  (-0.50)          (0.13)          (0.61)         (-0.01)         (-0.40)         (-0.32)         (-0.34)         (-0.32)   

stpr_fac93        0.00137          0.0101           0.119***       0.0683*         0.0563          -0.138          0.0746         -0.0550   
                   (0.04)          (0.27)          (3.65)          (2.31)          (0.70)         (-1.66)          (1.17)         (-0.87)   

stpr_fac94         0.0169         -0.0556         0.00435         -0.0123          0.0108          -0.137          0.0384         -0.0311   
                   (0.45)         (-1.50)          (0.13)         (-0.42)          (0.13)         (-1.64)          (0.60)         (-0.50)   

stpr_fac95         0.0240         -0.0351          0.0199        -0.00356         -0.0172          -0.184         -0.0457          -0.111   
                   (0.56)         (-0.83)          (0.54)         (-0.11)         (-0.19)         (-1.93)         (-0.63)         (-1.54)   

stpr_fac96        -0.0121          0.0380          0.0450          0.0142          -0.131         -0.0340         -0.0593         -0.0449   
                  (-0.34)          (1.09)          (1.47)          (0.51)         (-1.73)         (-0.43)         (-0.99)         (-0.76)   

stpr_fac97         0.0248          0.0562         -0.0142         0.00563          0.0668          0.0678          0.0271          0.0292   
                   (0.59)          (1.35)         (-0.39)          (0.17)          (0.74)          (0.72)          (0.38)          (0.41)   

stpr_fac98         0.0273         -0.0465         0.00589        -0.00752          0.0340         -0.0985        -0.00205         0.00847   
                   (0.73)         (-1.25)          (0.18)         (-0.25)          (0.42)         (-1.18)         (-0.03)          (0.13)   

stpr_fac99         0.0170          0.0614          0.0282        0.000609        -0.00964          0.0813          0.0615          0.0721   
                   (0.44)          (1.59)          (0.83)          (0.02)         (-0.12)          (0.94)          (0.93)          (1.10)   

stpr_fac100        0.0218         -0.0823*         0.0816*        -0.0424          0.0941          -0.202*         0.0916         -0.0553   
                   (0.52)         (-1.97)          (2.23)         (-1.27)          (1.04)         (-2.15)          (1.28)         (-0.78)   

stpr_fac101       -0.0227        -0.00739          0.0738          0.0270         -0.0706          -0.156         -0.0835         -0.0522   
                  (-0.50)         (-0.16)          (1.87)          (0.75)         (-0.72)         (-1.53)         (-1.08)         (-0.68)   

stpr_fac102       -0.0408         -0.0195           0.110*        -0.0276          0.0273          -0.117          0.0783         -0.0581   
                  (-0.83)         (-0.40)          (2.57)         (-0.71)          (0.26)         (-1.06)          (0.93)         (-0.70)   

stpr_fac103       -0.0145          0.0117          0.0244          0.0124          0.0788           0.179          0.0818           0.124   
                  (-0.27)          (0.22)          (0.51)          (0.29)          (0.67)          (1.47)          (0.88)          (1.35)   

_cons            -0.00927        -0.00730         -0.0270        -0.00985         -0.0141          0.0507        -0.00656          0.0167   
                  (-0.28)         (-0.22)         (-0.94)         (-0.38)         (-0.20)          (0.69)         (-0.12)          (0.30)   
--------------------------------------------------------------------------------------------------------------------------------------------
N                    1211            1211            1211            1211            1211            1211            1211            1211   
R-sq                0.191           0.213           0.230           0.219           0.217           0.241           0.241           0.196   
--------------------------------------------------------------------------------------------------------------------------------------------
t statistics in parentheses
* p<0.05, ** p<0.01, *** p<0.001
