--------------------------------------------------------------------------------------------------------------------------------------------
                      (1)             (2)             (3)             (4)             (5)             (6)             (7)             (8)   
             aginc_back~d    aginc_pred~t    nfincome_b~d    nfincome_p~t    output_bac~d    output_pre~t    percapinc_~d    percapinc_~t   
--------------------------------------------------------------------------------------------------------------------------------------------
lnpri04dif~e       -0.152          0.0944          -0.156*          0.105          -0.150          0.0472         -0.0721           0.115   
                  (-1.14)          (0.70)         (-2.04)          (1.31)         (-1.68)          (0.47)         (-0.88)          (1.32)   

stpr_fac1          -0.104         -0.0185          -0.103**       0.00651         -0.0231         0.00708         -0.0634         -0.0182   
                  (-1.50)         (-0.26)         (-2.59)          (0.16)         (-0.50)          (0.13)         (-1.48)         (-0.40)   

stpr_fac2          0.0176        -0.00303        0.000957          0.0268         0.00657         0.00259        -0.00355        -0.00789   
                   (0.29)         (-0.05)          (0.03)          (0.75)          (0.16)          (0.06)         (-0.10)         (-0.20)   

stpr_fac3         -0.0636          0.0202         -0.0330         -0.0195         -0.0370         -0.0348         -0.0451        -0.00204   
                  (-0.98)          (0.31)         (-0.89)         (-0.50)         (-0.85)         (-0.71)         (-1.12)         (-0.05)   

stpr_fac4          0.0778           0.156*         0.0399          0.0813        -0.00563          0.0131        -0.00224          0.0218   
                   (1.10)          (2.17)          (0.98)          (1.91)         (-0.12)          (0.24)         (-0.05)          (0.47)   

stpr_fac5          -0.126          0.0612         -0.0837           0.140          -0.208*          0.133         -0.0262           0.152   
                  (-1.01)          (0.48)         (-1.17)          (1.87)         (-2.49)          (1.41)         (-0.34)          (1.86)   

stpr_fac6          0.0943          0.0276          0.0479          0.0851          0.0933          0.0779         -0.0217           0.145*  
                   (0.87)          (0.25)          (0.77)          (1.30)          (1.28)          (0.94)         (-0.32)          (2.04)   

stpr_fac7         0.00702          0.0482          0.0400          0.0642         -0.0240          0.0824         0.00597         0.00155   
                   (0.08)          (0.53)          (0.78)          (1.20)         (-0.40)          (1.22)          (0.11)          (0.03)   

stpr_fac8           0.128         -0.0419           0.126**       -0.0560          0.0409          0.0218          0.0126         -0.0254   
                   (1.70)         (-0.55)          (2.92)         (-1.24)          (0.81)          (0.38)          (0.27)         (-0.51)   

stpr_fac9         -0.0356         -0.0721         -0.0328         -0.0113        -0.00659         0.00241        -0.00424         -0.0110   
                  (-0.47)         (-0.95)         (-0.76)         (-0.25)         (-0.13)          (0.04)         (-0.09)         (-0.22)   

stpr_fac10        -0.0712         -0.0591         -0.0510         -0.0111          0.0268          0.0938         -0.0206          0.0104   
                  (-0.98)         (-0.80)         (-1.22)         (-0.25)          (0.55)          (1.70)         (-0.46)          (0.22)   

stpr_fac11         0.0161          0.0163          0.0116          0.0484          0.0434         0.00546         -0.0352          0.0282   
                   (0.27)          (0.27)          (0.34)          (1.34)          (1.08)          (0.12)         (-0.95)          (0.72)   

stpr_fac12         0.0820          0.0663          0.0433          0.0532          0.0256          0.0401         -0.0490         -0.0234   
                   (1.23)          (0.98)          (1.14)          (1.33)          (0.58)          (0.79)         (-1.19)         (-0.54)   

stpr_fac13         0.0145         -0.0378         -0.0239          0.0216          0.0843          0.0396          0.0657          0.0340   
                   (0.17)         (-0.45)         (-0.50)          (0.43)          (1.52)          (0.63)          (1.28)          (0.62)   

stpr_fac14          0.110         -0.0808          0.0497         -0.0346           0.133*         -0.112         0.00403         -0.0669   
                   (1.18)         (-0.86)          (0.93)         (-0.62)          (2.14)         (-1.59)          (0.07)         (-1.10)   

stpr_fac15          0.165*         0.0146          0.0794         0.00915           0.260***       0.0430          0.0372          0.0108   
                   (1.99)          (0.17)          (1.68)          (0.18)          (4.70)          (0.69)          (0.73)          (0.20)   

stpr_fac16        -0.0160          0.0871          0.0620         0.00336          0.0634          0.0475          0.0210          0.0241   
                  (-0.20)          (1.10)          (1.39)          (0.07)          (1.21)          (0.80)          (0.44)          (0.47)   

stpr_fac17          0.319***       -0.339***       0.0508          0.0140          0.0421          0.0228           0.153***       -0.231***
                   (4.75)         (-4.98)          (1.32)          (0.35)          (0.94)          (0.45)          (3.68)         (-5.26)   

stpr_fac18         -0.129          0.0628         -0.0697           0.137**       -0.0564         0.00441          -0.154**        0.0604   
                  (-1.49)          (0.72)         (-1.41)          (2.63)         (-0.97)          (0.07)         (-2.89)          (1.07)   

stpr_fac19        -0.0712           0.152         -0.0961          0.0460          -0.104        -0.00368         -0.0915           0.100   
                  (-0.71)          (1.50)         (-1.68)          (0.76)         (-1.55)         (-0.05)         (-1.48)          (1.53)   

stpr_fac20          0.122         -0.0706          0.0696         -0.0912*         0.0798         -0.0612         -0.0116          -0.108*  
                   (1.75)         (-1.00)          (1.75)         (-2.18)          (1.71)         (-1.16)         (-0.27)         (-2.37)   

stpr_fac21         0.0839         -0.0101         -0.0193         0.00898         -0.0154          -0.118         -0.0453          0.0436   
                   (1.06)         (-0.13)         (-0.43)          (0.19)         (-0.29)         (-1.95)         (-0.92)          (0.84)   

stpr_fac22         0.0514          0.0409          0.0409          0.0238         0.00646        -0.00881         -0.0401        -0.00591   
                   (0.68)          (0.54)          (0.95)          (0.53)          (0.13)         (-0.15)         (-0.86)         (-0.12)   

stpr_fac23        -0.0400         -0.0436         -0.0268         -0.0480          0.0147         -0.0693         -0.0295         -0.0608   
                  (-0.44)         (-0.47)         (-0.51)         (-0.87)          (0.24)         (-1.00)         (-0.52)         (-1.01)   

stpr_fac24        -0.0231          0.0665         -0.0208          0.0780         -0.0336         0.00951         -0.0694          0.0225   
                  (-0.27)          (0.77)         (-0.43)          (1.53)         (-0.59)          (0.15)         (-1.32)          (0.40)   

stpr_fac25       -0.00343          0.0697         -0.0291          0.0911         -0.0433          0.0308         -0.0758          0.0280   
                  (-0.04)          (0.80)         (-0.59)          (1.76)         (-0.75)          (0.47)         (-1.42)          (0.49)   

stpr_fac26        -0.0531         -0.0159         -0.0520         -0.0519         0.00657         -0.0191         -0.0608         -0.0557   
                  (-0.42)         (-0.12)         (-0.71)         (-0.68)          (0.08)         (-0.20)         (-0.77)         (-0.67)   

o.stpr_fac27            0               0               0               0               0               0               0               0   
                      (.)             (.)             (.)             (.)             (.)             (.)             (.)             (.)   

stpr_fac28         0.0496        -0.00908          0.0755*       -0.00479          0.0430         -0.0248        -0.00381         -0.0550   
                   (0.79)         (-0.14)          (2.10)         (-0.13)          (1.02)         (-0.52)         (-0.10)         (-1.34)   

stpr_fac29         0.0862          0.0356          0.0488          0.0137         -0.0324          0.0651          0.0258          0.0207   
                   (1.10)          (0.45)          (1.09)          (0.29)         (-0.62)          (1.10)          (0.53)          (0.40)   

stpr_fac30         0.0827          0.0187          0.0400          0.0175          0.0296        -0.00324         -0.0108        -0.00388   
                   (1.35)          (0.30)          (1.14)          (0.48)          (0.72)         (-0.07)         (-0.28)         (-0.10)   

stpr_fac31         0.0302         0.00606          0.0430          0.0133         -0.0258        -0.00192         -0.0465        -0.00955   
                   (0.40)          (0.08)          (0.99)          (0.29)         (-0.51)         (-0.03)         (-1.00)         (-0.19)   

stpr_fac32         -0.173*         0.1000          -0.117*         0.0116          -0.104         0.00687          -0.106*         0.0494   
                  (-2.06)          (1.18)         (-2.45)          (0.23)         (-1.86)          (0.11)         (-2.05)          (0.90)   

stpr_fac33          0.186*         -0.131          0.0427         -0.0357          0.0182         -0.0375         -0.0126         -0.0137   
                   (1.99)         (-1.38)          (0.80)         (-0.64)          (0.29)         (-0.53)         (-0.22)         (-0.22)   

stpr_fac34         0.0230           0.125          0.0312          0.0646         -0.0816          0.0881         -0.0331         -0.0100   
                   (0.24)          (1.29)          (0.57)          (1.13)         (-1.28)          (1.21)         (-0.56)         (-0.16)   

stpr_fac35        -0.0140         -0.0155         -0.0758         -0.0404          0.0333         -0.0512        -0.00764          0.0476   
                  (-0.18)         (-0.20)         (-1.74)         (-0.88)          (0.65)         (-0.89)         (-0.16)          (0.96)   

stpr_fac36        -0.0468        -0.00607         -0.0227         -0.0157         -0.0784         -0.0187         -0.0143         -0.0149   
                  (-0.48)         (-0.06)         (-0.41)         (-0.27)         (-1.21)         (-0.25)         (-0.24)         (-0.23)   

stpr_fac37        -0.0824          0.0920          -0.107*          0.108*        -0.0978          0.0595          -0.120*          0.132*  
                  (-0.99)          (1.09)         (-2.25)          (2.17)         (-1.76)          (0.94)         (-2.34)          (2.43)   

stpr_fac38         0.0981          0.0172          0.0665          0.0145          0.0405        -0.00771          0.0135        -0.00774   
                   (1.46)          (0.25)          (1.74)          (0.36)          (0.90)         (-0.15)          (0.33)         (-0.18)   

stpr_fac39         0.0660         -0.0151          0.0283         -0.0257          0.0906*        -0.0168         -0.0154         -0.0223   
                   (0.97)         (-0.22)          (0.72)         (-0.63)          (1.98)         (-0.32)         (-0.36)         (-0.50)   

stpr_fac40         0.0235         -0.0677          0.0143        -0.00609           0.101*         -0.107*       -0.00688          0.0109   
                   (0.35)         (-0.99)          (0.37)         (-0.15)          (2.24)         (-2.09)         (-0.16)          (0.25)   

stpr_fac41         0.0410         -0.0327          0.0608         -0.0340          0.0893*        -0.0504         0.00256         -0.0214   
                   (0.60)         (-0.47)          (1.56)         (-0.83)          (1.96)         (-0.98)          (0.06)         (-0.48)   

stpr_fac42        -0.0235          0.0524        -0.00275       -0.000317          0.0113         -0.0124         -0.0717       -0.000286   
                  (-0.35)          (0.78)         (-0.07)         (-0.01)          (0.26)         (-0.25)         (-1.75)         (-0.01)   

stpr_fac43        -0.0400        -0.00153         -0.0520        -0.00646         -0.0247         -0.0870         -0.0373         -0.0167   
                  (-0.50)         (-0.02)         (-1.14)         (-0.13)         (-0.46)         (-1.43)         (-0.76)         (-0.32)   

stpr_fac44         0.0138          0.0223         -0.0174          0.0127        -0.00934        -0.00885         -0.0372         -0.0357   
                   (0.16)          (0.26)         (-0.36)          (0.25)         (-0.17)         (-0.14)         (-0.72)         (-0.65)   

stpr_fac45        0.00229          0.0343        -0.00999          0.0423         -0.0244        -0.00743         -0.0187          0.0132   
                   (0.03)          (0.39)         (-0.20)          (0.81)         (-0.42)         (-0.11)         (-0.35)          (0.23)   

stpr_fac46        -0.0424         -0.0102         -0.0723          0.0433         -0.0404        -0.00260         -0.0570          0.0126   
                  (-0.50)         (-0.12)         (-1.50)          (0.86)         (-0.72)         (-0.04)         (-1.09)          (0.23)   

stpr_fac47        -0.0266         -0.0346         -0.0239         0.00120         -0.0493          0.0361         -0.0349         -0.0237   
                  (-0.43)         (-0.55)         (-0.67)          (0.03)         (-1.18)          (0.76)         (-0.90)         (-0.58)   

stpr_fac48        0.00341         -0.0188         -0.0486         -0.0320        -0.00671         -0.0185        -0.00989        -0.00177   
                   (0.05)         (-0.27)         (-1.23)         (-0.77)         (-0.15)         (-0.35)         (-0.23)         (-0.04)   

stpr_fac49         0.0388          -0.257**        -0.166***       -0.142**        0.0438          0.0790          0.0137         -0.0632   
                   (0.50)         (-3.26)         (-3.73)         (-3.04)          (0.84)          (1.34)          (0.29)         (-1.24)   

stpr_fac50        -0.0184         0.00498         -0.0620          0.0345         -0.0223          0.0113         -0.0298          0.0111   
                  (-0.20)          (0.05)         (-1.17)          (0.62)         (-0.36)          (0.16)         (-0.52)          (0.18)   

stpr_fac51        -0.0430          0.0578         -0.0414          0.0460        -0.00120         0.00554         -0.0460          0.0725   
                  (-0.57)          (0.76)         (-0.96)          (1.02)         (-0.02)          (0.10)         (-0.99)          (1.47)   

stpr_fac52         -0.213*          0.184*        -0.0577          0.0741          0.0126         0.00510          -0.153**         0.129*  
                  (-2.55)          (2.18)         (-1.21)          (1.48)          (0.23)          (0.08)         (-2.98)          (2.37)   

stpr_fac53         0.0605          0.0904         -0.0388        -0.00603        -0.00323         0.00635         -0.0259          0.0787   
                   (0.91)          (1.35)         (-1.02)         (-0.15)         (-0.07)          (0.13)         (-0.63)          (1.81)   

stpr_fac54        -0.0730          0.0295          -0.110*        -0.0326         -0.0766         -0.0497         -0.0838          0.0577   
                  (-0.90)          (0.36)         (-2.36)         (-0.67)         (-1.41)         (-0.81)         (-1.67)          (1.09)   

stpr_fac55         0.0163          0.0841          0.0156          0.0786         -0.0214          0.0291         -0.0193          0.0565   
                   (0.23)          (1.19)          (0.39)          (1.88)         (-0.46)          (0.55)         (-0.45)          (1.24)   

stpr_fac56         0.0365          0.0242         -0.0222         0.00760         -0.0120          0.0660        0.000854          0.0340   
                   (0.62)          (0.41)         (-0.66)          (0.22)         (-0.30)          (1.48)          (0.02)          (0.88)   

o.stpr_fac57            0               0               0               0               0               0               0               0   
                      (.)             (.)             (.)             (.)             (.)             (.)             (.)             (.)   

stpr_fac58         0.0988         -0.0427          0.0335         0.00698        -0.00932         -0.0289         -0.0339         -0.0102   
                   (1.23)         (-0.53)          (0.73)          (0.14)         (-0.17)         (-0.47)         (-0.68)         (-0.19)   

stpr_fac59         0.0101           0.107          0.0372          0.0679          0.0213          0.0421         -0.0197          0.0351   
                   (0.17)          (1.74)          (1.07)          (1.86)          (0.52)          (0.91)         (-0.52)          (0.88)   

stpr_fac60          0.145*        -0.0371          0.0782*        -0.0724          0.0986*       -0.00311          0.0277         -0.0367   
                   (2.28)         (-0.58)          (2.15)         (-1.90)          (2.32)         (-0.06)          (0.71)         (-0.88)   

stpr_fac61         0.0711          0.0268          0.0495         0.00730          0.0371          0.0211        -0.00595          0.0103   
                   (0.88)          (0.33)          (1.07)          (0.15)          (0.68)          (0.34)         (-0.12)          (0.19)   

stpr_fac62          0.102           0.121          0.0706          0.0654          0.0614          0.0537          0.0257          0.0699   
                   (1.34)          (1.57)          (1.62)          (1.43)          (1.20)          (0.93)          (0.55)          (1.40)   

stpr_fac63         0.0226          -0.175*         0.0152          -0.158***        0.111*         0.0156          0.0523          -0.111*  
                   (0.29)         (-2.24)          (0.35)         (-3.42)          (2.16)          (0.27)          (1.10)         (-2.20)   

stpr_fac64        -0.0242          0.0323         -0.0165          0.0233         -0.0386          0.0434         0.00650          0.0734   
                  (-0.33)          (0.43)         (-0.39)          (0.53)         (-0.78)          (0.78)          (0.14)          (1.52)   

stpr_fac65         0.0504          0.0130          0.0427          0.0150          0.0402         -0.0256         0.00909       -0.000315   
                   (0.62)          (0.16)          (0.92)          (0.31)          (0.74)         (-0.42)          (0.18)         (-0.01)   

stpr_fac66        -0.0484         -0.0430         -0.0444         -0.0186         -0.0269         -0.0520        -0.00268        -0.00359   
                  (-0.44)         (-0.39)         (-0.71)         (-0.28)         (-0.37)         (-0.62)         (-0.04)         (-0.05)   

stpr_fac67        -0.0251          0.0708         -0.0403          0.0808         -0.0345         0.00870         -0.0565          0.0351   
                  (-0.29)          (0.80)         (-0.81)          (1.54)         (-0.59)          (0.13)         (-1.05)          (0.62)   

stpr_fac68         0.0223          0.0410          0.0224          0.0202         -0.0366        -0.00775        -0.00496          0.0223   
                   (0.24)          (0.43)          (0.42)          (0.36)         (-0.59)         (-0.11)         (-0.09)          (0.36)   

stpr_fac69       -0.00680         -0.0560        -0.00196        -0.00850         -0.0309         -0.0454         -0.0511         -0.0314   
                  (-0.08)         (-0.64)         (-0.04)         (-0.16)         (-0.54)         (-0.70)         (-0.96)         (-0.56)   

stpr_fac70        -0.0176          0.0671         -0.0378          0.0212         -0.0788          0.0872         -0.0366       -0.000253   
                  (-0.24)          (0.89)         (-0.89)          (0.47)         (-1.58)          (1.54)         (-0.79)         (-0.01)   

stpr_fac71          0.183**       -0.0129          0.0621         -0.0555          0.0503         -0.0770          0.0847*        -0.0539   
                   (2.74)         (-0.19)          (1.62)         (-1.38)          (1.12)         (-1.52)          (2.05)         (-1.23)   

stpr_fac72         0.0957         -0.0202         -0.0185         -0.0566          0.0120         -0.0645          0.0476         -0.0168   
                   (1.44)         (-0.30)         (-0.49)         (-1.42)          (0.27)         (-1.28)          (1.16)         (-0.39)   

stpr_fac73         0.0340          0.0366          0.0362         -0.0116          0.0270         -0.0185         -0.0127         -0.0339   
                   (0.55)          (0.58)          (1.02)         (-0.31)          (0.65)         (-0.39)         (-0.33)         (-0.84)   

stpr_fac74        -0.0552         -0.0136         -0.0247          0.0221          0.0367         -0.0278         -0.0599         -0.0182   
                  (-0.79)         (-0.19)         (-0.62)          (0.53)          (0.78)         (-0.52)         (-1.39)         (-0.40)   

stpr_fac75        -0.0763           0.175         -0.0679          0.0113         -0.0883         -0.0361         -0.0693           0.127*  
                  (-0.84)          (1.89)         (-1.30)          (0.21)         (-1.45)         (-0.52)         (-1.23)          (2.14)   

stpr_fac76         0.0385         -0.0952         0.00862         -0.0559         -0.0441         0.00979         -0.0490          -0.130*  
                   (0.42)         (-1.02)          (0.16)         (-1.01)         (-0.71)          (0.14)         (-0.86)         (-2.14)   

stpr_fac77         0.0554           0.147         -0.0702          0.0935         -0.0338           0.155*       -0.00805           0.118   
                   (0.54)          (1.42)         (-1.20)          (1.52)         (-0.49)          (1.99)         (-0.13)          (1.75)   

stpr_fac78        -0.0495          -0.300***       0.0215         -0.0976*         0.0128         -0.0653         -0.0270          -0.201***
                  (-0.72)         (-4.34)          (0.55)         (-2.38)          (0.28)         (-1.26)         (-0.64)         (-4.49)   

stpr_fac79         -0.414***        0.144          0.0284          0.0472          0.0346         -0.0331          -0.203***        0.166** 
                  (-4.44)          (1.53)          (0.53)          (0.84)          (0.55)         (-0.47)         (-3.53)          (2.71)   

stpr_fac80        -0.0357          -0.165*        -0.0214         -0.0751         -0.0463         -0.0861         -0.0532         -0.0535   
                  (-0.54)         (-2.46)         (-0.56)         (-1.89)         (-1.04)         (-1.71)         (-1.30)         (-1.23)   

stpr_fac81          0.156*        -0.0862         -0.0941**        0.0330         -0.0187          0.0425          0.0169        -0.00388   
                   (2.50)         (-1.37)         (-2.64)          (0.88)         (-0.45)          (0.90)          (0.44)         (-0.10)   

stpr_fac82          0.349***       -0.150         -0.0234         -0.0235         -0.0653          0.0229           0.209***      -0.0472   
                   (4.62)         (-1.96)         (-0.54)         (-0.52)         (-1.29)          (0.40)          (4.48)         (-0.95)   

stpr_fac83        -0.0507           0.245*         0.0611          0.0541          -0.132*          0.128         -0.0162         0.00374   
                  (-0.53)          (2.52)          (1.11)          (0.94)         (-2.06)          (1.76)         (-0.27)          (0.06)   

stpr_fac84        -0.0987        -0.00481         -0.0536          -0.103*         -0.134**       0.00567          0.0211          -0.104*  
                  (-1.43)         (-0.07)         (-1.36)         (-2.48)         (-2.91)          (0.11)          (0.50)         (-2.32)   

stpr_fac85         0.0161           0.118         0.00205          0.0407         0.00810          0.0978         -0.0327         0.00405   
                   (0.17)          (1.23)          (0.04)          (0.71)          (0.13)          (1.35)         (-0.56)          (0.06)   

stpr_fac86        -0.0470          0.0399         -0.0581          0.0331         -0.0890         -0.0206         -0.0418          0.0366   
                  (-0.52)          (0.44)         (-1.13)          (0.61)         (-1.48)         (-0.30)         (-0.75)          (0.62)   

stpr_fac87        0.00874          0.0166          0.0126        -0.00334         -0.0362          0.0108         -0.0179         0.00904   
                   (0.12)          (0.23)          (0.31)         (-0.08)         (-0.77)          (0.20)         (-0.41)          (0.20)   

stpr_fac88          0.219***        0.113           0.141***       0.0222          0.0987*         0.0855          0.0895*         0.0770   
                   (3.64)          (1.86)          (4.10)          (0.61)          (2.46)          (1.88)          (2.41)          (1.96)   

stpr_fac89         0.0630          0.0864          0.0354          0.0305          0.0634          0.0798         0.00755          0.0435   
                   (1.01)          (1.37)          (0.99)          (0.82)          (1.52)          (1.69)          (0.20)          (1.07)   

stpr_fac90         0.0482          0.0748          0.0486          0.0367          0.0392          0.0187        -0.00365          0.0166   
                   (0.64)          (0.99)          (1.13)          (0.81)          (0.78)          (0.33)         (-0.08)          (0.34)   

stpr_fac91        0.00221          0.0293          0.0220        -0.00366        0.000554         -0.0326         -0.0379         0.00332   
                   (0.04)          (0.49)          (0.65)         (-0.10)          (0.01)         (-0.73)         (-1.04)          (0.09)   

stpr_fac92        -0.0794          0.0462         -0.0461          0.0190         -0.0492         -0.0233         -0.0869*         0.0177   
                  (-1.20)          (0.69)         (-1.22)          (0.48)         (-1.12)         (-0.47)         (-2.14)          (0.41)   

stpr_fac93         0.0810          0.0530          0.0497          0.0189        -0.00599        -0.00281         -0.0800*        -0.0536   
                   (1.25)          (0.81)          (1.34)          (0.49)         (-0.14)         (-0.06)         (-2.00)         (-1.26)   

stpr_fac94        -0.0478           0.195**       -0.0165        -0.00326         0.00323          0.0216         -0.0414           0.125** 
                  (-0.74)          (2.98)         (-0.45)         (-0.08)          (0.07)          (0.44)         (-1.04)          (2.96)   

stpr_fac95         0.0139         -0.0629         -0.0193         -0.0560          0.0356         -0.0416         -0.0402         -0.0514   
                   (0.19)         (-0.84)         (-0.45)         (-1.26)          (0.72)         (-0.74)         (-0.88)         (-1.06)   

stpr_fac96         0.0145          0.0374          0.0149          0.0162         -0.0342          0.0329         -0.0340         0.00270   
                   (0.24)          (0.61)          (0.43)          (0.44)         (-0.84)          (0.71)         (-0.90)          (0.07)   

stpr_fac97         0.0335          0.0248          0.0161         0.00242          0.0337          0.0382          0.0271         0.00905   
                   (0.46)          (0.34)          (0.39)          (0.06)          (0.69)          (0.69)          (0.60)          (0.19)   

stpr_fac98         0.0804         -0.0291         -0.0122         -0.0765         0.00128         -0.0688          0.0225         -0.0584   
                   (1.23)         (-0.44)         (-0.33)         (-1.96)          (0.03)         (-1.39)          (0.56)         (-1.37)   

stpr_fac99        0.00358          0.0336        0.000210          0.0383         -0.0256          0.0589         -0.0297          0.0344   
                   (0.05)          (0.49)          (0.01)          (0.95)         (-0.57)          (1.15)         (-0.71)          (0.78)   

stpr_fac100        0.0647          -0.130          0.0524          -0.140**        0.0122         -0.0729         -0.0112         -0.0886   
                   (0.88)         (-1.76)          (1.25)         (-3.19)          (0.25)         (-1.32)         (-0.25)         (-1.85)   

stpr_fac101       -0.0217        -0.00596         -0.0119         -0.0118         -0.0129         -0.0330         -0.0888         -0.0342   
                  (-0.27)         (-0.07)         (-0.26)         (-0.25)         (-0.25)         (-0.55)         (-1.82)         (-0.66)   

stpr_fac102       -0.0761          0.0653        -0.00434          0.0833          -0.149**       -0.0225          -0.139**        0.0914   
                  (-0.89)          (0.75)         (-0.09)          (1.62)         (-2.60)         (-0.35)         (-2.64)          (1.63)   

stpr_fac103       -0.0573          0.0351         -0.0326          0.0638         -0.0706          0.0177         -0.0547          0.0427   
                  (-0.60)          (0.37)         (-0.60)          (1.12)         (-1.11)          (0.25)         (-0.93)          (0.69)   

_cons             -0.0181         -0.0272        -0.00476         -0.0157        -0.00508        -0.00358          0.0241        -0.00486   
                  (-0.32)         (-0.47)         (-0.15)         (-0.46)         (-0.13)         (-0.08)          (0.68)         (-0.13)   
--------------------------------------------------------------------------------------------------------------------------------------------
N                    1211            1211            1211            1211            1211            1211            1211            1211   
R-sq                0.293           0.302           0.287           0.262           0.251           0.198           0.277           0.322   
--------------------------------------------------------------------------------------------------------------------------------------------
t statistics in parentheses
* p<0.05, ** p<0.01, *** p<0.001
