--------------------------------------------------------------------------------------------------------------------------------------------
                      (1)             (2)             (3)             (4)             (5)             (6)             (7)             (8)   
             avwage_bac~d    avwage_pre~t    pop_backward     pop_predict    wagebill_b~d    wagebill_p~t    wageemp_ba~d    wageemp_pr~t   
--------------------------------------------------------------------------------------------------------------------------------------------
lnsb00diff~e       0.0530           0.123**       -0.0384         -0.0659          0.0897          -0.135          0.0467          -0.211** 
                   (1.26)          (2.81)         (-1.02)         (-1.86)          (0.97)         (-1.40)          (0.64)         (-2.76)   

stpr_fac1         0.00531          -0.166***      -0.0621         -0.0943**        -0.154          -0.336***       -0.165*         -0.173*  
                   (0.14)         (-4.28)         (-1.86)         (-2.98)         (-1.87)         (-3.92)         (-2.53)         (-2.55)   

stpr_fac2         0.00500         -0.0617         -0.0331         -0.0633*        -0.0328          -0.185*        -0.0366         -0.0907   
                   (0.15)         (-1.81)         (-1.13)         (-2.28)         (-0.46)         (-2.46)         (-0.64)         (-1.52)   

stpr_fac3        -0.00363         -0.0880*        -0.0626*        -0.0592*         -0.214**        -0.182*         -0.179**       -0.0940   
                  (-0.11)         (-2.57)         (-2.13)         (-2.13)         (-2.97)         (-2.42)         (-3.12)         (-1.57)   

stpr_fac4         -0.0548         -0.0977*        -0.0229         -0.0111         -0.0669          -0.126        -0.00879         0.00585   
                  (-1.47)         (-2.53)         (-0.69)         (-0.35)         (-0.82)         (-1.48)         (-0.14)          (0.09)   

stpr_fac5         -0.0370         -0.0861          0.0723         -0.0860*        -0.0551          -0.348***       -0.122          -0.186*  
                  (-0.83)         (-1.87)          (1.82)         (-2.29)         (-0.57)         (-3.42)         (-1.59)         (-2.31)   

stpr_fac6         -0.0153         -0.0217         -0.0108          0.0318         -0.0869          -0.205         -0.0804          -0.110   
                  (-0.24)         (-0.33)         (-0.19)          (0.59)         (-0.62)         (-1.40)         (-0.72)         (-0.95)   

stpr_fac7          0.0187         -0.0120          -0.102**       -0.0465         -0.0862          -0.121         -0.0535         -0.0118   
                   (0.47)         (-0.29)         (-2.85)         (-1.38)         (-0.99)         (-1.33)         (-0.77)         (-0.16)   

stpr_fac8         -0.0565         -0.0137          0.0149          0.0295         -0.0849          -0.249**       -0.0617          -0.196*  
                  (-1.34)         (-0.31)          (0.40)          (0.83)         (-0.92)         (-2.59)         (-0.84)         (-2.57)   

stpr_fac9          0.0158          -0.121**       -0.0538         -0.0545         -0.0181         -0.0692         -0.0270          0.0642   
                   (0.44)         (-3.25)         (-1.68)         (-1.80)         (-0.23)         (-0.84)         (-0.43)          (0.98)   

stpr_fac10         0.0219         -0.0947*        -0.0905*        -0.0687*         -0.103         -0.0365          -0.102          0.0397   
                   (0.55)         (-2.29)         (-2.54)         (-2.04)         (-1.18)         (-0.40)         (-1.47)          (0.55)   

stpr_fac11        -0.0150         -0.0747*       -0.00148         -0.0192         -0.0414         -0.0805         -0.0469         0.00785   
                  (-0.44)         (-2.10)         (-0.05)         (-0.66)         (-0.55)         (-1.03)         (-0.79)          (0.13)   

stpr_fac12         0.0765*        -0.0710          0.0173          0.0164        0.000157          -0.214**       -0.0320         -0.0993   
                   (2.12)         (-1.90)          (0.54)          (0.54)          (0.00)         (-2.60)         (-0.51)         (-1.52)   

stpr_fac13        0.00427         -0.0383         -0.0892*         -0.111**        -0.170         -0.0374         -0.0988        -0.00480   
                   (0.09)         (-0.79)         (-2.15)         (-2.82)         (-1.67)         (-0.35)         (-1.22)         (-0.06)   

stpr_fac14        0.00303          -0.130*        -0.0154          0.0162          0.0395         -0.0696          0.0206          0.0796   
                   (0.05)         (-2.26)         (-0.31)          (0.35)          (0.32)         (-0.55)          (0.21)          (0.79)   

stpr_fac15        -0.0130         -0.0491         -0.0464         -0.0336        -0.00403           0.146          0.0249           0.182*  
                  (-0.30)         (-1.08)         (-1.19)         (-0.91)         (-0.04)          (1.46)          (0.33)          (2.29)   

stpr_fac16        -0.0234         -0.0234         -0.0870*        -0.0627          -0.131         -0.0969         -0.0882         -0.0949   
                  (-0.58)         (-0.56)         (-2.42)         (-1.84)         (-1.48)         (-1.05)         (-1.26)         (-1.29)   

stpr_fac17        0.00416          0.0176          0.0145        -0.00377          0.0465         -0.0518          0.0505         -0.0270   
                   (0.11)          (0.47)          (0.45)         (-0.12)          (0.59)         (-0.62)          (0.80)         (-0.41)   

stpr_fac18        -0.0251         -0.0411          0.0541         -0.0151         -0.0478          -0.119         0.00947         -0.0787   
                  (-0.67)         (-1.06)          (1.62)         (-0.48)         (-0.59)         (-1.40)          (0.15)         (-1.16)   

stpr_fac19       -0.00685         -0.0204          0.0169         -0.0581          0.0476          -0.101          0.0770         -0.0659   
                  (-0.18)         (-0.52)          (0.50)         (-1.81)          (0.57)         (-1.17)          (1.17)         (-0.95)   

stpr_fac20       -0.00763         -0.0568          0.0468         0.00683          0.0336          -0.110          0.0464         -0.0327   
                  (-0.21)         (-1.52)          (1.45)          (0.22)          (0.42)         (-1.33)          (0.74)         (-0.50)   

stpr_fac21       0.000346          -0.131**         0.104**       0.00888          0.0656         -0.0876          0.0604          0.0476   
                   (0.01)         (-2.95)          (2.72)          (0.25)          (0.70)         (-0.90)          (0.81)          (0.61)   

stpr_fac22        -0.0290         -0.0875*       -0.00492          0.0118         -0.0278          -0.124         -0.0506         -0.0170   
                  (-0.68)         (-1.99)         (-0.13)          (0.33)         (-0.30)         (-1.28)         (-0.69)         (-0.22)   

stpr_fac23          0.106*        -0.0867         -0.0388         -0.0479           0.145          -0.197          0.0728         -0.0704   
                   (2.25)         (-1.77)         (-0.92)         (-1.20)          (1.39)         (-1.82)          (0.89)         (-0.82)   

stpr_fac24        -0.0442         -0.0815         -0.0465         -0.0104         -0.0593          -0.194         -0.0218         -0.0918   
                  (-0.93)         (-1.66)         (-1.10)         (-0.26)         (-0.57)         (-1.79)         (-0.26)         (-1.06)   

stpr_fac25         0.0245         -0.0759          0.0212          0.0168         -0.0631         -0.0509         -0.0580          0.0174   
                   (0.64)         (-1.92)          (0.62)          (0.52)         (-0.75)         (-0.58)         (-0.87)          (0.25)   

stpr_fac26          0.123*         0.0429         0.00676         -0.0439          0.0785          -0.100          0.0327         -0.0524   
                   (2.02)          (0.68)          (0.12)         (-0.86)          (0.59)         (-0.72)          (0.31)         (-0.47)   

stpr_fac27        0.00444         -0.0205        -0.00383         -0.0253         -0.0420         -0.0879         -0.0396         -0.0153   
                   (0.07)         (-0.33)         (-0.07)         (-0.49)         (-0.32)         (-0.63)         (-0.38)         (-0.14)   

stpr_fac28        0.00753         -0.0105         -0.0445        -0.00257         -0.0241         -0.0825         -0.0251         -0.0228   
                   (0.22)         (-0.29)         (-1.44)         (-0.09)         (-0.32)         (-1.04)         (-0.42)         (-0.36)   

stpr_fac29        -0.0241          0.0170          0.0152         -0.0464           0.143        -0.00393          0.0892          0.0230   
                  (-0.59)          (0.40)          (0.42)         (-1.35)          (1.60)         (-0.04)          (1.26)          (0.31)   

stpr_fac30         0.0107         -0.0637         -0.0149        -0.00574         -0.0197         0.00164         -0.0280          0.0780   
                   (0.32)         (-1.85)         (-0.50)         (-0.20)         (-0.27)          (0.02)         (-0.49)          (1.29)   

stpr_fac31         0.0133         -0.0796          0.0307          0.0414          0.0596         -0.0487          0.0444          0.0381   
                   (0.34)         (-1.95)          (0.87)          (1.25)          (0.69)         (-0.54)          (0.65)          (0.53)   

stpr_fac32         0.0131         -0.0660         -0.0525         -0.0761**        0.0265          -0.157*        -0.0295         -0.0968   
                   (0.38)         (-1.84)         (-1.70)         (-2.60)          (0.35)         (-1.97)         (-0.49)         (-1.54)   

stpr_fac33        -0.0900         -0.0802        -0.00252          0.0611          -0.123         -0.0970          -0.106          0.0612   
                  (-1.69)         (-1.45)         (-0.05)          (1.36)         (-1.05)         (-0.80)         (-1.14)          (0.63)   

stpr_fac34        -0.0321         -0.0235        0.000279          0.0460          0.0142         -0.0393         -0.0422          0.0192   
                  (-0.84)         (-0.59)          (0.01)          (1.43)          (0.17)         (-0.45)         (-0.64)          (0.28)   

stpr_fac35         0.0546         -0.0314         -0.0562         -0.0930**       -0.0234          -0.220*        -0.0814          -0.168*  
                   (1.35)         (-0.75)         (-1.56)         (-2.73)         (-0.26)         (-2.38)         (-1.16)         (-2.29)   

stpr_fac36        -0.0434         -0.0682          0.0163         -0.0154          -0.104         -0.0756          -0.119        -0.00306   
                  (-1.05)         (-1.58)          (0.44)         (-0.44)         (-1.14)         (-0.80)         (-1.65)         (-0.04)   

stpr_fac37        -0.0340          -0.198***      -0.0730        -0.00185          -0.145          -0.173          -0.146        -0.00159   
                  (-0.71)         (-3.96)         (-1.70)         (-0.05)         (-1.37)         (-1.57)         (-1.74)         (-0.02)   

stpr_fac38        -0.0391         -0.0630         -0.0307         -0.0203         0.00728          0.0751         0.00831           0.110   
                  (-1.18)         (-1.83)         (-1.03)         (-0.72)          (0.10)          (0.99)          (0.14)          (1.83)   

stpr_fac39         0.0262         -0.0390         -0.0343         -0.0421         0.00208         -0.0477         -0.0150          0.0303   
                   (0.74)         (-1.07)         (-1.09)         (-1.41)          (0.03)         (-0.59)         (-0.24)          (0.47)   

stpr_fac40         0.0232         -0.0520         -0.0662*        -0.0615          0.0656          0.0123         -0.0299          0.0797   
                   (0.63)         (-1.35)         (-1.99)         (-1.96)          (0.81)          (0.14)         (-0.46)          (1.18)   

stpr_fac41        -0.0341         -0.0695*        -0.0562         -0.0504          0.0276         0.00996          0.0289           0.116*  
                  (-1.06)         (-2.07)         (-1.95)         (-1.85)          (0.39)          (0.13)          (0.51)          (1.97)   

stpr_fac42       -0.00793         -0.0595        0.000583         -0.0188           0.135         -0.0649           0.123        -0.00272   
                  (-0.22)         (-1.57)          (0.02)         (-0.61)          (1.68)         (-0.78)          (1.94)         (-0.04)   

stpr_fac43         0.0727*        -0.0460         -0.0597*        -0.0459         -0.0883          -0.154*        -0.0894          -0.105   
                   (2.25)         (-1.37)         (-2.07)         (-1.69)         (-1.25)         (-2.08)         (-1.59)         (-1.79)   

stpr_fac44        0.00614         -0.0651          0.0123        -0.00510          0.0134          0.0470          0.0103           0.107   
                   (0.16)         (-1.62)          (0.36)         (-0.16)          (0.16)          (0.53)          (0.15)          (1.52)   

stpr_fac45         0.0610         -0.0148        -0.00326         -0.0348          0.0433          -0.109         0.00248         -0.0663   
                   (1.74)         (-0.41)         (-0.10)         (-1.18)          (0.56)         (-1.37)          (0.04)         (-1.04)   

stpr_fac46         0.0260         -0.0653         -0.0259         -0.0367         -0.0508          -0.215**       -0.0536         -0.0976   
                   (0.78)         (-1.88)         (-0.87)         (-1.30)         (-0.69)         (-2.81)         (-0.92)         (-1.61)   

stpr_fac47        -0.0350          -0.119**      -0.00444         -0.0254         -0.0344         -0.0837         -0.0234          0.0576   
                  (-0.98)         (-3.24)         (-0.14)         (-0.85)         (-0.44)         (-1.03)         (-0.38)          (0.89)   

stpr_fac48         0.0114         -0.0789*        -0.0488         -0.0605*          0.180*         -0.161*          0.190**       -0.0883   
                   (0.32)         (-2.13)         (-1.53)         (-2.00)          (2.30)         (-1.97)          (3.05)         (-1.36)   

stpr_fac49         -0.196***      -0.0755          -0.157***       -0.127**        -0.307**        -0.131          -0.135         -0.0130   
                  (-3.83)         (-1.42)         (-3.43)         (-2.93)         (-2.73)         (-1.12)         (-1.51)         (-0.14)   

stpr_fac50        0.00367         -0.0648         -0.0341         -0.0402           0.136         -0.0457           0.133          0.0362   
                   (0.08)         (-1.40)         (-0.86)         (-1.07)          (1.39)         (-0.45)          (1.72)          (0.45)   

stpr_fac51        -0.0460         -0.0935**       -0.0324         -0.0455         -0.0208          -0.124          0.0230         0.00872   
                  (-1.32)         (-2.59)         (-1.04)         (-1.55)         (-0.27)         (-1.56)          (0.38)          (0.14)   

stpr_fac52        -0.0255          -0.104**       -0.0177         -0.0510          -0.108          -0.116         -0.0674         -0.0455   
                  (-0.79)         (-3.08)         (-0.61)         (-1.86)         (-1.51)         (-1.56)         (-1.19)         (-0.77)   

stpr_fac53        0.00693         -0.0782*        -0.0439         -0.0319         -0.0535          -0.110         -0.0604         -0.0261   
                   (0.21)         (-2.33)         (-1.52)         (-1.16)         (-0.75)         (-1.49)         (-1.07)         (-0.44)   

stpr_fac54        -0.0297          -0.107*         0.0252         -0.0888*         -0.120          -0.314**        -0.131          -0.144   
                  (-0.67)         (-2.32)          (0.63)         (-2.36)         (-1.23)         (-3.08)         (-1.68)         (-1.78)   

stpr_fac55        0.00672         -0.0193         -0.0267         -0.0409         -0.0504          -0.117         -0.0602         -0.0651   
                   (0.19)         (-0.52)         (-0.84)         (-1.36)         (-0.65)         (-1.44)         (-0.97)         (-1.01)   

stpr_fac56        -0.0292         -0.0753*        -0.0675*        -0.0414         -0.0185          -0.150*        0.00727         -0.0614   
                  (-0.88)         (-2.18)         (-2.27)         (-1.47)         (-0.25)         (-1.97)          (0.13)         (-1.01)   

stpr_fac57        -0.0578          -0.110*        -0.0167         -0.0893*         -0.112          -0.108         -0.0974         0.00163   
                  (-1.22)         (-2.23)         (-0.39)         (-2.22)         (-1.08)         (-0.99)         (-1.18)          (0.02)   

stpr_fac58        -0.0283         -0.0992*       -0.00111         0.00417          -0.188          -0.117         -0.0901         -0.0524   
                  (-0.64)         (-2.16)         (-0.03)          (0.11)         (-1.94)         (-1.16)         (-1.17)         (-0.65)   

stpr_fac59        -0.0186         -0.0601         -0.0407         -0.0191          -0.105          -0.100         -0.0494         -0.0527   
                  (-0.55)         (-1.70)         (-1.34)         (-0.66)         (-1.41)         (-1.29)         (-0.84)         (-0.85)   

stpr_fac60        -0.0614         -0.0671         -0.0206       -0.000347          -0.119         -0.0307         -0.0538          0.0529   
                  (-1.66)         (-1.75)         (-0.62)         (-0.01)         (-1.46)         (-0.36)         (-0.84)          (0.79)   

stpr_fac61        -0.0895          -0.122*        -0.0124         0.00651        -0.00512         -0.0641         -0.0430          0.0914   
                  (-1.78)         (-2.34)         (-0.28)          (0.15)         (-0.05)         (-0.56)         (-0.49)          (1.00)   

stpr_fac62        -0.0149         -0.0220        -0.00466        -0.00675         0.00808         -0.0376        -0.00534        0.000473   
                  (-0.43)         (-0.62)         (-0.15)         (-0.23)          (0.11)         (-0.48)         (-0.09)          (0.01)   

stpr_fac63         -0.162***      0.00135          -0.167***       -0.102**      0.000812         -0.0807         -0.0181        -0.00379   
                  (-3.99)          (0.03)         (-4.61)         (-2.99)          (0.01)         (-0.87)         (-0.26)         (-0.05)   

stpr_fac64        0.00561         -0.0680         -0.0707*        -0.0893**         0.110        -0.00782          0.0893         0.00725   
                   (0.15)         (-1.72)         (-2.08)         (-2.78)          (1.33)         (-0.09)          (1.35)          (0.10)   

stpr_fac65      -0.000669          -0.153**       -0.0365         -0.0320          0.0688         -0.0158          0.0262          0.0867   
                  (-0.01)         (-3.26)         (-0.90)         (-0.84)          (0.69)         (-0.15)          (0.33)          (1.05)   

stpr_fac66        0.00430         -0.0501         -0.0534         -0.0814         -0.0373          -0.176         -0.0211         -0.0267   
                   (0.08)         (-0.92)         (-1.15)         (-1.85)         (-0.33)         (-1.47)         (-0.23)         (-0.28)   

stpr_fac67         0.0558         -0.0756         -0.0268         -0.0375          0.0387          -0.167          0.0430         -0.0840   
                   (1.25)         (-1.63)         (-0.67)         (-0.99)          (0.39)         (-1.63)          (0.55)         (-1.03)   

stpr_fac68         0.0101         -0.0930         -0.0419         -0.0375          -0.194          -0.277*         -0.103          -0.170   
                   (0.19)         (-1.72)         (-0.90)         (-0.85)         (-1.70)         (-2.32)         (-1.13)         (-1.79)   

stpr_fac69         0.0288         -0.0179         -0.0130         -0.0317          0.0619          -0.214*         0.0392          -0.160   
                   (0.62)         (-0.37)         (-0.31)         (-0.80)          (0.61)         (-2.00)          (0.48)         (-1.89)   

stpr_fac70        0.00167         -0.0287         -0.0730*        -0.0632          0.0282          -0.154        -0.00716          -0.132   
                   (0.04)         (-0.69)         (-2.05)         (-1.88)          (0.32)         (-1.69)         (-0.10)         (-1.83)   

stpr_fac71        0.00212          -0.116**       -0.0237         -0.0217         -0.0996         -0.0951          -0.134*         0.0300   
                   (0.06)         (-2.94)         (-0.70)         (-0.68)         (-1.19)         (-1.09)         (-2.02)          (0.43)   

stpr_fac72        -0.0281          -0.218***      -0.0467         -0.0283          -0.138          -0.127          -0.120          0.0754   
                  (-0.58)         (-4.32)         (-1.08)         (-0.69)         (-1.30)         (-1.15)         (-1.43)          (0.85)   

stpr_fac73        0.00311          -0.118**       0.00616        -0.00822          0.0885         -0.0868          0.0585          0.0206   
                   (0.09)         (-3.26)          (0.20)         (-0.28)          (1.16)         (-1.09)          (0.97)          (0.33)   

stpr_fac74       -0.00317          -0.117**       -0.0404         -0.0139        -0.00812          -0.163         -0.0462         -0.0196   
                  (-0.09)         (-3.04)         (-1.21)         (-0.44)         (-0.10)         (-1.92)         (-0.71)         (-0.29)   

stpr_fac75         0.0185         -0.0427         -0.0813         -0.0532         -0.0277          -0.108         0.00481          -0.167   
                   (0.39)         (-0.87)         (-1.92)         (-1.33)         (-0.27)         (-0.99)          (0.06)         (-1.93)   

stpr_fac76         0.0705         -0.0465         0.00864         0.00419          -0.130          -0.303*         -0.108          -0.253** 
                   (1.35)         (-0.86)          (0.19)          (0.09)         (-1.13)         (-2.54)         (-1.19)         (-2.67)   

stpr_fac77         0.0235         -0.0709         -0.0514         -0.0605           0.336**         0.221           0.272**         0.261** 
                   (0.45)         (-1.30)         (-1.10)         (-1.37)          (2.92)          (1.84)          (2.98)          (2.73)   

stpr_fac78        -0.0224         -0.0500         -0.0251         -0.0394          -0.123          0.0299          -0.102          0.0204   
                  (-0.58)         (-1.26)         (-0.73)         (-1.21)         (-1.46)          (0.34)         (-1.53)          (0.29)   

o.stpr_fac79            0               0               0               0               0               0               0               0   
                      (.)             (.)             (.)             (.)             (.)             (.)             (.)             (.)   

stpr_fac80        -0.0771          -0.105*        -0.0362        -0.00423          -0.131         -0.0269         -0.0633          0.0671   
                  (-1.66)         (-2.17)         (-0.87)         (-0.11)         (-1.28)         (-0.25)         (-0.78)          (0.79)   

stpr_fac81        -0.0850*        -0.0920*        -0.0512         -0.0308          -0.131         -0.0421         -0.0840          0.0621   
                  (-2.00)         (-2.09)         (-1.35)         (-0.86)         (-1.41)         (-0.43)         (-1.14)          (0.81)   

stpr_fac82         0.0570          -0.202***      -0.0495         -0.0577         -0.0836          -0.180         -0.0963          0.0215   
                   (1.20)         (-4.09)         (-1.16)         (-1.43)         (-0.80)         (-1.65)         (-1.16)          (0.25)   

o.stpr_fac83            0               0               0               0               0               0               0               0   
                      (.)             (.)             (.)             (.)             (.)             (.)             (.)             (.)   

stpr_fac84         0.0150         -0.0719          -0.182***       -0.111**        0.0147          -0.271**       -0.0617          -0.252** 
                   (0.35)         (-1.62)         (-4.77)         (-3.07)          (0.16)         (-2.76)         (-0.83)         (-3.23)   

stpr_fac85         0.0580          0.0341         -0.0316         -0.0178         -0.0504          -0.236*        -0.0651          -0.172*  
                   (1.38)          (0.78)         (-0.84)         (-0.50)         (-0.55)         (-2.45)         (-0.89)         (-2.25)   

stpr_fac86        0.00255          -0.104*        -0.0272         -0.0492         -0.0124          -0.103         -0.0435         -0.0636   
                   (0.07)         (-2.55)         (-0.78)         (-1.49)         (-0.14)         (-1.15)         (-0.64)         (-0.89)   

stpr_fac87       -0.00928          -0.122**       -0.0231         -0.0157         -0.0745         -0.0807         -0.0872        -0.00620   
                  (-0.25)         (-3.12)         (-0.69)         (-0.49)         (-0.90)         (-0.94)         (-1.33)         (-0.09)   

stpr_fac88        -0.0687         -0.0574          0.0443          0.0231          -0.103          0.0721         -0.0795           0.173*  
                  (-1.65)         (-1.33)          (1.19)          (0.66)         (-1.13)          (0.76)         (-1.10)          (2.28)   

stpr_fac89       -0.00395          -0.108**       -0.0585         -0.0358         -0.0532         -0.0290         -0.0889          0.0475   
                  (-0.11)         (-2.96)         (-1.86)         (-1.21)         (-0.69)         (-0.36)         (-1.45)          (0.74)   

stpr_fac90        -0.0434         -0.0959*        -0.0720*        -0.0221         -0.0548          -0.127        -0.00576         -0.0217   
                  (-1.10)         (-2.35)         (-2.05)         (-0.66)         (-0.64)         (-1.41)         (-0.08)         (-0.30)   

stpr_fac91       -0.00296          -0.153***    -0.000616        -0.00296         -0.0980          0.0234         -0.0802           0.162*  
                  (-0.09)         (-4.28)         (-0.02)         (-0.10)         (-1.29)          (0.30)         (-1.33)          (2.58)   

stpr_fac92        -0.0154          -0.153***      -0.0179         -0.0142         -0.0910          -0.133         -0.0412        0.000542   
                  (-0.40)         (-3.87)         (-0.52)         (-0.44)         (-1.09)         (-1.52)         (-0.62)          (0.01)   

stpr_fac93         0.0539          -0.130***       0.0198          0.0561         -0.0902         -0.0537         -0.0700          0.0908   
                   (1.50)         (-3.50)          (0.62)          (1.85)         (-1.15)         (-0.65)         (-1.12)          (1.39)   

stpr_fac94        0.00694          -0.134**      -0.00777         -0.0179         -0.0213         -0.0741          0.0203          0.0894   
                   (0.17)         (-3.11)         (-0.21)         (-0.51)         (-0.23)         (-0.78)          (0.28)          (1.18)   

stpr_fac95        -0.0254         -0.0848*        -0.0140         -0.0196          -0.117          -0.106         -0.0788         -0.0139   
                  (-0.62)         (-2.00)         (-0.38)         (-0.57)         (-1.31)         (-1.13)         (-1.11)         (-0.19)   

stpr_fac96        0.00299         -0.0978**      -0.00932        -0.00688          -0.173*         -0.227**       -0.0997         -0.0727   
                   (0.09)         (-2.73)         (-0.30)         (-0.24)         (-2.30)         (-2.88)         (-1.66)         (-1.16)   

stpr_fac97        -0.0472         -0.0985**       -0.0264         -0.0267         -0.0572          0.0171         -0.0223           0.111   
                  (-1.30)         (-2.61)         (-0.81)         (-0.87)         (-0.72)          (0.21)         (-0.35)          (1.67)   

stpr_fac98        -0.0463          -0.105*        -0.0123         -0.0162         -0.0341         -0.0189         -0.0147          0.0821   
                  (-1.16)         (-2.53)         (-0.34)         (-0.48)         (-0.39)         (-0.21)         (-0.21)          (1.13)   

stpr_fac99         0.0299         -0.0225        -0.00760         -0.0425         -0.0893          -0.133         -0.0154          0.0129   
                   (0.81)         (-0.58)         (-0.23)         (-1.35)         (-1.10)         (-1.56)         (-0.24)          (0.19)   

stpr_fac100       -0.0286         -0.0655         -0.0102         0.00379         -0.0642         -0.0686         -0.0458          0.0291   
                  (-0.71)         (-1.57)         (-0.28)          (0.11)         (-0.73)         (-0.74)         (-0.65)          (0.40)   

stpr_fac101       -0.0288         -0.0717          0.0197         -0.0271          -0.144          -0.135          -0.106         -0.0658   
                  (-0.68)         (-1.64)          (0.53)         (-0.76)         (-1.56)         (-1.40)         (-1.45)         (-0.86)   

stpr_fac102       -0.0521          -0.170**         0.160***       0.0574          0.0945         -0.0464           0.126           0.118   
                  (-1.04)         (-3.26)          (3.57)          (1.35)          (0.86)         (-0.40)          (1.44)          (1.30)   

stpr_fac103        0.0223         -0.0634         0.00226         -0.0153           0.137         -0.0128          0.0773          0.0590   
                   (0.66)         (-1.80)          (0.07)         (-0.53)          (1.83)         (-0.17)          (1.31)          (0.96)   

_cons           -0.000533          0.0654*         0.0235          0.0287          0.0237           0.106          0.0268          0.0220   
                  (-0.02)          (2.20)          (0.92)          (1.19)          (0.38)          (1.62)          (0.54)          (0.42)   
--------------------------------------------------------------------------------------------------------------------------------------------
N                    1211            1211            1211            1211            1211            1211            1211            1211   
R-sq                0.188           0.180           0.280           0.216           0.191           0.192           0.207           0.214   
--------------------------------------------------------------------------------------------------------------------------------------------
t statistics in parentheses
* p<0.05, ** p<0.01, *** p<0.001
