--------------------------------------------------------------------------------------------------------------------------------------------
                      (1)             (2)             (3)             (4)             (5)             (6)             (7)             (8)   
             aginc_back~d    aginc_pred~t    nfincome_b~d    nfincome_p~t    output_bac~d    output_pre~t    percapinc_~d    percapinc_~t   
--------------------------------------------------------------------------------------------------------------------------------------------
lnsb01diff~e        0.110          -0.362***      -0.0477          -0.129*         0.0868          0.0367        -0.00386          -0.142** 
                   (1.09)         (-4.50)         (-0.90)         (-2.53)          (1.40)          (0.83)         (-0.07)         (-2.74)   

stpr_fac1        -0.00845         -0.0385         -0.0239          -0.202***       0.0191         -0.0497          0.0594         -0.0842*  
                  (-0.10)         (-0.60)         (-0.56)         (-4.95)          (0.38)         (-1.40)          (1.33)         (-2.03)   

stpr_fac2          0.0174        -0.00399        -0.00241          -0.118***       0.0258         0.00496          0.0471         -0.0409   
                   (0.25)         (-0.07)         (-0.07)         (-3.43)          (0.61)          (0.17)          (1.24)         (-1.17)   

stpr_fac3         -0.0530          0.0737         -0.0328          -0.123***      -0.0250         -0.0291          0.0326         -0.0111   
                  (-0.76)          (1.33)         (-0.89)         (-3.49)         (-0.58)         (-0.95)          (0.84)         (-0.31)   

stpr_fac4          0.0643           0.136*         0.0232         -0.0510         -0.0212         -0.0549          0.0610         0.00456   
                   (0.82)          (2.17)          (0.56)         (-1.29)         (-0.44)         (-1.60)          (1.41)          (0.11)   

stpr_fac5          0.0466        -0.00733          0.0444         -0.0965*        -0.0267         -0.0234          0.0365        -0.00127   
                   (0.50)         (-0.10)          (0.90)         (-2.04)         (-0.46)         (-0.57)          (0.70)         (-0.03)   

stpr_fac6           0.118           0.345**         0.165*        0.00166           0.210*        -0.0831           0.158*         0.0776   
                   (0.84)          (3.07)          (2.23)          (0.02)          (2.42)         (-1.35)          (2.03)          (1.07)   

stpr_fac7           0.168*        -0.0259          0.0771         -0.0887*         0.0514         -0.0237           0.188***      -0.0494   
                   (2.01)         (-0.39)          (1.76)         (-2.11)          (1.00)         (-0.65)          (4.07)         (-1.15)   

stpr_fac8           0.136          0.0552           0.124**       -0.0567          0.0348         0.00696          0.0869       -0.000836   
                   (1.54)          (0.78)          (2.65)         (-1.27)          (0.64)          (0.18)          (1.77)         (-0.02)   

stpr_fac9          0.0506        -0.00520          0.0427          -0.138***       0.0207         -0.0226           0.122**       -0.0231   
                   (0.67)         (-0.09)          (1.08)         (-3.65)          (0.45)         (-0.69)          (2.94)         (-0.60)   

stpr_fac10         -0.114           0.174**        0.0264          -0.145***       0.0650         0.00518          0.0537          0.0745   
                  (-1.37)          (2.63)          (0.60)         (-3.47)          (1.27)          (0.14)          (1.17)          (1.75)   

stpr_fac11         0.0126          0.0875          0.0296         -0.0588         -0.0154         0.00404          0.0375          0.0188   
                   (0.18)          (1.54)          (0.79)         (-1.64)         (-0.35)          (0.13)          (0.95)          (0.51)   

stpr_fac12         0.0436           0.114          0.0469         -0.0620          0.0332         -0.0128          0.0324         -0.0375   
                   (0.57)          (1.89)          (1.17)         (-1.62)          (0.71)         (-0.38)          (0.77)         (-0.96)   

stpr_fac13         -0.135           0.135         -0.0490         -0.0693          0.0251          0.0687          0.0196           0.107*  
                  (-1.40)          (1.76)         (-0.97)         (-1.43)          (0.42)          (1.63)          (0.37)          (2.18)   

stpr_fac14         0.0586           0.155           0.103         -0.0603         0.00470         -0.0305           0.114       -0.000767   
                   (0.50)          (1.67)          (1.69)         (-1.03)          (0.07)         (-0.60)          (1.77)         (-0.01)   

stpr_fac15       -0.00729           0.359***       0.0917         -0.0594          0.0306          0.0720           0.131*         0.0811   
                  (-0.07)          (4.17)          (1.61)         (-1.09)          (0.46)          (1.52)          (2.20)          (1.46)   

stpr_fac16        -0.0710           0.129          0.0178          -0.103*        -0.0211          0.0425          0.0902          0.0193   
                  (-0.81)          (1.86)          (0.39)         (-2.35)         (-0.39)          (1.11)          (1.87)          (0.43)   

stpr_fac17          0.304***        0.107          0.0902*         -0.157***        0.111*       -0.00537           0.166***      -0.0408   
                   (3.82)          (1.70)          (2.15)         (-3.92)          (2.27)         (-0.15)          (3.78)         (-1.00)   

stpr_fac18          0.316***      -0.0468          0.0574          -0.111**        0.0490         -0.0194           0.153***      -0.0980*  
                   (3.99)         (-0.74)          (1.38)         (-2.79)          (1.01)         (-0.56)          (3.49)         (-2.42)   

stpr_fac19        0.00575         -0.0405          0.0498          -0.174***      -0.0220         0.00657          0.0184         -0.0880*  
                   (0.07)         (-0.63)          (1.18)         (-4.30)         (-0.44)          (0.19)          (0.41)         (-2.14)   

stpr_fac20          0.180*        0.00663           0.137***       -0.131***       0.0979*        0.00342          0.0739         -0.0661   
                   (2.35)          (0.11)          (3.41)         (-3.40)          (2.07)          (0.10)          (1.75)         (-1.68)   

stpr_fac21          0.117           0.206**         0.119*         -0.182***     -0.00893          -0.114**        0.0135         -0.0205   
                   (1.32)          (2.93)          (2.57)         (-4.10)         (-0.16)         (-2.95)          (0.28)         (-0.45)   

stpr_fac22         0.0433           0.135          0.0684         -0.0722          0.0305         -0.0622          0.0744         -0.0235   
                   (0.48)          (1.87)          (1.44)         (-1.58)          (0.55)         (-1.57)          (1.49)         (-0.51)   

stpr_fac23         0.0846        -0.00951          0.0730          -0.130**         0.141*        -0.0589           0.122*        -0.0392   
                   (0.85)         (-0.12)          (1.39)         (-2.58)          (2.30)         (-1.35)          (2.21)         (-0.77)   

stpr_fac24         0.0416         -0.0239          0.0199          -0.148**        0.0202         -0.0747          0.0740          -0.113*  
                   (0.41)         (-0.30)          (0.38)         (-2.93)          (0.33)         (-1.70)          (1.33)         (-2.19)   

stpr_fac25         0.0678          0.0868          0.0388         -0.0896*         0.0538         -0.0688          0.0292         -0.0486   
                   (0.84)          (1.35)          (0.91)         (-2.20)          (1.08)         (-1.94)          (0.65)         (-1.17)   

stpr_fac26          0.127         0.00478          0.0657          -0.119           0.144          0.0348          0.0651         -0.0273   
                   (1.00)          (0.05)          (0.98)         (-1.86)          (1.83)          (0.62)          (0.92)         (-0.42)   

stpr_fac27         0.0399          0.0909          0.0450          -0.109          0.0512        -0.00854          0.0562         -0.0242   
                   (0.31)          (0.89)          (0.67)         (-1.68)          (0.65)         (-0.15)          (0.79)         (-0.37)   

stpr_fac28         0.0832          0.0169          0.0387         -0.0440           0.100*         0.0255          0.0777         -0.0212   
                   (1.13)          (0.29)          (1.00)         (-1.19)          (2.20)          (0.79)          (1.91)         (-0.56)   

stpr_fac29         0.0424          0.0825          0.0627         -0.0776         -0.0266         -0.0373          0.0636          0.0126   
                   (0.50)          (1.22)          (1.40)         (-1.81)         (-0.51)         (-1.00)          (1.35)          (0.29)   

stpr_fac30         0.0435          0.0978          0.0387          -0.107**       0.00504         -0.0322          0.0503         -0.0512   
                   (0.61)          (1.73)          (1.04)         (-2.98)          (0.12)         (-1.04)          (1.28)         (-1.41)   

stpr_fac31         0.0638           0.138*         0.0996*        -0.0735         -0.0323         -0.0803*         0.0695         -0.0451   
                   (0.76)          (2.07)          (2.26)         (-1.74)         (-0.63)         (-2.19)          (1.50)         (-1.05)   

stpr_fac32         -0.150*        0.00414         -0.0779*         -0.141***      -0.0627         -0.0305         -0.0509         -0.0531   
                  (-2.05)          (0.07)         (-2.03)         (-3.83)         (-1.40)         (-0.95)         (-1.26)         (-1.42)   

stpr_fac33          0.298*          0.187*          0.290***       -0.111         -0.0340         -0.0375           0.272***      -0.0333   
                   (2.53)          (1.99)          (4.68)         (-1.87)         (-0.47)         (-0.73)          (4.18)         (-0.55)   

stpr_fac34          0.223**        0.0840           0.119**        0.0190         -0.0530         0.00848           0.163***      -0.0219   
                   (2.78)          (1.31)          (2.82)          (0.47)         (-1.07)          (0.24)          (3.67)         (-0.53)   

stpr_fac35         0.0233         -0.0108        -0.00776          -0.163***       0.0442         -0.0104          0.0471         -0.0132   
                   (0.27)         (-0.16)         (-0.17)         (-3.80)          (0.84)         (-0.28)          (1.00)         (-0.30)   

stpr_fac36         0.0175           0.240**        0.0420          0.0341         -0.0614         -0.0427          0.0811           0.113*  
                   (0.19)          (3.27)          (0.86)          (0.73)         (-1.08)         (-1.06)          (1.59)          (2.39)   

stpr_fac37         -0.195           0.177*        -0.0970          -0.267***      -0.0976         -0.0962*        -0.0747          -0.164** 
                  (-1.96)          (2.24)         (-1.85)         (-5.33)         (-1.59)         (-2.21)         (-1.36)         (-3.21)   

stpr_fac38         0.0136          0.0803          0.0204          -0.113**       -0.0356         -0.0100          0.0542         -0.0345   
                   (0.19)          (1.45)          (0.56)         (-3.21)         (-0.83)         (-0.33)          (1.40)         (-0.96)   

stpr_fac39         0.0358        -0.00520         0.00821          -0.174***       0.0210          0.0134          0.0465         -0.0756*  
                   (0.48)         (-0.09)          (0.21)         (-4.60)          (0.45)          (0.41)          (1.12)         (-1.96)   

stpr_fac40        -0.0147          0.0120         -0.0278          -0.169***   -0.0000418          0.0275          0.0567         -0.0589   
                  (-0.19)          (0.19)         (-0.67)         (-4.26)         (-0.00)          (0.80)          (1.30)         (-1.45)   

stpr_fac41        -0.0294          0.0358        -0.00651          -0.152***      -0.0349         -0.0222          0.0451         -0.0459   
                  (-0.43)          (0.66)         (-0.18)         (-4.45)         (-0.84)         (-0.75)          (1.20)         (-1.32)   

stpr_fac42        -0.0163          0.0227         -0.0131          -0.115**       -0.0401          0.0347        -0.00707         -0.0468   
                  (-0.21)          (0.37)         (-0.32)         (-2.96)         (-0.84)          (1.03)         (-0.17)         (-1.18)   

stpr_fac43         0.0599          0.0141         0.00803          -0.129***       0.0689         -0.0166          0.0883*        -0.0466   
                   (0.88)          (0.26)          (0.22)         (-3.76)          (1.64)         (-0.55)          (2.34)         (-1.33)   

stpr_fac44      -0.000435           0.163*         0.0212         -0.0282          0.0294          0.0236          0.0136          0.0306   
                  (-0.01)          (2.51)          (0.49)         (-0.69)          (0.59)          (0.66)          (0.30)          (0.73)   

stpr_fac45         0.0996        -0.00374          0.0607          -0.125***       0.0649         -0.0221          0.0780*        -0.0542   
                   (1.39)         (-0.07)          (1.61)         (-3.47)          (1.47)         (-0.70)          (1.97)         (-1.47)   

stpr_fac46        -0.0343        -0.00319         -0.0143          -0.106**        0.0309       -0.000281        -0.00210         -0.0584   
                  (-0.49)         (-0.06)         (-0.38)         (-2.99)          (0.71)         (-0.01)         (-0.05)         (-1.62)   

stpr_fac47        -0.0734           0.154*        0.00334         -0.0607         -0.0691         -0.0517        -0.00316          0.0369   
                  (-0.96)          (2.52)          (0.08)         (-1.57)         (-1.46)         (-1.54)         (-0.07)          (0.94)   

stpr_fac48         0.0232          0.0667         0.00778          -0.145***       0.0359         -0.0156          0.0700         -0.0317   
                   (0.30)          (1.10)          (0.19)         (-3.78)          (0.77)         (-0.47)          (1.66)         (-0.81)   

stpr_fac49         -0.167           0.256**        -0.107          -0.235***      0.00221        -0.00649          0.0636          0.0213   
                  (-1.48)          (2.85)         (-1.80)         (-4.13)          (0.03)         (-0.13)          (1.02)          (0.37)   

stpr_fac50        -0.0963          0.0747        -0.00606          -0.108*        0.00760         -0.0321         -0.0112         -0.0196   
                  (-1.01)          (0.99)         (-0.12)         (-2.25)          (0.13)         (-0.77)         (-0.21)         (-0.40)   

stpr_fac51        -0.0658           0.190**        0.0309         -0.0627         -0.0179        -0.00868          0.0403          0.0485   
                  (-0.83)          (3.00)          (0.74)         (-1.57)         (-0.37)         (-0.25)          (0.92)          (1.19)   

stpr_fac52         0.0562          0.0970          0.0263         -0.0793*        -0.0290         -0.0211          0.0767        -0.00685   
                   (0.78)          (1.69)          (0.69)         (-2.18)         (-0.65)         (-0.67)          (1.92)         (-0.19)   

stpr_fac53         -0.137           0.256***       0.0303         -0.0808*        -0.0102        -0.00703        -0.00468          0.0732   
                  (-1.87)          (4.39)          (0.79)         (-2.19)         (-0.23)         (-0.22)         (-0.12)          (1.95)   

stpr_fac54        -0.0428          0.0562         -0.0121          -0.212***      -0.0417         -0.0739         0.00185         0.00904   
                  (-0.44)          (0.73)         (-0.24)         (-4.36)         (-0.70)         (-1.75)          (0.03)          (0.18)   

stpr_fac55        -0.0246          0.0819          0.0124         -0.0933*         0.0329         -0.0283          0.0305         -0.0184   
                  (-0.33)          (1.40)          (0.32)         (-2.51)          (0.73)         (-0.88)          (0.75)         (-0.49)   

stpr_fac56       -0.00362           0.115*         0.0344          -0.138***      0.00764         -0.0310          0.0840*       0.000844   
                  (-0.05)          (1.96)          (0.89)         (-3.72)          (0.17)         (-0.96)          (2.06)          (0.02)   

stpr_fac57        0.00193           0.117          0.0204          -0.106*       -0.00987         -0.0452          0.0499          0.0403   
                   (0.02)          (1.42)          (0.38)         (-2.04)         (-0.16)         (-1.00)          (0.87)          (0.76)   

stpr_fac58         0.0947          0.0302          0.0769          -0.135**      0.000282         -0.0955*         0.0844         -0.0843   
                   (1.01)          (0.41)          (1.57)         (-2.88)          (0.00)         (-2.34)          (1.64)         (-1.76)   

stpr_fac59         -0.133           0.215***       0.0158         -0.0337          0.0352         -0.0109        -0.00661          0.0589   
                  (-1.82)          (3.70)          (0.41)         (-0.92)          (0.78)         (-0.34)         (-0.16)          (1.57)   

stpr_fac60        -0.0281           0.192**        0.0469         -0.0796*       -0.00496        -0.00932          0.0498          0.0367   
                  (-0.35)          (3.01)          (1.11)         (-1.97)         (-0.10)         (-0.27)          (1.12)          (0.89)   

stpr_fac61        -0.0378           0.231**        0.0590         -0.0589         -0.0737         -0.0477          0.0683          0.0447   
                  (-0.35)          (2.69)          (1.04)         (-1.09)         (-1.11)         (-1.01)          (1.15)          (0.81)   

stpr_fac62          0.120           0.132*          0.116**       -0.0642          0.0809         -0.0221           0.124**       0.00791   
                   (1.64)          (2.25)          (3.01)         (-1.74)          (1.79)         (-0.69)          (3.07)          (0.21)   

stpr_fac63         -0.127          0.0347         -0.0839          -0.178***       -0.163**        0.0465          0.0845         -0.0333   
                  (-1.44)          (0.50)         (-1.82)         (-4.02)         (-3.02)          (1.21)          (1.74)         (-0.74)   

stpr_fac64        -0.0548          0.0193         -0.0293          -0.152***      -0.0178         -0.0643          0.0544        -0.00286   
                  (-0.68)          (0.30)         (-0.69)         (-3.76)         (-0.36)         (-1.83)          (1.22)         (-0.07)   

stpr_fac65       -0.00906           0.106          0.0627          -0.107*        -0.0317         -0.0742           0.106*        0.00396   
                  (-0.10)          (1.42)          (1.27)         (-2.27)         (-0.55)         (-1.80)          (2.05)          (0.08)   

stpr_fac66         0.0510         -0.0213          0.0371          -0.159**        0.0677         -0.0273           0.104         -0.0369   
                   (0.46)         (-0.24)          (0.64)         (-2.86)          (1.00)         (-0.57)          (1.70)         (-0.65)   

stpr_fac67          0.128         -0.0542          0.0700          -0.156**        0.0464         -0.0322           0.105*        -0.0874   
                   (1.35)         (-0.72)          (1.40)         (-3.26)          (0.79)         (-0.77)          (2.00)         (-1.80)   

stpr_fac68         0.0226          0.0124        -0.00390          -0.134*        -0.0330         -0.0257          0.0446         -0.0438   
                   (0.21)          (0.14)         (-0.07)         (-2.42)         (-0.49)         (-0.53)          (0.73)         (-0.78)   

stpr_fac69          0.111         -0.0562          0.0665          -0.172***       0.0152         -0.0620          0.0873          -0.116*  
                   (1.17)         (-0.74)          (1.33)         (-3.60)          (0.26)         (-1.49)          (1.66)         (-2.39)   

stpr_fac70        -0.0122         -0.0135         -0.0465          -0.174***      -0.0641          0.0103          0.0243         -0.0798   
                  (-0.15)         (-0.20)         (-1.07)         (-4.18)         (-1.26)          (0.29)          (0.53)         (-1.88)   

stpr_fac71        -0.0307           0.257***       0.0400          -0.104*       -0.00190         -0.0519          0.0578          0.0386   
                  (-0.37)          (3.94)          (0.93)         (-2.52)         (-0.04)         (-1.45)          (1.28)          (0.92)   

stpr_fac72        -0.0650           0.406***      0.00583          -0.102         -0.0458          -0.119*          0.102           0.133*  
                  (-0.60)          (4.73)          (0.10)         (-1.87)         (-0.69)         (-2.51)          (1.72)          (2.40)   

stpr_fac73         0.0254           0.140*         0.0563         -0.0712          0.0183         -0.0205          0.0570          0.0104   
                   (0.34)          (2.33)          (1.42)         (-1.88)          (0.39)         (-0.62)          (1.37)          (0.27)   

stpr_fac74        -0.0179        -0.00690        -0.00506          -0.127**         0.130**       -0.0885*         0.0480         -0.0767   
                  (-0.23)         (-0.11)         (-0.12)         (-3.20)          (2.67)         (-2.57)          (1.10)         (-1.90)   

stpr_fac75         -0.112           0.137         -0.0322          -0.162**        0.0253         0.00880        -0.00118          0.0207   
                  (-1.12)          (1.73)         (-0.61)         (-3.22)          (0.41)          (0.20)         (-0.02)          (0.40)   

stpr_fac76          0.112        -0.00757          0.0680          -0.172**         0.101          -0.101*         0.0966          -0.146** 
                   (1.02)         (-0.09)          (1.18)         (-3.12)          (1.49)         (-2.09)          (1.59)         (-2.59)   

stpr_fac77          0.129          0.0776          0.0707          -0.128*        0.00480          0.0206           0.128*        -0.0124   
                   (1.16)          (0.88)          (1.21)         (-2.29)          (0.07)          (0.42)          (2.08)         (-0.22)   

stpr_fac78          0.125         -0.0312          0.0597          -0.110**        0.0491         -0.0346           0.144**       -0.0720   
                   (1.56)         (-0.49)          (1.42)         (-2.73)          (1.00)         (-0.99)          (3.24)         (-1.76)   

o.stpr_fac79            0               0               0               0               0               0               0               0   
                      (.)             (.)             (.)             (.)             (.)             (.)             (.)             (.)   

stpr_fac80         0.0707          0.0952         -0.0387          -0.176***      -0.0968         -0.0691          0.0926          -0.132** 
                   (0.74)          (1.25)         (-0.77)         (-3.66)         (-1.65)         (-1.65)          (1.75)         (-2.70)   

stpr_fac81       -0.00492           0.351***      0.00589          -0.129**       -0.0464         -0.0493          0.0895          0.0716   
                  (-0.05)          (4.66)          (0.12)         (-2.71)         (-0.79)         (-1.19)          (1.71)          (1.48)   

stpr_fac82        -0.0690           0.394***       0.0339          -0.249***      -0.0962         -0.0917*         0.0594          0.0682   
                  (-0.67)          (4.83)          (0.63)         (-4.84)         (-1.52)         (-2.04)          (1.05)          (1.30)   

o.stpr_fac83            0               0               0               0               0               0               0               0   
                      (.)             (.)             (.)             (.)             (.)             (.)             (.)             (.)   

stpr_fac84         -0.219*         -0.104          -0.247***       -0.178***      -0.0706          0.0340         -0.0316         -0.0679   
                  (-2.31)         (-1.37)         (-4.95)         (-3.73)         (-1.21)          (0.82)         (-0.60)         (-1.40)   

stpr_fac85          0.107          0.0203         -0.0126         -0.0914*         0.0826          0.0746          0.0281         -0.0588   
                   (1.23)          (0.29)         (-0.27)         (-2.07)          (1.53)          (1.95)          (0.58)         (-1.31)   

stpr_fac86         0.0387          0.0229          0.0506          -0.182***       0.0457         -0.0986**        0.0922*        -0.0785   
                   (0.47)          (0.35)          (1.17)         (-4.37)          (0.90)         (-2.73)          (2.02)         (-1.86)   

stpr_fac87         0.0340           0.103          0.0773          -0.108**        0.0316         -0.0899**         0.101*        -0.0152   
                   (0.43)          (1.65)          (1.87)         (-2.72)          (0.65)         (-2.61)          (2.31)         (-0.38)   

stpr_fac88        -0.0400           0.374***       0.0645          0.0271         -0.0371         -0.0506          0.0497           0.121** 
                  (-0.44)          (5.20)          (1.36)          (0.60)         (-0.67)         (-1.28)          (1.00)          (2.62)   

stpr_fac89        -0.0118           0.152*         0.0168         -0.0882*       -0.00799         -0.0104          0.0696          0.0240   
                  (-0.15)          (2.49)          (0.42)         (-2.29)         (-0.17)         (-0.31)          (1.65)          (0.61)   

stpr_fac90        -0.0890           0.119         -0.0685          -0.106*        -0.0278         -0.0323        -0.00227         -0.0313   
                  (-1.07)          (1.79)         (-1.57)         (-2.52)         (-0.54)         (-0.89)         (-0.05)         (-0.73)   

stpr_fac91         0.0594           0.106          0.0717         -0.0906*         0.0154         -0.0632*         0.0832*        -0.0114   
                   (0.82)          (1.85)          (1.89)         (-2.50)          (0.35)         (-2.00)          (2.09)         (-0.31)   

stpr_fac92         0.0305          0.0821          0.0713          -0.124**        0.0170          -0.110**        0.0828         -0.0371   
                   (0.39)          (1.32)          (1.74)         (-3.16)          (0.35)         (-3.21)          (1.92)         (-0.93)   

stpr_fac93         0.0653           0.189**        0.0714         -0.0437          0.0274         -0.0628          0.0470         -0.0399   
                   (0.85)          (3.10)          (1.78)         (-1.14)          (0.58)         (-1.88)          (1.11)         (-1.02)   

stpr_fac94         -0.233*          0.395***       0.0147         -0.0124         -0.0459         -0.0568         -0.0605           0.163***
                  (-2.51)          (5.37)          (0.30)         (-0.27)         (-0.81)         (-1.40)         (-1.18)          (3.45)   

stpr_fac95         0.0171          0.0970          0.0390          -0.128**        0.0221         -0.0439          0.0616         -0.0372   
                   (0.20)          (1.41)          (0.86)         (-2.93)          (0.41)         (-1.16)          (1.29)         (-0.84)   

stpr_fac96         0.0962          0.0628          0.0810*         -0.128***       0.0286         -0.0786*          0.105**       -0.0533   
                   (1.36)          (1.12)          (2.18)         (-3.59)          (0.66)         (-2.54)          (2.68)         (-1.47)   

stpr_fac97         0.0326           0.210***       0.0498         -0.0653         -0.0292         -0.0141          0.0968*         0.0485   
                   (0.42)          (3.38)          (1.21)         (-1.66)         (-0.61)         (-0.41)          (2.24)          (1.21)   

stpr_fac98        -0.0570           0.324***       0.0443         -0.0554          0.0418         -0.0565          0.0265           0.105*  
                  (-0.64)          (4.56)          (0.94)         (-1.23)          (0.76)         (-1.44)          (0.54)          (2.29)   

stpr_fac99          0.110          0.0332          0.0589          -0.113**        0.0465        -0.00687          0.0839         -0.0196   
                   (1.40)          (0.53)          (1.42)         (-2.86)          (0.96)         (-0.20)          (1.93)         (-0.49)   

stpr_fac100       -0.0390         0.00334         -0.0171          -0.176***      -0.0354         -0.0897*        -0.0245         -0.0933*  
                  (-0.46)          (0.05)         (-0.38)         (-4.10)         (-0.68)         (-2.40)         (-0.52)         (-2.14)   

stpr_fac101        0.0456          0.0840          0.0281          -0.130**       -0.0612         -0.0106          0.0120         -0.0371   
                   (0.51)          (1.19)          (0.60)         (-2.90)         (-1.12)         (-0.27)          (0.24)         (-0.82)   

stpr_fac102        0.0376           0.119          0.0832          -0.178***      -0.0959          -0.194***      -0.0208          -0.126*  
                   (0.35)          (1.39)          (1.48)         (-3.30)         (-1.45)         (-4.14)         (-0.35)         (-2.30)   

stpr_fac103        0.0568         -0.0331          0.0601          -0.112**        0.0190         -0.0618          0.0640         -0.0540   
                   (0.77)         (-0.57)          (1.56)         (-3.05)          (0.42)         (-1.93)          (1.58)         (-1.44)   

_cons             -0.0400         -0.0798         -0.0399           0.107***      -0.0232          0.0268         -0.0680*         0.0243   
                  (-0.65)         (-1.64)         (-1.24)          (3.47)         (-0.62)          (1.00)         (-2.02)          (0.78)   
--------------------------------------------------------------------------------------------------------------------------------------------
N                    1211            1211            1211            1211            1211            1211            1211            1211   
R-sq                0.241           0.203           0.286           0.314           0.189           0.238           0.239           0.252   
--------------------------------------------------------------------------------------------------------------------------------------------
t statistics in parentheses
* p<0.05, ** p<0.01, *** p<0.001
