--------------------------------------------------------------------------------------------------------------------------------------------
                      (1)             (2)             (3)             (4)             (5)             (6)             (7)             (8)   
             aginc_back~d    aginc_pred~t    nfincome_b~d    nfincome_p~t    output_bac~d    output_pre~t    percapinc_~d    percapinc_~t   
--------------------------------------------------------------------------------------------------------------------------------------------
lntf04diff~e       -0.173         0.00614         -0.0633         -0.0368          -0.177          0.0723          0.0324          0.0363   
                  (-0.97)          (0.03)         (-0.62)         (-0.34)         (-1.48)          (0.53)          (0.29)          (0.31)   

stpr_fac1          -0.169*         0.0575          -0.133***       0.0455          -0.111*          0.101         -0.0720          0.0362   
                  (-2.46)          (0.83)         (-3.37)          (1.10)         (-2.41)          (1.95)         (-1.70)          (0.81)   

stpr_fac2         -0.0126          0.0755         -0.0202          0.0791*        -0.0451          0.0815         -0.0231          0.0428   
                  (-0.19)          (1.13)         (-0.54)          (2.00)         (-1.02)          (1.63)         (-0.57)          (0.99)   

stpr_fac3         -0.0693          0.0891         -0.0354          0.0246         -0.0640          0.0355         -0.0594          0.0353   
                  (-0.96)          (1.22)         (-0.85)          (0.57)         (-1.32)          (0.65)         (-1.33)          (0.75)   

stpr_fac4          0.0532           0.226**        0.0292           0.123**       -0.0519          0.0911         -0.0144          0.0643   
                   (0.75)          (3.15)          (0.72)          (2.89)         (-1.09)          (1.69)         (-0.33)          (1.38)   

stpr_fac5         -0.0346          0.0780         0.00401           0.130*         -0.139*          0.172*       -0.00362           0.123*  
                  (-0.36)          (0.81)          (0.07)          (2.26)         (-2.17)          (2.37)         (-0.06)          (1.97)   

stpr_fac6          0.0407          0.0997          0.0264           0.121          0.0172           0.168*        -0.0286           0.194** 
                   (0.38)          (0.92)          (0.43)          (1.89)          (0.24)          (2.07)         (-0.43)          (2.77)   

stpr_fac7          0.0545          0.0945          0.0805          0.0876         0.00220           0.134         0.00522         0.00829   
                   (0.60)          (1.02)          (1.54)          (1.60)          (0.04)          (1.94)          (0.09)          (0.14)   

stpr_fac8          0.0964          0.0413          0.0992*        0.00300         -0.0121           0.101         -0.0117          0.0299   
                   (1.15)          (0.49)          (2.08)          (0.06)         (-0.22)          (1.59)         (-0.23)          (0.55)   

stpr_fac9         -0.0618         -0.0134         -0.0304          0.0115         -0.0554          0.0833        -0.00232          0.0205   
                  (-0.97)         (-0.21)         (-0.83)          (0.30)         (-1.30)          (1.72)         (-0.06)          (0.49)   

stpr_fac10         -0.115         0.00858         -0.0643          0.0211         -0.0390           0.180***      -0.0249          0.0533   
                  (-1.69)          (0.13)         (-1.66)          (0.52)         (-0.86)          (3.52)         (-0.60)          (1.21)   

stpr_fac11        -0.0788           0.103         -0.0401          0.0964*        -0.0741           0.110*        -0.0496          0.0982*  
                  (-1.20)          (1.55)         (-1.07)          (2.45)         (-1.69)          (2.22)         (-1.22)          (2.29)   

stpr_fac12        -0.0248           0.163*        -0.0237           0.114**        -0.103*          0.148**       -0.0722          0.0581   
                  (-0.36)          (2.35)         (-0.60)          (2.76)         (-2.25)          (2.84)         (-1.70)          (1.29)   

stpr_fac13        -0.0477          0.0319         -0.0456          0.0517       -0.000742           0.134*         0.0634          0.0820   
                  (-0.58)          (0.39)         (-0.97)          (1.05)         (-0.01)          (2.16)          (1.26)          (1.53)   

o.stpr_fac14            0               0               0               0               0               0               0               0   
                      (.)             (.)             (.)             (.)             (.)             (.)             (.)             (.)   

stpr_fac15       -0.00583           0.142         -0.0422          0.0989*         0.0672           0.173**      -0.00525           0.132** 
                  (-0.08)          (1.92)         (-1.01)          (2.26)          (1.38)          (3.12)         (-0.12)          (2.75)   

stpr_fac16         -0.148           0.195*        -0.0259          0.0746         -0.0906           0.164**      -0.00916           0.121*  
                  (-1.89)          (2.47)         (-0.58)          (1.59)         (-1.73)          (2.77)         (-0.19)          (2.36)   

stpr_fac17          0.335***       -0.265**        0.0505          0.0710          0.0380          0.0829           0.128*         -0.194** 
                   (3.46)         (-2.70)          (0.91)          (1.22)          (0.59)          (1.13)          (2.14)         (-3.05)   

stpr_fac18        -0.0668           0.109         -0.0246           0.164**       -0.0155          0.0501          -0.158*         0.0646   
                  (-0.67)          (1.08)         (-0.43)          (2.73)         (-0.23)          (0.66)         (-2.56)          (0.99)   

stpr_fac19         0.0245           0.183         -0.0228          0.0588         -0.0289          0.0305         -0.0860          0.0841   
                   (0.23)          (1.69)         (-0.37)          (0.92)         (-0.40)          (0.38)         (-1.30)          (1.20)   

stpr_fac20          0.138        -0.00268          0.0755         -0.0428          0.0753      -0.0000998         -0.0297         -0.0755   
                   (1.53)         (-0.03)          (1.47)         (-0.79)          (1.25)         (-0.00)         (-0.53)         (-1.28)   

stpr_fac21         0.0737          0.0505         -0.0138          0.0389         -0.0476         -0.0438         -0.0491          0.0739   
                   (1.00)          (0.68)         (-0.33)          (0.89)         (-0.97)         (-0.79)         (-1.08)          (1.54)   

stpr_fac22       -0.00585           0.130       -0.000887          0.0852         -0.0722          0.0797         -0.0654          0.0593   
                  (-0.08)          (1.65)         (-0.02)          (1.83)         (-1.39)          (1.35)         (-1.36)          (1.17)   

stpr_fac23        -0.0228          0.0166         -0.0118         -0.0113          0.0107        -0.00719         -0.0391         -0.0357   
                  (-0.23)          (0.17)         (-0.21)         (-0.19)          (0.16)         (-0.10)         (-0.65)         (-0.56)   

stpr_fac24        -0.0407           0.143         -0.0360           0.131*        -0.0723          0.0834         -0.0899          0.0693   
                  (-0.43)          (1.51)         (-0.67)          (2.34)         (-1.16)          (1.18)         (-1.56)          (1.13)   

stpr_fac25         0.0113           0.119        -0.00268           0.110*        -0.0506          0.0960         -0.0725          0.0433   
                   (0.15)          (1.59)         (-0.06)          (2.48)         (-1.02)          (1.71)         (-1.58)          (0.89)   

stpr_fac26        0.00288          0.0204         0.00241         -0.0416          0.0409          0.0310         -0.0522         -0.0598   
                   (0.02)          (0.17)          (0.04)         (-0.59)          (0.52)          (0.35)         (-0.72)         (-0.78)   

stpr_fac27         0.0447          0.0327          0.0548         0.00165          0.0224          0.0555          0.0152        -0.00542   
                   (0.40)          (0.29)          (0.86)          (0.02)          (0.30)          (0.66)          (0.22)         (-0.07)   

stpr_fac28         0.0585          0.0655          0.0716          0.0519          0.0314          0.0383         -0.0277         -0.0150   
                   (0.65)          (0.72)          (1.40)          (0.96)          (0.52)          (0.56)         (-0.50)         (-0.26)   

stpr_fac29         0.0889           0.101          0.0531          0.0547         -0.0510           0.132*         0.0135          0.0533   
                   (1.05)          (1.18)          (1.10)          (1.08)         (-0.90)          (2.07)          (0.26)          (0.97)   

stpr_fac30         0.0542          0.0971          0.0196          0.0701         -0.0202          0.0750         -0.0305          0.0463   
                   (0.80)          (1.41)          (0.51)          (1.72)         (-0.44)          (1.46)         (-0.73)          (1.04)   

stpr_fac31        0.00981          0.0703          0.0410          0.0463         -0.0683          0.0755         -0.0522          0.0261   
                   (0.14)          (0.99)          (1.02)          (1.09)         (-1.45)          (1.41)         (-1.20)          (0.56)   

stpr_fac32         -0.185**         0.148*        -0.0987**        0.0222          -0.140**        0.0839         -0.0952*         0.0688   
                  (-2.93)          (2.32)         (-2.73)          (0.59)         (-3.30)          (1.75)         (-2.44)          (1.66)   

stpr_fac33          0.132         -0.0710          0.0352         -0.0189         -0.0588          0.0550        -0.00532          0.0234   
                   (1.48)         (-0.79)          (0.69)         (-0.35)         (-0.98)          (0.81)         (-0.10)          (0.40)   

stpr_fac34        0.00827           0.165*         0.0575          0.0629          -0.120*          0.167**       -0.0136         0.00267   
                   (0.12)          (2.28)          (1.40)          (1.46)         (-2.50)          (3.08)         (-0.31)          (0.06)   

stpr_fac35        -0.0460          0.0551         -0.0886*      -0.000705         -0.0206          0.0300         -0.0178          0.0912   
                  (-0.62)          (0.74)         (-2.09)         (-0.02)         (-0.42)          (0.53)         (-0.39)          (1.88)   

stpr_fac36        -0.0620          0.0334         0.00498         -0.0197          -0.117*         0.0610         0.00696        -0.00341   
                  (-0.85)          (0.45)          (0.12)         (-0.45)         (-2.42)          (1.11)          (0.16)         (-0.07)   

stpr_fac37         -0.141           0.155          -0.120**         0.129**        -0.179***        0.153*         -0.116*          0.173** 
                  (-1.75)          (1.91)         (-2.62)          (2.68)         (-3.33)          (2.51)         (-2.33)          (3.29)   

stpr_fac38      -0.000461           0.124*       -0.00917          0.0928*        -0.0794          0.0950*        -0.0229          0.0818*  
                  (-0.01)          (2.02)         (-0.26)          (2.55)         (-1.95)          (2.06)         (-0.61)          (2.06)   

stpr_fac39       -0.00501          0.0883         -0.0341          0.0541        -0.00132          0.0749         -0.0537          0.0587   
                  (-0.07)          (1.25)         (-0.85)          (1.29)         (-0.03)          (1.41)         (-1.24)          (1.28)   

stpr_fac40         0.0109          0.0142        -0.00491          0.0562          0.0682         -0.0363         -0.0343          0.0615   
                   (0.12)          (0.16)         (-0.10)          (1.08)          (1.17)         (-0.55)         (-0.64)          (1.08)   

stpr_fac41        -0.0666          0.0784         -0.0221          0.0478         -0.0396          0.0554         -0.0361          0.0733   
                  (-1.13)          (1.31)         (-0.65)          (1.35)         (-1.00)          (1.24)         (-0.99)          (1.90)   

stpr_fac42        -0.0427           0.136         -0.0257          0.0624         -0.0285          0.0609         -0.0992          0.0529   
                  (-0.51)          (1.61)         (-0.54)          (1.25)         (-0.51)          (0.96)         (-1.93)          (0.97)   

stpr_fac43         0.0197          0.0451        -0.00797          0.0208          0.0141         -0.0404         -0.0413         -0.0117   
                   (0.21)          (0.48)         (-0.15)          (0.37)          (0.23)         (-0.57)         (-0.72)         (-0.19)   

stpr_fac44         0.0533          0.0735          0.0149          0.0415         0.00900          0.0454         -0.0417         -0.0229   
                   (0.59)          (0.81)          (0.29)          (0.77)          (0.15)          (0.67)         (-0.75)         (-0.39)   

stpr_fac45         0.0515          0.0760          0.0361          0.0591         0.00323          0.0445         -0.0147          0.0154   
                   (0.64)          (0.94)          (0.79)          (1.23)          (0.06)          (0.73)         (-0.30)          (0.29)   

stpr_fac46         0.0116          0.0336         -0.0270          0.0646        -0.00781          0.0469         -0.0565          0.0159   
                   (0.13)          (0.39)         (-0.55)          (1.25)         (-0.14)          (0.72)         (-1.06)          (0.28)   

stpr_fac47        -0.0893          0.0450         -0.0568          0.0465          -0.134**         0.129**       -0.0482          0.0336   
                  (-1.45)          (0.72)         (-1.61)          (1.25)         (-3.25)          (2.75)         (-1.27)          (0.83)   

stpr_fac48       -0.00829          0.0496         -0.0524         0.00970         -0.0399          0.0544         -0.0222          0.0362   
                  (-0.11)          (0.68)         (-1.27)          (0.22)         (-0.83)          (1.00)         (-0.50)          (0.77)   

stpr_fac49        -0.0537          -0.182*         -0.204***       -0.113*        -0.0720           0.185**        0.0128        -0.00514   
                  (-0.61)         (-2.05)         (-4.04)         (-2.13)         (-1.22)          (2.77)          (0.24)         (-0.09)   

stpr_fac50        0.00731          0.0569         -0.0350          0.0607         -0.0181          0.0713         -0.0320          0.0270   
                   (0.08)          (0.62)         (-0.68)          (1.12)         (-0.30)          (1.04)         (-0.57)          (0.46)   

stpr_fac51        -0.0745           0.114         -0.0375          0.0630         -0.0556          0.0892         -0.0397           0.102*  
                  (-1.21)          (1.82)         (-1.07)          (1.71)         (-1.35)          (1.91)         (-1.04)          (2.54)   

stpr_fac52         -0.193**         0.228***      -0.0247          0.0876*        0.00980          0.0691          -0.146***        0.139***
                  (-3.01)          (3.52)         (-0.67)          (2.28)          (0.23)          (1.42)         (-3.69)          (3.32)   

stpr_fac53         0.0172           0.156**       -0.0502          0.0235         -0.0692          0.0932*        -0.0284           0.120** 
                   (0.29)          (2.60)         (-1.47)          (0.66)         (-1.74)          (2.06)         (-0.77)          (3.08)   

stpr_fac54         -0.194*          0.131          -0.186***       0.0301          -0.220***       0.0638          -0.108*          0.145** 
                  (-2.29)          (1.52)         (-3.84)          (0.59)         (-3.89)          (0.99)         (-2.07)          (2.62)   

stpr_fac55        -0.0204           0.151*        0.00522           0.111**       -0.0804           0.113*        -0.0244          0.0976*  
                  (-0.32)          (2.34)          (0.14)          (2.91)         (-1.88)          (2.33)         (-0.62)          (2.34)   

stpr_fac56        -0.0519           0.108         -0.0682          0.0524          -0.123**         0.169***      -0.0113          0.0998*  
                  (-0.82)          (1.68)         (-1.88)          (1.38)         (-2.90)          (3.50)         (-0.29)          (2.40)   

stpr_fac57         -0.140           0.115         -0.0976          0.0787          -0.162**         0.119         -0.0354           0.104   
                  (-1.58)          (1.28)         (-1.93)          (1.48)         (-2.74)          (1.77)         (-0.65)          (1.79)   

stpr_fac58         0.0694          0.0337          0.0150          0.0563         -0.0602          0.0501         -0.0513          0.0383   
                   (0.83)          (0.40)          (0.31)          (1.12)         (-1.08)          (0.79)         (-0.99)          (0.70)   

stpr_fac59        -0.0332           0.188**       0.00908           0.120**       -0.0436           0.126**       -0.0390          0.0902*  
                  (-0.52)          (2.92)          (0.25)          (3.16)         (-1.02)          (2.62)         (-0.99)          (2.17)   

stpr_fac60         0.0353          0.0569          0.0137         -0.0174         -0.0336           0.107*        0.00873          0.0425   
                   (0.51)          (0.80)          (0.34)         (-0.42)         (-0.72)          (2.01)          (0.20)          (0.93)   

stpr_fac61        -0.0678           0.128         -0.0330          0.0661          -0.125*          0.142*        -0.0268           0.102   
                  (-0.73)          (1.37)         (-0.62)          (1.19)         (-2.01)          (2.02)         (-0.47)          (1.67)   

stpr_fac62          0.106           0.177*         0.0865*         0.0911*         0.0433           0.122*         0.0246          0.0930*  
                   (1.56)          (2.57)          (2.23)          (2.24)          (0.95)          (2.38)          (0.59)          (2.09)   

stpr_fac63        -0.0651         -0.0702         -0.0539         -0.0808         0.00203           0.114*         0.0165         -0.0256   
                  (-0.88)         (-0.94)         (-1.28)         (-1.83)          (0.04)          (2.04)          (0.36)         (-0.53)   

stpr_fac64       -0.00123          0.0986        -0.00656          0.0710         -0.0363           0.102         -0.0113           0.103   
                  (-0.01)          (1.02)         (-0.12)          (1.24)         (-0.57)          (1.40)         (-0.19)          (1.65)   

stpr_fac65        -0.0884           0.122         -0.0486          0.0859          -0.121*         0.0939         -0.0206          0.0984   
                  (-1.06)          (1.46)         (-1.02)          (1.72)         (-2.18)          (1.49)         (-0.40)          (1.81)   

o.stpr_fac66            0               0               0               0               0               0               0               0   
                      (.)             (.)             (.)             (.)             (.)             (.)             (.)             (.)   

stpr_fac67        -0.0116           0.130         -0.0261           0.116*        -0.0424          0.0725         -0.0647          0.0604   
                  (-0.13)          (1.42)         (-0.50)          (2.13)         (-0.70)          (1.05)         (-1.16)          (1.02)   

stpr_fac68        0.00764           0.117         0.00945          0.0724         -0.0724          0.0651         -0.0249          0.0676   
                   (0.08)          (1.14)          (0.16)          (1.19)         (-1.07)          (0.85)         (-0.40)          (1.02)   

stpr_fac69        -0.0233         0.00651       -0.000592          0.0227         -0.0694          0.0306         -0.0557         0.00179   
                  (-0.29)          (0.08)         (-0.01)          (0.47)         (-1.28)          (0.50)         (-1.12)          (0.03)   

stpr_fac70        -0.0300           0.136         -0.0422          0.0632          -0.113*          0.160**       -0.0492          0.0381   
                  (-0.39)          (1.73)         (-0.95)          (1.36)         (-2.17)          (2.73)         (-1.03)          (0.75)   

stpr_fac71         0.0997          0.0843         0.00276          0.0113         -0.0547          0.0212          0.0562          0.0235   
                   (1.52)          (1.27)          (0.07)          (0.29)         (-1.25)          (0.43)          (1.39)          (0.55)   

stpr_fac72        -0.0768          0.0825          -0.113        -0.00496          -0.184**        0.0706          0.0331          0.0817   
                  (-0.73)          (0.78)         (-1.89)         (-0.08)         (-2.62)          (0.89)          (0.51)          (1.19)   

stpr_fac73        -0.0203           0.117         0.00548          0.0366         -0.0492          0.0705         -0.0285          0.0224   
                  (-0.33)          (1.87)          (0.16)          (0.99)         (-1.20)          (1.51)         (-0.75)          (0.56)   

stpr_fac74         -0.100          0.0603         -0.0454          0.0634         -0.0304          0.0583         -0.0708          0.0307   
                  (-1.48)          (0.88)         (-1.17)          (1.56)         (-0.67)          (1.14)         (-1.69)          (0.69)   

stpr_fac75        -0.0515           0.235*        -0.0511          0.0510         -0.0844          0.0227         -0.0814           0.152*  
                  (-0.50)          (2.26)         (-0.87)          (0.83)         (-1.23)          (0.29)         (-1.28)          (2.26)   

stpr_fac76       0.000450         -0.0131         -0.0191       -0.000125          -0.103          0.0914         -0.0708         -0.0743   
                   (0.00)         (-0.13)         (-0.35)         (-0.00)         (-1.60)          (1.25)         (-1.19)         (-1.18)   

stpr_fac77         0.0620           0.202*        -0.0525           0.119*        -0.0491           0.223**      -0.00895           0.139*  
                   (0.64)          (2.06)         (-0.95)          (2.05)         (-0.76)          (3.04)         (-0.15)          (2.21)   

stpr_fac78        -0.0409          -0.227*         0.0192         -0.0434        0.000745        -0.00189         -0.0491          -0.162** 
                  (-0.45)         (-2.47)          (0.37)         (-0.79)          (0.01)         (-0.03)         (-0.87)         (-2.72)   

stpr_fac79         -0.495***        0.223*       -0.00932          0.0863         -0.0688          0.0673          -0.212***        0.225***
                  (-5.17)          (2.30)         (-0.17)          (1.50)         (-1.07)          (0.93)         (-3.58)          (3.60)   

stpr_fac80         -0.108         -0.0782         -0.0654         -0.0212          -0.140**       0.00902         -0.0725          0.0121   
                  (-1.62)         (-1.17)         (-1.72)         (-0.53)         (-3.16)          (0.18)         (-1.77)          (0.28)   

stpr_fac81         0.0494        -0.00810          -0.140**        0.0642          -0.149**         0.154*         0.0153          0.0600   
                   (0.60)         (-0.10)         (-2.99)          (1.31)         (-2.73)          (2.49)          (0.30)          (1.12)   

stpr_fac82          0.251**       -0.0634         -0.0754          0.0225          -0.186***        0.129*          0.196***       0.0227   
                   (3.07)         (-0.77)         (-1.61)          (0.46)         (-3.41)          (2.09)          (3.89)          (0.42)   

stpr_fac83        -0.0378           0.298**        0.0825          0.0789          -0.141*          0.194**       -0.0169          0.0231   
                  (-0.42)          (3.26)          (1.60)          (1.46)         (-2.34)          (2.83)         (-0.30)          (0.39)   

stpr_fac84         -0.103          0.0782         -0.0714         -0.0364          -0.159*         0.0728        -0.00940         -0.0542   
                  (-1.08)          (0.81)         (-1.31)         (-0.64)         (-2.50)          (1.01)         (-0.16)         (-0.87)   

stpr_fac85          0.114           0.157          0.0680          0.0654          0.0857           0.130         -0.0360        -0.00559   
                   (0.94)          (1.27)          (0.97)          (0.89)          (1.05)          (1.40)         (-0.48)         (-0.07)   

stpr_fac86       -0.00333          0.0855         -0.0180          0.0543         -0.0669          0.0330         -0.0408          0.0434   
                  (-0.04)          (0.96)         (-0.36)          (1.03)         (-1.14)          (0.50)         (-0.75)          (0.75)   

stpr_fac87        -0.0287          0.0849        0.000518          0.0313         -0.0958*         0.0947         -0.0242          0.0514   
                  (-0.44)          (1.28)          (0.01)          (0.80)         (-2.19)          (1.91)         (-0.60)          (1.20)   

stpr_fac88         0.0928           0.205**        0.0733          0.0699         -0.0502           0.203***       0.0763           0.157** 
                   (1.18)          (2.58)          (1.63)          (1.48)         (-0.95)          (3.40)          (1.57)          (3.06)   

stpr_fac89        -0.0442           0.181**       -0.0290          0.0872*        -0.0662           0.189***      -0.0128           0.123** 
                  (-0.66)          (2.68)         (-0.76)          (2.17)         (-1.48)          (3.72)         (-0.31)          (2.81)   

stpr_fac90        -0.0410           0.179*        -0.0211           0.114**       -0.0713           0.118*        -0.0393           0.102*  
                  (-0.57)          (2.48)         (-0.52)          (2.65)         (-1.49)          (2.18)         (-0.89)          (2.18)   

stpr_fac91        -0.0551           0.114         -0.0151          0.0511         -0.0784          0.0567         -0.0584          0.0646   
                  (-0.92)          (1.88)         (-0.44)          (1.43)         (-1.96)          (1.25)         (-1.58)          (1.65)   

stpr_fac92         -0.129*          0.117         -0.0647          0.0543          -0.121**        0.0652         -0.0933*         0.0645   
                  (-2.08)          (1.87)         (-1.83)          (1.47)         (-2.93)          (1.39)         (-2.45)          (1.60)   

stpr_fac93        -0.0200           0.155*        -0.0206          0.0881*         -0.129**         0.102*         -0.110**        0.0312   
                  (-0.32)          (2.47)         (-0.58)          (2.37)         (-3.11)          (2.17)         (-2.87)          (0.77)   

stpr_fac94         -0.163           0.273**       -0.0644          0.0248          -0.136*          0.137*        -0.0405           0.190** 
                  (-1.81)          (2.98)         (-1.25)          (0.46)         (-2.25)          (2.00)         (-0.73)          (3.22)   

stpr_fac95        -0.0241         0.00758         -0.0339         -0.0182         -0.0245          0.0421         -0.0489        -0.00693   
                  (-0.34)          (0.11)         (-0.84)         (-0.43)         (-0.52)          (0.78)         (-1.12)         (-0.15)   

stpr_fac96       -0.00431           0.119        -0.00566          0.0759         -0.0738           0.106         -0.0593          0.0539   
                  (-0.06)          (1.53)         (-0.13)          (1.64)         (-1.43)          (1.82)         (-1.25)          (1.07)   

stpr_fac97        0.00436          0.0805          0.0210          0.0197         -0.0183           0.121**        0.0332          0.0381   
                   (0.07)          (1.36)          (0.63)          (0.56)         (-0.47)          (2.73)          (0.92)          (1.00)   

stpr_fac98         0.0538          0.0415         -0.0232         -0.0354         -0.0471          0.0101          0.0111         -0.0159   
                   (0.84)          (0.64)         (-0.63)         (-0.92)         (-1.10)          (0.21)          (0.28)         (-0.38)   

stpr_fac99       -0.00343           0.116         -0.0182           0.104         -0.0530           0.127         -0.0594          0.0849   
                  (-0.04)          (1.25)         (-0.34)          (1.87)         (-0.86)          (1.82)         (-1.04)          (1.41)   

stpr_fac100        0.0472         -0.0504          0.0338         -0.0817         -0.0261        0.000304         -0.0353         -0.0388   
                   (0.55)         (-0.58)          (0.68)         (-1.58)         (-0.45)          (0.00)         (-0.66)         (-0.69)   

stpr_fac101       -0.0996          0.0970         -0.0759          0.0654          -0.112*         0.0617          -0.125**        0.0476   
                  (-1.27)          (1.23)         (-1.70)          (1.40)         (-2.14)          (1.04)         (-2.59)          (0.93)   

stpr_fac102        -0.129           0.130         -0.0171           0.108*         -0.224***       0.0685          -0.138**         0.133*  
                  (-1.58)          (1.58)         (-0.37)          (2.21)         (-4.12)          (1.11)         (-2.75)          (2.49)   

stpr_fac103        0.0273          0.0688          0.0341          0.0777        -0.00713          0.0561         -0.0497          0.0312   
                   (0.28)          (0.69)          (0.61)          (1.31)         (-0.11)          (0.75)         (-0.82)          (0.48)   

_cons             0.00808         -0.0991         0.00765         -0.0590          0.0427         -0.0820          0.0371         -0.0486   
                   (0.14)         (-1.69)          (0.23)         (-1.70)          (1.10)         (-1.87)          (1.04)         (-1.28)   
--------------------------------------------------------------------------------------------------------------------------------------------
N                    1211            1211            1211            1211            1211            1211            1211            1211   
R-sq                0.293           0.302           0.287           0.262           0.251           0.198           0.277           0.322   
--------------------------------------------------------------------------------------------------------------------------------------------
t statistics in parentheses
* p<0.05, ** p<0.01, *** p<0.001
