--------------------------------------------------------------------------------------------------------------------------------------------
                      (1)             (2)             (3)             (4)             (5)             (6)             (7)             (8)   
             avwage_bac~d    avwage_pre~t    pop_backward     pop_predict    wagebill_b~d    wagebill_p~t    wageemp_ba~d    wageemp_pr~t   
--------------------------------------------------------------------------------------------------------------------------------------------
lntf04diff~e      -0.0829          0.0392          -0.100         -0.0364         -0.0749          -0.156          0.0698         -0.0935   
                  (-0.81)          (0.39)         (-1.12)         (-0.45)         (-0.34)         (-0.68)          (0.40)         (-0.54)   

stpr_fac1         -0.0990*         0.0582         -0.0626       -0.000941          -0.200*         0.0252          -0.189**       -0.0597   
                  (-2.50)          (1.48)         (-1.82)         (-0.03)         (-2.35)          (0.28)         (-2.80)         (-0.90)   

stpr_fac2         -0.0274          0.0204          0.0108          0.0240         -0.0416        0.000296         -0.0882         -0.0681   
                  (-0.72)          (0.54)          (0.33)          (0.80)         (-0.51)          (0.00)         (-1.36)         (-1.06)   

stpr_fac3         -0.0170       -0.000951         0.00913        -0.00556          -0.114          0.0507          -0.183*        -0.0321   
                  (-0.41)         (-0.02)          (0.25)         (-0.17)         (-1.27)          (0.55)         (-2.57)         (-0.46)   

stpr_fac4         -0.0276          0.0197          0.0443          0.0657*        0.00966           0.133         -0.0263          0.0700   
                  (-0.67)          (0.48)          (1.24)          (2.02)          (0.11)          (1.46)         (-0.38)          (1.02)   

stpr_fac5         -0.0581          0.0650        -0.00104         -0.0197          -0.153          0.0499          -0.176         -0.0630   
                  (-1.05)          (1.19)         (-0.02)         (-0.45)         (-1.30)          (0.41)         (-1.87)         (-0.68)   

stpr_fac6          0.0795          0.0850          0.0437         -0.0535          -0.150         -0.0776          -0.215*        -0.0818   
                   (1.29)          (1.39)          (0.82)         (-1.10)         (-1.14)         (-0.56)         (-2.04)         (-0.79)   

stpr_fac7          0.0315          0.0445          0.0428          0.0786          0.0272          -0.102        -0.00660         -0.0483   
                   (0.60)          (0.85)          (0.93)          (1.88)          (0.24)         (-0.87)         (-0.07)         (-0.55)   

stpr_fac8         0.00678        0.000427           0.104*        -0.0161         -0.0616         -0.0455          -0.168*        -0.0590   
                   (0.14)          (0.01)          (2.47)         (-0.42)         (-0.60)         (-0.42)         (-2.05)         (-0.73)   

stpr_fac9         -0.0285        -0.00660         -0.0202         -0.0250          0.0568           0.132          0.0246          0.0802   
                  (-0.78)         (-0.18)         (-0.63)         (-0.86)          (0.72)          (1.61)          (0.39)          (1.30)   

stpr_fac10       0.000305          0.0705         -0.0583         -0.0324          0.0307           0.178*        -0.0340          0.0773   
                   (0.01)          (1.83)         (-1.72)         (-1.05)          (0.37)          (2.05)         (-0.51)          (1.18)   

stpr_fac11        -0.0149          0.0714         0.00102         0.00501          0.0177          0.0627         -0.0150         0.00939   
                  (-0.39)          (1.90)          (0.03)          (0.17)          (0.22)          (0.74)         (-0.23)          (0.15)   

stpr_fac12        -0.0166          0.0525          0.0439          0.0557         -0.0790          0.0314         -0.0778         -0.0836   
                  (-0.42)          (1.34)          (1.27)          (1.78)         (-0.93)          (0.36)         (-1.15)         (-1.25)   

stpr_fac13         0.0348          0.0756         -0.0936*        -0.0531         0.00130           0.127         -0.0776          0.0311   
                   (0.74)          (1.62)         (-2.28)         (-1.42)          (0.01)          (1.21)         (-0.97)          (0.39)   

o.stpr_fac14            0               0               0               0               0               0               0               0   
                      (.)             (.)             (.)             (.)             (.)             (.)             (.)             (.)   

stpr_fac15         0.0641           0.112**       -0.0401         -0.0165           0.179*        -0.0251          0.0877         -0.0780   
                   (1.52)          (2.69)         (-1.10)         (-0.49)          (1.98)         (-0.27)          (1.22)         (-1.10)   

stpr_fac16         0.0415           0.106*        -0.0415         -0.0112          0.0213           0.117          -0.105         -0.0110   
                   (0.92)          (2.38)         (-1.06)         (-0.31)          (0.22)          (1.16)         (-1.36)         (-0.15)   

stpr_fac17         0.0636         -0.0321          0.0755          0.0549          0.0786          0.0984         -0.0580          0.0483   
                   (1.14)         (-0.58)          (1.55)          (1.24)          (0.66)          (0.79)         (-0.61)          (0.51)   

stpr_fac18        -0.0101          0.0174           0.102*         0.0618          0.0703           0.130         -0.0786          0.0158   
                  (-0.18)          (0.31)          (2.04)          (1.35)          (0.57)          (1.01)         (-0.80)          (0.16)   

stpr_fac19         0.0398         0.00539          0.0674         0.00572           0.103          0.0966         -0.0168         0.00285   
                   (0.64)          (0.09)          (1.26)          (0.12)          (0.78)          (0.70)         (-0.16)          (0.03)   

stpr_fac20         0.0288          0.0438           0.105*         0.0381           0.123           0.133         0.00109          0.0213   
                   (0.56)          (0.85)          (2.33)          (0.93)          (1.10)          (1.15)          (0.01)          (0.24)   

stpr_fac21       -0.00570         -0.0182          0.0605        0.000443          0.0307       -0.000303         -0.0292        -0.00566   
                  (-0.13)         (-0.44)          (1.65)          (0.01)          (0.34)         (-0.00)         (-0.40)         (-0.08)   

stpr_fac22        -0.0194          0.0239          0.0591          0.0322         0.00104           0.126         -0.0742          0.0532   
                  (-0.43)          (0.54)          (1.52)          (0.91)          (0.01)          (1.27)         (-0.97)          (0.71)   

stpr_fac23         0.0138        -0.00338          0.0241          0.0248         -0.0736          0.0848         -0.0405        -0.00213   
                   (0.24)         (-0.06)          (0.49)          (0.56)         (-0.61)          (0.68)         (-0.42)         (-0.02)   

stpr_fac24        -0.0309          0.0212          0.0487          0.0623         -0.0439           0.155          -0.101          0.0735   
                  (-0.57)          (0.40)          (1.04)          (1.46)         (-0.38)          (1.29)         (-1.10)          (0.81)   

stpr_fac25       -0.00611          0.0169          0.0686          0.0703*         0.0525           0.100         -0.0348          0.0311   
                  (-0.14)          (0.40)          (1.85)          (2.08)          (0.57)          (1.05)         (-0.48)          (0.43)   

stpr_fac26         0.0607          0.0266          0.0467          0.0177          0.0902          0.0204         -0.0290        -0.00965   
                   (0.89)          (0.40)          (0.79)          (0.33)          (0.62)          (0.13)         (-0.25)         (-0.08)   

stpr_fac27         0.0137         0.00179          0.0358          0.0114          0.0369         0.00425         -0.0294         -0.0458   
                   (0.21)          (0.03)          (0.64)          (0.22)          (0.27)          (0.03)         (-0.27)         (-0.42)   

stpr_fac28         0.0383          0.0168          0.0886*         0.0585           0.102          0.0852         0.00426         0.00101   
                   (0.74)          (0.33)          (1.97)          (1.43)          (0.92)          (0.74)          (0.05)          (0.01)   

stpr_fac29         0.0288          0.0290          0.0396        0.000627           0.182          0.0272          0.0502         0.00315   
                   (0.59)          (0.60)          (0.94)          (0.02)          (1.75)          (0.25)          (0.61)          (0.04)   

stpr_fac30        0.00673          0.0250          0.0480          0.0244           0.121           0.113          0.0323          0.0409   
                   (0.17)          (0.65)          (1.41)          (0.79)          (1.45)          (1.30)          (0.48)          (0.62)   

stpr_fac31        0.00849          0.0217          0.0854*         0.0257          0.0855        -0.00843         0.00558         -0.0697   
                   (0.21)          (0.54)          (2.42)          (0.80)          (0.98)         (-0.09)          (0.08)         (-1.02)   

stpr_fac32        -0.0329          0.0312         -0.0312         -0.0104        0.000198          0.0249         -0.0813        -0.00735   
                  (-0.90)          (0.86)         (-0.98)         (-0.36)          (0.00)          (0.31)         (-1.31)         (-0.12)   

stpr_fac33        -0.0152          0.0571          0.0890*        -0.0259        0.000667           0.104         -0.0611         -0.0217   
                  (-0.30)          (1.12)          (1.99)         (-0.64)          (0.01)          (0.91)         (-0.70)         (-0.25)   

stpr_fac34       -0.00621          0.0746          0.0744*         0.0691*         0.0832           0.119          0.0116        0.000551   
                  (-0.15)          (1.82)          (2.07)          (2.11)          (0.94)          (1.29)          (0.16)          (0.01)   

stpr_fac35         0.0331         0.00725         -0.0461         -0.0580         -0.0331          -0.135          -0.194**        -0.109   
                   (0.78)          (0.17)         (-1.24)         (-1.72)         (-0.36)         (-1.42)         (-2.67)         (-1.52)   

stpr_fac36        -0.0268         0.00678        -0.00273        -0.00222         -0.0305         -0.0216          -0.104         -0.0735   
                  (-0.64)          (0.16)         (-0.08)         (-0.07)         (-0.34)         (-0.23)         (-1.46)         (-1.05)   

stpr_fac37        -0.0805          0.0455         -0.0148         -0.0185          -0.108          -0.160          -0.147          -0.137   
                  (-1.74)          (0.99)         (-0.37)         (-0.50)         (-1.08)         (-1.55)         (-1.85)         (-1.76)   

stpr_fac38        -0.0242          0.0676          0.0170          0.0107           0.156*          0.189*         0.0661          0.0637   
                  (-0.69)          (1.95)          (0.56)          (0.39)          (2.07)          (2.42)          (1.11)          (1.08)   

stpr_fac39         0.0250          0.0571          0.0265         0.00595           0.108           0.138          0.0134          0.0532   
                   (0.62)          (1.43)          (0.76)          (0.19)          (1.25)          (1.53)          (0.19)          (0.78)   

stpr_fac40         0.0299         -0.0142          0.0220         -0.0295           0.245*         0.0684          0.0830          0.0142   
                   (0.60)         (-0.29)          (0.50)         (-0.74)          (2.28)          (0.61)          (0.97)          (0.17)   

stpr_fac41        0.00360          0.0367        -0.00901         -0.0167           0.143          0.0928          0.0849          0.0262   
                   (0.11)          (1.09)         (-0.30)         (-0.62)          (1.96)          (1.22)          (1.46)          (0.46)   

stpr_fac42        -0.0319          0.0241          0.0636          0.0300           0.100           0.205       -0.000303          0.0796   
                  (-0.66)          (0.51)          (1.52)          (0.79)          (0.97)          (1.92)         (-0.00)          (0.99)   

stpr_fac43         0.0564         -0.0723          0.0297          0.0263          0.0163        -0.00470          -0.153         -0.0785   
                   (1.05)         (-1.35)          (0.63)          (0.62)          (0.14)         (-0.04)         (-1.67)         (-0.87)   

stpr_fac44         0.0140        -0.00710          0.0551          0.0622           0.171           0.321**        0.0233           0.214*  
                   (0.27)         (-0.14)          (1.22)          (1.51)          (1.54)          (2.78)          (0.26)          (2.45)   

stpr_fac45         0.0284          0.0177          0.0611          0.0361          0.0919           0.215*        -0.0332          0.0999   
                   (0.61)          (0.39)          (1.52)          (0.99)          (0.93)          (2.08)         (-0.42)          (1.28)   

stpr_fac46         0.0129         0.00530          0.0431          0.0176         -0.0468         0.00208          -0.113         -0.0148   
                   (0.26)          (0.11)          (1.00)          (0.45)         (-0.44)          (0.02)         (-1.33)         (-0.18)   

stpr_fac47        -0.0267          0.0156         0.00192        -0.00809          0.0440         -0.0229          0.0188         -0.0645   
                  (-0.75)          (0.44)          (0.06)         (-0.29)          (0.58)         (-0.29)          (0.31)         (-1.08)   

stpr_fac48       -0.00172          0.0124       -0.000663        -0.00687       -0.000276          0.0460          -0.108         -0.0329   
                  (-0.04)          (0.30)         (-0.02)         (-0.21)         (-0.00)          (0.50)         (-1.52)         (-0.47)   

stpr_fac49        0.00302           0.134**        -0.150***       -0.146***       -0.108          -0.126          -0.112          -0.240** 
                   (0.06)          (2.66)         (-3.40)         (-3.63)         (-1.00)         (-1.12)         (-1.29)         (-2.81)   

stpr_fac50         0.0217          0.0346          0.0178          0.0152           0.108           0.149          0.0179          0.0811   
                   (0.42)          (0.67)          (0.39)          (0.37)          (0.96)          (1.28)          (0.20)          (0.92)   

stpr_fac51        -0.0109          0.0410         -0.0203         -0.0153          0.0225          0.0151         -0.0464         -0.0136   
                  (-0.31)          (1.16)         (-0.66)         (-0.54)          (0.30)          (0.19)         (-0.77)         (-0.23)   

stpr_fac52        -0.0335          0.0422         0.00489          0.0206          0.0300           0.122         -0.0802         -0.0116   
                  (-0.91)          (1.15)          (0.15)          (0.70)          (0.38)          (1.49)         (-1.27)         (-0.19)   

stpr_fac53        0.00551          0.0207         0.00937         -0.0160          0.0137         -0.0145         -0.0655         -0.0598   
                   (0.16)          (0.61)          (0.31)         (-0.59)          (0.19)         (-0.19)         (-1.12)         (-1.04)   

stpr_fac54        -0.0860          0.0841         -0.0431         -0.0581          -0.184         -0.0274          -0.157         -0.0887   
                  (-1.76)          (1.74)         (-1.02)         (-1.50)         (-1.76)         (-0.25)         (-1.88)         (-1.08)   

stpr_fac55       0.000987          0.0428          0.0208          0.0213          0.0227          0.0524         -0.0422         -0.0245   
                   (0.03)          (1.17)          (0.65)          (0.73)          (0.29)          (0.64)         (-0.67)         (-0.40)   

stpr_fac56        -0.0229          0.0878*        -0.0312         -0.0269         -0.0577          0.0753         -0.0864         -0.0283   
                  (-0.63)          (2.42)         (-0.98)         (-0.93)         (-0.73)          (0.92)         (-1.38)         (-0.46)   

stpr_fac57        -0.0473          0.0632         -0.0632        -0.00682         -0.0187           0.222         -0.0579          0.0599   
                  (-0.93)          (1.25)         (-1.42)         (-0.17)         (-0.17)          (1.95)         (-0.67)          (0.70)   

stpr_fac58        -0.0281         -0.0346          0.0627          0.0224         -0.0202           0.223*        -0.0624          0.0382   
                  (-0.58)         (-0.73)          (1.50)          (0.59)         (-0.20)          (2.07)         (-0.76)          (0.47)   

stpr_fac59         0.0251          0.0988**        0.0194          0.0428        -0.00267           0.180*        -0.0879          0.0169   
                   (0.69)          (2.72)          (0.61)          (1.48)         (-0.03)          (2.20)         (-1.41)          (0.27)   

stpr_fac60        0.00386          0.0804*        0.00594         -0.0264          0.0473          0.0321        -0.00122         -0.0707   
                   (0.10)          (2.02)          (0.17)         (-0.83)          (0.55)          (0.36)         (-0.02)         (-1.04)   

stpr_fac61        -0.0522          0.0690         -0.0111         -0.0118         -0.0452          -0.106         -0.0401         -0.0265   
                  (-0.98)          (1.30)         (-0.24)         (-0.28)         (-0.39)         (-0.89)         (-0.44)         (-0.29)   

stpr_fac62         0.0530          0.0582          0.0545         0.00906           0.130           0.132         -0.0101          0.0197   
                   (1.36)          (1.50)          (1.60)          (0.29)          (1.55)          (1.52)         (-0.15)          (0.30)   

stpr_fac63         0.0874*         0.0551         -0.0770*        -0.0478          0.0920         0.00208         -0.0153         -0.0329   
                   (2.06)          (1.31)         (-2.08)         (-1.42)          (1.01)          (0.02)         (-0.21)         (-0.46)   

stpr_fac64        0.00900         -0.0289        -0.00260         -0.0321           0.148           0.200        -0.00749          0.0785   
                   (0.16)         (-0.53)         (-0.05)         (-0.74)          (1.25)          (1.62)         (-0.08)          (0.85)   

stpr_fac65        -0.0417          0.0452         -0.0328         0.00599           0.132         -0.0973           0.100         -0.0489   
                  (-0.87)          (0.95)         (-0.79)          (0.16)          (1.28)         (-0.91)          (1.23)         (-0.61)   

o.stpr_fac66            0               0               0               0               0               0               0               0   
                      (.)             (.)             (.)             (.)             (.)             (.)             (.)             (.)   

stpr_fac67        0.00773          0.0180          0.0353          0.0569          0.0409          0.0759         -0.0531          0.0111   
                   (0.15)          (0.35)          (0.78)          (1.37)          (0.36)          (0.65)         (-0.59)          (0.13)   

stpr_fac68        -0.0211         0.00439          0.0322         0.00818         -0.0236          0.0228          -0.113          0.0228   
                  (-0.36)          (0.08)          (0.63)          (0.18)         (-0.19)          (0.17)         (-1.13)          (0.23)   

stpr_fac69       -0.00342          0.0124          0.0506          0.0193        -0.00995        -0.00792         -0.0900         -0.0572   
                  (-0.07)          (0.27)          (1.25)          (0.52)         (-0.10)         (-0.08)         (-1.13)         (-0.73)   

stpr_fac70        -0.0149          0.0915*        0.00184          0.0319          0.0602         -0.0465         -0.0702         -0.0919   
                  (-0.33)          (2.07)          (0.05)          (0.90)          (0.63)         (-0.47)         (-0.92)         (-1.22)   

stpr_fac71        0.00887          0.0253         0.00328          0.0207          0.0329          0.0743         -0.0544         -0.0466   
                   (0.24)          (0.68)          (0.10)          (0.69)          (0.41)          (0.88)         (-0.85)         (-0.73)   

stpr_fac72        -0.0863          0.0636         -0.0865         -0.0475          -0.103         -0.0404         -0.0510         -0.0831   
                  (-1.43)          (1.06)         (-1.64)         (-0.99)         (-0.79)         (-0.30)         (-0.49)         (-0.82)   

stpr_fac73       -0.00611          0.0129          0.0305          0.0295          0.0584         -0.0628         -0.0381         -0.0581   
                  (-0.17)          (0.37)          (0.99)          (1.05)          (0.77)         (-0.80)         (-0.63)         (-0.98)   

stpr_fac74        -0.0268          0.0184          0.0217          0.0331         -0.0116          0.0367         -0.0535         -0.0180   
                  (-0.69)          (0.48)          (0.64)          (1.07)         (-0.14)          (0.42)         (-0.80)         (-0.27)   

stpr_fac75         -0.101           0.115*         0.0289         -0.0145          0.0590           0.113         -0.0947         -0.0764   
                  (-1.70)          (1.96)          (0.56)         (-0.31)          (0.46)          (0.86)         (-0.94)         (-0.77)   

stpr_fac76        -0.0202         0.00630          0.0578          0.0481          -0.158          -0.116          -0.214*         -0.162   
                  (-0.36)          (0.11)          (1.20)          (1.09)         (-1.33)         (-0.93)         (-2.26)         (-1.73)   

stpr_fac77         0.0166          0.0976        -0.00997         -0.0220           0.383**         0.188           0.254**        0.0529   
                   (0.30)          (1.77)         (-0.21)         (-0.50)          (3.21)          (1.52)          (2.68)          (0.57)   

stpr_fac78        -0.0120         -0.0813          0.0378        -0.00463          0.0706           0.315**       -0.0923           0.104   
                  (-0.23)         (-1.56)          (0.83)         (-0.11)          (0.63)          (2.69)         (-1.03)          (1.17)   

stpr_fac79         0.0249           0.112*        -0.0299         -0.0533          0.0271         0.00416         -0.0452          -0.120   
                   (0.45)          (2.04)         (-0.62)         (-1.22)          (0.23)          (0.03)         (-0.48)         (-1.29)   

stpr_fac80        0.00423          0.0291        -0.00289         -0.0624*        -0.0113         -0.0470         -0.0821         -0.0939   
                   (0.11)          (0.77)         (-0.09)         (-2.06)         (-0.14)         (-0.55)         (-1.26)         (-1.46)   

stpr_fac81         0.0345           0.118*        -0.0503         -0.0561         -0.0407         -0.0371         -0.0680         -0.0977   
                   (0.73)          (2.53)         (-1.23)         (-1.50)         (-0.40)         (-0.35)         (-0.85)         (-1.23)   

stpr_fac82       0.000357          0.0418         -0.0557          -0.104**        -0.119          -0.312**       -0.0921          -0.251** 
                   (0.01)          (0.90)         (-1.36)         (-2.79)         (-1.18)         (-2.97)         (-1.15)         (-3.17)   

stpr_fac83        -0.0396          0.0733          0.0584          0.0875*          0.228*          0.299*          0.118           0.160   
                  (-0.76)          (1.42)          (1.29)          (2.12)          (2.04)          (2.58)          (1.33)          (1.82)   

stpr_fac84        -0.0772        -0.00485         -0.0608          0.0398        -0.00707          0.0713          -0.144         -0.0105   
                  (-1.41)         (-0.09)         (-1.27)          (0.92)         (-0.06)          (0.58)         (-1.54)         (-0.11)   

stpr_fac85         0.0764          0.0807           0.102          0.0659         -0.0684           0.283          -0.235*          0.128   
                   (1.09)          (1.16)          (1.67)          (1.19)         (-0.45)          (1.81)         (-1.96)          (1.08)   

stpr_fac86        -0.0260         0.00429          0.0202          0.0109          0.0464           0.241*         -0.101          0.0639   
                  (-0.51)          (0.09)          (0.46)          (0.27)          (0.43)          (2.14)         (-1.17)          (0.75)   

stpr_fac87        -0.0402          0.0128          0.0210         -0.0102         0.00893          0.0970         -0.0740         -0.0159   
                  (-1.07)          (0.34)          (0.64)         (-0.34)          (0.11)          (1.15)         (-1.15)         (-0.25)   

stpr_fac88         0.0676          0.0489          0.0261        -0.00140           0.168         -0.0700          0.0750         -0.0908   
                   (1.49)          (1.09)          (0.66)         (-0.04)          (1.73)         (-0.69)          (0.97)         (-1.19)   

stpr_fac89        -0.0387          0.0802*        -0.0175         -0.0143          0.0779           0.115        -0.00887        -0.00785   
                  (-1.01)          (2.10)         (-0.52)         (-0.47)          (0.94)          (1.34)         (-0.13)         (-0.12)   

stpr_fac90        -0.0274          0.0202          0.0133          0.0212          0.0278           0.106         -0.0335          0.0128   
                  (-0.67)          (0.49)          (0.37)          (0.65)          (0.32)          (1.15)         (-0.48)          (0.19)   

stpr_fac91        -0.0509          0.0128          0.0277         0.00101          0.0507           0.237**        0.0379           0.113   
                  (-1.48)          (0.37)          (0.92)          (0.04)          (0.69)          (3.08)          (0.64)          (1.94)   

stpr_fac92        -0.0376          0.0371         0.00515        0.000952         -0.0255          0.0701         -0.0613         -0.0222   
                  (-1.06)          (1.05)          (0.17)          (0.03)         (-0.33)          (0.88)         (-1.01)         (-0.37)   

stpr_fac93        -0.0314          0.0615          0.0767*         0.0665*         0.0507          0.0607          0.0167        -0.00551   
                  (-0.88)          (1.74)          (2.47)          (2.35)          (0.66)          (0.76)          (0.27)         (-0.09)   

stpr_fac94        -0.0318        -0.00739         -0.0484         -0.0239        -0.00900         -0.0768          0.0201         -0.0565   
                  (-0.61)         (-0.14)         (-1.07)         (-0.58)         (-0.08)         (-0.66)          (0.23)         (-0.65)   

stpr_fac95         0.0108        -0.00555          0.0115      -0.0000291        -0.00485         -0.0769         -0.0893          -0.106   
                   (0.26)         (-0.14)          (0.32)         (-0.00)         (-0.06)         (-0.84)         (-1.28)         (-1.54)   

stpr_fac96        -0.0118          0.0661          0.0489          0.0249          -0.106           0.150          -0.126         0.00147   
                  (-0.27)          (1.50)          (1.27)          (0.71)         (-1.12)          (1.51)         (-1.67)          (0.02)   

stpr_fac97         0.0105          0.0800*        -0.0190         0.00705          0.0782           0.109       -0.000214        -0.00112   
                   (0.31)          (2.39)         (-0.65)          (0.26)          (1.08)          (1.45)         (-0.00)         (-0.02)   

stpr_fac98         0.0198         -0.0195         0.00412        -0.00145          0.0515          0.0219         -0.0510          0.0205   
                   (0.53)         (-0.53)          (0.13)         (-0.05)          (0.65)          (0.26)         (-0.81)          (0.33)   

stpr_fac99         0.0237          0.0873          0.0392          0.0144          0.0206           0.286*        -0.0131           0.130   
                   (0.45)          (1.66)          (0.85)          (0.34)          (0.18)          (2.41)         (-0.14)          (1.46)   

stpr_fac100        0.0222         -0.0548          0.0863*        -0.0317           0.119         -0.0232          0.0256         -0.0117   
                   (0.45)         (-1.11)          (2.00)         (-0.80)          (1.11)         (-0.21)          (0.30)         (-0.14)   

stpr_fac101       -0.0437          0.0392          0.0456          0.0306         -0.0655          0.0741          -0.153*         0.0153   
                  (-0.97)          (0.88)          (1.17)          (0.86)         (-0.68)          (0.74)         (-2.00)          (0.20)   

stpr_fac102       -0.0633          0.0117          0.0929*        -0.0289          0.0312         -0.0555          0.0493         -0.0790   
                  (-1.35)          (0.25)          (2.28)         (-0.78)          (0.31)         (-0.53)          (0.62)         (-1.00)   

stpr_fac103        0.0192         0.00501          0.0836          0.0328           0.134           0.232          0.0330           0.107   
                   (0.34)          (0.09)          (1.69)          (0.73)          (1.10)          (1.83)          (0.34)          (1.12)   

_cons            -0.00246         -0.0346         -0.0257         -0.0164         -0.0322         -0.0771          0.0444        0.000629   
                  (-0.07)         (-1.05)         (-0.88)         (-0.62)         (-0.45)         (-1.04)          (0.78)          (0.01)   
--------------------------------------------------------------------------------------------------------------------------------------------
N                    1211            1211            1211            1211            1211            1211            1211            1211   
R-sq                0.191           0.213           0.230           0.219           0.217           0.241           0.241           0.196   
--------------------------------------------------------------------------------------------------------------------------------------------
t statistics in parentheses
* p<0.05, ** p<0.01, *** p<0.001
