----------------------------------------------------------------------------------------------------------------------------
                      (1)             (2)             (3)             (4)             (5)             (6)             (7)   
             _75_percap~e    _80_percap~e    _85_percap~e    _90_percap~e    _95_percap~e    _00_percap~e    _05_percap~e   
----------------------------------------------------------------------------------------------------------------------------
bh04differ~e       0.0157          0.0167         -0.0215         0.00508          0.0667*         0.0109          0.0282   
                   (0.35)          (0.31)         (-0.62)          (0.16)          (2.11)          (0.41)          (1.00)   

cedc87diff~e       0.0467**       -0.0373*        0.00768         0.00774        -0.00297        -0.00810         -0.0131   
                   (2.85)         (-2.37)          (0.86)          (0.88)         (-0.44)         (-0.95)         (-1.50)   

cedp87diff~e      -0.0234         0.00801         0.00986         0.00448         -0.0111       -0.000569          0.0156*  
                  (-1.76)          (0.65)          (0.98)          (0.61)         (-1.81)         (-0.10)          (2.25)   

cedpi95dif~e        0.116*        -0.0674          0.0130          0.0213          0.0627         0.00305         -0.0267   
                   (2.09)         (-1.18)          (0.26)          (0.59)          (1.86)          (0.10)         (-0.82)   

ft75differ~e      0.00852         0.00598        -0.00721         0.00119         0.00507         0.00995        -0.00321   
                   (0.76)          (0.62)         (-1.33)          (0.21)          (1.21)          (1.84)         (-0.64)   

frsg04diff~e      -0.0810          0.0884         -0.0950*        -0.0608          0.0547        -0.00181          0.0765   
                  (-1.13)          (1.17)         (-2.04)         (-1.64)          (1.76)         (-0.05)          (1.80)   

gt82differ~e      -0.0114          0.0888**      -0.00522         -0.0139          0.0327          0.0268         -0.0106   
                  (-0.42)          (2.67)         (-0.21)         (-0.65)          (1.87)          (1.56)         (-0.78)   

ne02differ~e       0.0515         -0.0937          0.0257         0.00623         -0.0369         -0.0440          0.0448   
                   (0.72)         (-1.18)          (0.47)          (0.13)         (-0.85)         (-0.98)          (1.24)   

pri99diffe~e     -0.00275         -0.0272          0.0718        -0.00953          0.0497         -0.0218          0.0319   
                  (-0.03)         (-0.33)          (1.28)         (-0.17)          (1.20)         (-0.41)          (0.73)   

sb04differ~e       0.0549          0.0458          0.0177         -0.0495         -0.0213         0.00884         -0.0444   
                   (1.15)          (0.90)          (0.52)         (-1.79)         (-0.96)          (0.40)         (-1.59)   

tf04differ~e        0.115          0.0614         -0.0338          0.0150           0.122**       -0.0340          -0.121*  
                   (1.37)          (0.74)         (-0.69)          (0.35)          (2.91)         (-0.79)         (-2.36)   

_cons             0.00183        -0.00166         0.00143         0.00168       0.0000834      -0.0000423        -0.00805   
                   (0.19)         (-0.19)          (0.24)          (0.27)          (0.02)         (-0.01)         (-1.57)   
----------------------------------------------------------------------------------------------------------------------------
N                    1218            1218            1222            1222            1222            1222            1222   
R-sq                0.066           0.055           0.028           0.062           0.069           0.035           0.066   
----------------------------------------------------------------------------------------------------------------------------
t statistics in parentheses
* p<0.05, ** p<0.01, *** p<0.001
