----------------------------------------------------------------------------------------------------------------------------
                      (1)             (2)             (3)             (4)             (5)             (6)             (7)   
             _75_wageem~e    _80_wageem~e    _85_wageem~e    _90_wageem~e    _95_wageem~e    _00_wageem~e    _05_wageem~e   
----------------------------------------------------------------------------------------------------------------------------
bh04differ~e        0.102           0.251***       0.0535         -0.0331         0.00176          0.0404         0.00798   
                   (1.97)          (3.76)          (0.90)         (-0.71)          (0.04)          (1.02)          (0.23)   

cedc87diff~e      -0.0232        0.000141        0.000262         -0.0144         -0.0278*        -0.0227*     -0.0000432   
                  (-1.48)          (0.01)          (0.01)         (-1.12)         (-2.27)         (-2.11)         (-0.00)   

cedp87diff~e       0.0192          0.0113          0.0113         -0.0114          0.0172          0.0404***       0.0177   
                   (1.40)          (0.76)          (0.61)         (-1.06)          (1.73)          (3.85)          (1.86)   

cedpi95dif~e       0.0449          0.0114           0.121         -0.0945          0.0547       -0.000304         -0.0355   
                   (0.69)          (0.15)          (1.54)         (-1.92)          (1.39)         (-0.01)         (-0.99)   

ft75differ~e      0.00901         0.00415         -0.0161         0.00171         0.00717          0.0167*        0.00962   
                   (0.70)          (0.38)         (-1.30)          (0.32)          (0.84)          (2.48)          (1.56)   

frsg04diff~e       0.0679          0.0504         -0.0581        -0.00672          0.0848          0.0961*         0.0927*  
                   (1.00)          (0.68)         (-0.58)         (-0.14)          (1.70)          (2.12)          (2.20)   

gt82differ~e      0.00900          0.0153         -0.0351          0.0134         -0.0184       -0.000775          0.0204   
                   (0.28)          (0.46)         (-0.93)          (0.49)         (-0.61)         (-0.03)          (1.06)   

ne02differ~e      -0.0743          -0.120       -0.000512        -0.00297          0.0308          0.0477          0.0556   
                  (-0.91)         (-1.21)         (-0.01)         (-0.05)          (0.53)          (0.90)          (1.10)   

pri99diffe~e        0.116           0.146          0.0914          -0.111         -0.0398          0.0923          0.0380   
                   (1.32)          (1.25)          (0.85)         (-1.82)         (-0.55)          (1.45)          (0.68)   

sb04differ~e      -0.0107         -0.0143          -0.134         -0.0143         -0.0286         -0.0712         -0.0663   
                  (-0.20)         (-0.29)         (-1.74)         (-0.31)         (-0.82)         (-1.67)         (-1.65)   

tf04differ~e       0.0766          0.0619         -0.0897         -0.0792           0.101          0.0127         0.00204   
                   (0.74)          (0.67)         (-0.86)         (-1.36)          (1.65)          (0.21)          (0.03)   

_cons            -0.00197         0.00668        -0.00160        -0.00232        -0.00898        -0.00421         0.00147   
                  (-0.18)          (0.57)         (-0.10)         (-0.28)         (-1.18)         (-0.53)          (0.22)   
----------------------------------------------------------------------------------------------------------------------------
N                    1219            1219            1222            1222            1222            1222            1222   
R-sq                0.027           0.045           0.025           0.020           0.034           0.054           0.035   
----------------------------------------------------------------------------------------------------------------------------
t statistics in parentheses
* p<0.05, ** p<0.01, *** p<0.001
