----------------------------------------------------------------------------------------------------------------------------
                      (1)             (2)             (3)             (4)             (5)             (6)             (7)   
             _75_wagebi~e    _80_wagebi~e    _85_wagebi~e    _90_wagebi~e    _95_wagebi~e    _00_wagebi~e    _05_wagebi~e   
----------------------------------------------------------------------------------------------------------------------------
gt86differ~e     -0.00958          0.0209           0.111        -0.00568          0.0399          0.0482*         0.0246   
                  (-0.27)          (0.46)          (1.86)         (-0.31)          (1.87)          (2.32)          (0.77)   

ft75differ~e    -0.000860         0.00436        -0.00271         0.00268         0.00684          0.0290**        0.0214*  
                  (-0.07)          (0.32)         (-0.20)          (0.36)          (0.87)          (3.34)          (2.61)   

sb00differ~e      -0.0328         0.00234         -0.0925         -0.0317        -0.00119          0.0198         -0.0593   
                  (-0.44)          (0.03)         (-1.07)         (-0.65)         (-0.03)          (0.45)         (-0.91)   

ne99differ~e      -0.0496          -0.187*        -0.0842         -0.0101         -0.0529         0.00934          0.0964*  
                  (-0.98)         (-2.51)         (-1.10)         (-0.16)         (-1.13)          (0.27)          (2.14)   

bh04differ~e        0.145*          0.348**         0.122         -0.0542          0.0207          0.0645         -0.0290   
                   (2.12)          (3.28)          (1.32)         (-0.73)          (0.38)          (1.27)         (-0.40)   

frsg04diff~e     -0.00912          0.0350         -0.0545         -0.0552           0.106*         0.0722           0.135   
                  (-0.13)          (0.33)         (-0.50)         (-0.76)          (2.01)          (1.35)          (1.91)   

pri04diffe~e        0.159*         0.0928           0.188*        -0.0551         -0.0410           0.102        -0.00405   
                   (2.60)          (0.91)          (2.08)         (-0.82)         (-0.71)          (1.49)         (-0.06)   

cedp90diff~e      0.00455          0.0146        -0.00143         0.00973         0.00302         0.00456         0.00275   
                   (0.36)          (1.13)         (-0.10)          (0.89)          (0.30)          (0.65)          (0.27)   

cedc89diff~e      0.00268         -0.0198         0.00170         -0.0118         -0.0286*        0.00321          0.0196   
                   (0.23)         (-1.07)          (0.09)         (-1.07)         (-2.48)          (0.27)          (1.65)   

cedpi95dif~e        0.112         -0.0249           0.146         -0.0996         -0.0702         -0.0658          -0.105   
                   (1.49)         (-0.25)          (1.58)         (-1.48)         (-1.28)         (-0.93)         (-1.62)   

tf03differ~e        0.163          0.0742          0.0293          -0.149          0.0103           0.123         0.00935   
                   (1.21)          (0.52)          (0.21)         (-1.73)          (0.13)          (1.25)          (0.09)   

_cons            -0.00138         0.00675         0.00190         0.00207        -0.00283          0.0120          0.0127   
                  (-0.12)          (0.43)          (0.13)          (0.26)         (-0.37)          (1.43)          (1.15)   
----------------------------------------------------------------------------------------------------------------------------
N                    1219            1219            1222            1222            1222            1222            1222   
R-sq                0.014           0.044           0.052           0.022           0.021           0.038           0.038   
----------------------------------------------------------------------------------------------------------------------------
t statistics in parentheses
* p<0.05, ** p<0.01, *** p<0.001
