FT, SB, PRI, CEDp, CEDc are all inversely ranked, so coefficients need to be -1*coeff value

--------------------------------------------------------------------------------------------------------------------------------------------
                      (1)             (2)             (3)             (4)             (5)             (6)             (7)             (8)   
             aginc_back~d    aginc_pred~t    nfincome_b~d    nfincome_p~t    percapinc_~d    percapinc_~t    pop_backward     pop_predict   
--------------------------------------------------------------------------------------------------------------------------------------------
lngt80diff~e      0.00935           0.224*          0.119**        0.0353         -0.0442          0.0844          0.0662**        0.0457   
                   (0.10)          (2.33)          (3.27)          (0.74)         (-0.64)          (1.65)          (2.89)          (1.68)   
R-sq                0.000           0.018           0.023           0.002           0.002           0.008           0.013           0.008   
lngt81diff~e       0.0584**        0.0196          0.0437***       0.0197          0.0255         -0.0111          0.0229**        0.0242***
                   (2.67)          (1.10)          (3.50)          (1.88)          (1.82)         (-1.02)          (2.82)          (3.69)   
R-sq                0.013           0.002           0.027           0.005           0.008           0.002           0.014           0.020   
lngt82diff~e       0.0227           0.118***       0.0349*         0.0735***      -0.0120          0.0675**        0.0316*         0.0232*  
                   (0.64)          (4.90)          (2.17)          (5.04)         (-0.60)          (3.10)          (2.40)          (2.06)   
R-sq                0.001           0.040           0.010           0.042           0.001           0.036           0.014           0.010   
lngt83diff~e       0.0479          0.0542*      -0.000788          0.0650***     -0.00251          0.0243          0.0156          0.0335***
                   (1.79)          (2.30)         (-0.06)          (5.68)         (-0.17)          (1.64)          (1.59)          (3.99)   
R-sq                0.006           0.011           0.000           0.046           0.000           0.007           0.005           0.028   
lngt84diff~e       0.0311          0.0285        -0.00532          0.0484***    -0.000926         0.00306         0.00873          0.0335***
                   (1.46)          (1.25)         (-0.38)          (3.94)         (-0.08)          (0.23)          (1.01)          (4.03)   
R-sq                0.004           0.005           0.001           0.035           0.000           0.000           0.003           0.034   
lngt85diff~e       0.0658*         0.0164          0.0110          0.0375**        0.0280        -0.00370         0.00906          0.0325***
                   (2.07)          (0.87)          (0.77)          (2.86)          (1.63)         (-0.36)          (1.19)          (3.52)   
R-sq                0.016           0.002           0.002           0.021           0.009           0.000           0.003           0.032   
lngt86diff~e      -0.0101          0.0608*       -0.00438          0.0654***      -0.0211          0.0185          0.0127          0.0415***
                  (-0.39)          (2.23)         (-0.26)          (4.87)         (-1.44)          (1.25)          (1.28)          (3.97)   
R-sq                0.000           0.019           0.000           0.058           0.005           0.005           0.005           0.041   
lnft75diff~e      -0.0251          0.0150         -0.0102        -0.00381         -0.0207*         0.0159        -0.00237        -0.00337   
                  (-1.94)          (1.13)         (-1.89)         (-0.71)         (-2.13)          (1.68)         (-0.62)         (-1.50)   
R-sq                0.019           0.005           0.010           0.001           0.029           0.013           0.001           0.002   
lnsb00diff~e       0.0276          0.0780**       -0.0236         -0.0523*         0.0108          0.0358*        -0.0238         -0.0345** 
                   (0.80)          (2.86)         (-1.08)         (-1.99)          (0.57)          (2.13)         (-1.29)         (-2.89)   
R-sq                0.002           0.023           0.004           0.023           0.001           0.011           0.007           0.017   
lnsb01diff~e     -0.00682          0.0315         -0.0112         -0.0687**       0.00790          0.0171         -0.0226         -0.0484***
                  (-0.16)          (1.06)         (-0.40)         (-2.84)          (0.35)          (0.78)         (-1.14)         (-4.23)   
R-sq                0.000           0.003           0.001           0.034           0.000           0.002           0.006           0.030   
lnsb02diff~e       0.0428         -0.0132        -0.00258         -0.0715***       0.0275        -0.00770         -0.0188         -0.0440***
                   (1.32)         (-0.62)         (-0.11)         (-4.18)          (1.75)         (-0.56)         (-1.31)         (-4.77)   
R-sq                0.006           0.001           0.000           0.053           0.009           0.001           0.006           0.036   
lnsb03diff~e       0.0525        -0.00965         -0.0218         -0.0551**        0.0271         0.00898         -0.0194         -0.0460***
                   (1.44)         (-0.38)         (-1.01)         (-3.16)          (1.55)          (0.64)         (-1.49)         (-4.30)   
R-sq                0.010           0.000           0.005           0.027           0.007           0.001           0.007           0.040   
lnsb04diff~e       0.0496        -0.00368         -0.0418*       -0.00269          0.0192          0.0513*        -0.0287*        -0.0506***
                   (1.51)         (-0.09)         (-2.14)         (-0.13)          (1.14)          (2.29)         (-2.11)         (-4.98)   
R-sq                0.008           0.000           0.017           0.000           0.003           0.018           0.011           0.042   
lnne99diff~e       0.0719**        0.0162          0.0263        -0.00131          0.0395**      0.000497         0.00745         0.00612   
                   (2.85)          (0.65)          (1.77)         (-0.10)          (2.99)          (0.03)          (0.63)          (0.60)   
R-sq                0.024           0.001           0.007           0.000           0.022           0.000           0.001           0.001   
lnne02diff~e       0.0712*        -0.0487         0.00456         -0.0394          0.0218         -0.0389          0.0181         -0.0153   
                   (2.00)         (-1.77)          (0.23)         (-1.71)          (1.05)         (-1.94)          (1.12)         (-1.21)   
R-sq                0.009           0.006           0.000           0.009           0.003           0.009           0.003           0.002   
lnbh01diff~e       0.0504          0.0175          0.0720**       -0.0115          0.0450*        0.00509          0.0125        -0.00125   
                   (1.16)          (0.66)          (2.91)         (-0.60)          (2.07)          (0.24)          (0.69)         (-0.10)   
R-sq                0.004           0.001           0.028           0.001           0.010           0.000           0.001           0.000   
lnbh02diff~e       0.0826*        -0.0166          0.0295         -0.0132          0.0347        -0.00168          0.0165         -0.0139   
                   (2.23)         (-0.51)          (1.20)         (-0.57)          (1.81)         (-0.07)          (0.95)         (-1.04)   
R-sq                0.011           0.001           0.005           0.001           0.007           0.000           0.003           0.002   
lnbh03diff~e       0.0478         -0.0243          0.0455        -0.00717          0.0273         -0.0106          0.0203        -0.00432   
                   (1.23)         (-1.22)          (1.91)         (-0.27)          (1.38)         (-0.65)          (1.03)         (-0.30)   
R-sq                0.004           0.001           0.011           0.000           0.003           0.001           0.003           0.000   
lnbh04diff~e       0.0134          0.0288         -0.0177          0.0227        -0.00399          0.0460*        0.00189         -0.0185   
                   (0.40)          (1.03)         (-0.85)          (1.11)         (-0.23)          (2.17)          (0.12)         (-1.56)   
R-sq                0.000           0.002           0.002           0.003           0.000           0.009           0.000           0.004   
lnfrng04di~e     -0.00232         0.00735         -0.0303          0.0103          0.0249          0.0592         -0.0416**       -0.0403** 
                  (-0.06)          (0.16)         (-1.26)          (0.48)          (1.10)          (1.94)         (-2.73)         (-2.83)   
R-sq                0.000           0.000           0.006           0.001           0.004           0.018           0.017           0.020   
lnfrsg04di~e      -0.0133          0.0362         -0.0483          0.0175          0.0150          0.0848**       -0.0521***      -0.0488***
                  (-0.28)          (0.69)         (-1.97)          (0.74)          (0.57)          (2.69)         (-3.67)         (-3.78)   
R-sq                0.000           0.003           0.014           0.002           0.001           0.032           0.024           0.025   
lnpri99dif~e      -0.0826          0.0770         -0.0914**       -0.0237          0.0107          0.0498         -0.0898***      -0.0406   
                  (-1.60)          (1.61)         (-3.00)         (-0.73)          (0.34)          (1.82)         (-4.50)         (-1.79)   
R-sq                0.007           0.006           0.020           0.002           0.000           0.007           0.032           0.007   
lnpri04dif~e       0.0495          0.0111         -0.0216          0.0263          0.0158          0.0340         -0.0103         -0.0164   
                   (1.34)          (0.35)         (-1.17)          (1.37)          (0.65)          (1.46)         (-0.68)         (-1.37)   
R-sq                0.005           0.000           0.003           0.004           0.001           0.005           0.001           0.003   
lncedp87di~e      0.00732          0.0243*        0.00609          0.0135**      -0.00296          0.0171**       0.00597         0.00419   
                   (0.93)          (2.26)          (1.08)          (2.90)         (-0.56)          (3.07)          (1.51)          (1.17)   
R-sq                0.001           0.025           0.003           0.016           0.001           0.033           0.006           0.003   
lncedp88di~e      0.00591          0.0145         0.00900         0.00652         0.00609         0.00565         0.00430         0.00666   
                   (0.60)          (1.41)          (1.57)          (1.38)          (1.00)          (1.04)          (1.12)          (1.98)   
R-sq                0.001           0.007           0.005           0.004           0.003           0.003           0.003           0.007   
lncedp89di~e       0.0206*         0.0360**        0.0192***       0.0168**        0.0150*         0.0175*        0.00594          0.0115***
                   (2.03)          (2.68)          (3.74)          (3.26)          (2.39)          (2.36)          (1.64)          (4.14)   
R-sq                0.012           0.043           0.024           0.025           0.020           0.030           0.005           0.022   
lncedp90di~e       0.0182*         0.0411***       0.0213***       0.0211***       0.0120*         0.0153**       0.00992*         0.0143***
                   (2.00)          (4.13)          (3.63)          (3.75)          (2.46)          (2.94)          (2.45)          (5.31)   
R-sq                0.010           0.053           0.030           0.040           0.013           0.026           0.013           0.036   
lncedp91di~e       0.0272**       0.00794         0.00965*         0.0149**        0.0186***     0.000446         0.00170          0.0109***
                   (3.00)          (1.22)          (2.22)          (2.99)          (4.11)          (0.12)          (0.53)          (3.99)   
R-sq                0.029           0.003           0.010           0.025           0.042           0.000           0.001           0.028   
lncedc87di~e     -0.00972          0.0149        -0.00228         0.00896         -0.0166*         0.0114         0.00696         0.00145   
                  (-1.01)          (1.34)         (-0.41)          (1.44)         (-2.31)          (1.91)          (1.50)          (0.34)   
R-sq                0.002           0.008           0.000           0.006           0.016           0.012           0.007           0.000   
lncedc88di~e      0.00205          0.0193         0.00141      -0.0000208         0.00106          0.0105*        0.00166        -0.00142   
                   (0.25)          (1.79)          (0.28)         (-0.00)          (0.19)          (2.04)          (0.53)         (-0.46)   
R-sq                0.000           0.019           0.000           0.000           0.000           0.017           0.001           0.000   
lncedc89di~e     0.000905          0.0257*      0.0000979         0.00176        0.000705          0.0164**     -0.000633       -0.000467   
                   (0.08)          (2.08)          (0.02)          (0.40)          (0.11)          (2.71)         (-0.20)         (-0.15)   
R-sq                0.000           0.030           0.000           0.000           0.000           0.036           0.000           0.000   
lncedc90di~e     0.000670          0.0145         0.00281        -0.00526        0.000369         0.00577         0.00130        -0.00188   
                   (0.07)          (1.17)          (0.47)         (-1.14)          (0.07)          (1.10)          (0.32)         (-0.56)   
R-sq                0.000           0.008           0.001           0.003           0.000           0.004           0.000           0.001   
lncedc91di~e      0.00975        -0.00757         0.00394        -0.00721         0.00885        -0.00310        -0.00107        -0.00338   
                   (0.76)         (-0.99)          (0.68)         (-1.63)          (1.36)         (-0.75)         (-0.25)         (-1.01)   
R-sq                0.004           0.002           0.002           0.006           0.010           0.001           0.000           0.003   
lncedc92di~e       0.0135         0.00139         0.00729        -0.00629          0.0118*      -0.000111        0.000454        -0.00102   
                   (1.24)          (0.18)          (1.46)         (-1.34)          (2.20)         (-0.03)          (0.12)         (-0.29)   
R-sq                0.011           0.000           0.007           0.005           0.024           0.000           0.000           0.000   
lncedc93di~e       0.0180         -0.0174*      -0.000527        -0.00538         0.00851        -0.00761        0.000249        -0.00111   
                   (1.54)         (-2.06)         (-0.11)         (-1.39)          (1.45)         (-1.66)          (0.07)         (-0.31)   
R-sq                0.016           0.015           0.000           0.004           0.011           0.009           0.000           0.000   
lncedc94di~e       0.0242         -0.0248**      -0.00113        -0.00736          0.0163*        -0.0136**      -0.00104        -0.00213   
                   (1.85)         (-3.13)         (-0.23)         (-1.60)          (2.53)         (-3.38)         (-0.32)         (-0.58)   
R-sq                0.027           0.037           0.000           0.007           0.036           0.034           0.000           0.001   
lncedc95di~e      0.00982         -0.0249**      -0.00605        -0.00592         0.00474        -0.00921*       -0.00262        -0.00381   
                   (0.86)         (-3.06)         (-1.25)         (-1.36)          (0.95)         (-2.43)         (-0.81)         (-1.00)   
R-sq                0.004           0.034           0.005           0.005           0.004           0.014           0.002           0.004   
lncedc96di~e     -0.00831         -0.0181*        -0.0113*       -0.00875        -0.00278         -0.0102**      -0.00522        -0.00373   
                  (-1.03)         (-2.27)         (-2.51)         (-1.86)         (-0.61)         (-2.85)         (-1.57)         (-1.00)   
R-sq                0.003           0.014           0.015           0.011           0.001           0.014           0.007           0.003   
lncedpi88d~e       -0.108*         -0.108         -0.0713**       -0.0488         -0.0375         -0.0538         -0.0512**       -0.0294   
                  (-2.08)         (-1.86)         (-3.17)         (-1.78)         (-1.33)         (-1.89)         (-3.27)         (-1.94)   
R-sq                0.012           0.019           0.016           0.010           0.005           0.014           0.018           0.006   
lncedpi89d~e      -0.0193         -0.0523         -0.0635***      -0.0302*        -0.0124         -0.0225         -0.0272**       -0.0231** 
                  (-0.70)         (-1.40)         (-4.01)         (-2.01)         (-0.86)         (-0.97)         (-2.88)         (-2.88)   
R-sq                0.002           0.017           0.048           0.015           0.003           0.009           0.018           0.016   
lncedpi90d~e      -0.0480         -0.0904**       -0.0616***      -0.0387*        -0.0260         -0.0391*        -0.0301**       -0.0288***
                  (-1.67)         (-2.74)         (-3.40)         (-2.43)         (-1.82)         (-2.15)         (-2.67)         (-3.43)   
R-sq                0.011           0.040           0.039           0.021           0.010           0.027           0.019           0.023   
lncedpi91d~e      -0.0663*       -0.00603         -0.0554***      -0.0347*        -0.0274         0.00188         -0.0342**       -0.0294***
                  (-2.31)         (-0.23)         (-3.50)         (-2.57)         (-1.78)          (0.13)         (-3.27)         (-3.94)   
R-sq                0.020           0.000           0.037           0.016           0.011           0.000           0.024           0.024   
lncedpi92d~e      -0.0800**       -0.0313         -0.0493**       -0.0142         -0.0345*       0.000912         -0.0335***      -0.0232*  
                  (-3.20)         (-1.62)         (-3.29)         (-1.16)         (-2.37)          (0.08)         (-3.77)         (-2.53)   
R-sq                0.043           0.005           0.035           0.003           0.022           0.000           0.026           0.013   
lncedpi93d~e      -0.0470        -0.00731         -0.0358         -0.0268         -0.0184         0.00500         -0.0343*        -0.0289   
                  (-1.08)         (-0.17)         (-1.46)         (-1.39)         (-0.72)          (0.25)         (-2.12)         (-1.84)   
R-sq                0.006           0.000           0.009           0.005           0.003           0.000           0.015           0.010   
lncedpi94d~e       -0.109         -0.0258         -0.0390         -0.0197         -0.0658         0.00219         -0.0219         -0.0288*  
                  (-1.97)         (-0.80)         (-1.42)         (-1.03)         (-1.93)          (0.11)         (-1.32)         (-2.00)   
R-sq                0.031           0.002           0.011           0.003           0.033           0.000           0.006           0.011   
lncedpi95d~e       -0.113*         0.0522*        -0.0369       -0.000918         -0.0541*         0.0333*        -0.0285         -0.0179   
                  (-2.33)          (2.03)         (-1.47)         (-0.05)         (-2.22)          (2.11)         (-1.88)         (-1.10)   
R-sq                0.032           0.008           0.010           0.000           0.026           0.010           0.012           0.004   
lncedpi96d~e      -0.0311          0.0268         -0.0314         0.00306        -0.00830          0.0324         -0.0349**       -0.0177   
                  (-0.97)          (0.80)         (-1.51)          (0.16)         (-0.46)          (1.68)         (-2.71)         (-1.17)   
R-sq                0.002           0.002           0.007           0.000           0.001           0.009           0.018           0.004   
lntf03diff~e      -0.0325         -0.0293          0.0404          0.0233         -0.0175         -0.0453**        0.0279          0.0431*  
                  (-0.76)         (-0.90)          (1.39)          (1.00)         (-0.80)         (-2.74)          (1.60)          (2.58)   
R-sq                0.002           0.002           0.010           0.003           0.002           0.011           0.007           0.018   
lntf04diff~e      -0.0457         -0.0765          0.0438         -0.0261         -0.0228          -0.109***       0.0330          0.0491***
                  (-0.99)         (-1.55)          (1.47)         (-1.24)         (-0.89)         (-3.63)          (1.91)          (3.87)   
R-sq                0.004           0.011           0.012           0.004           0.003           0.053           0.009           0.025   
