----------------------------------------------------------------------------------------------------------------------------
                      (1)             (2)             (3)             (4)             (5)             (6)             (7)   
             _75_aginc_~e    _80_aginc_~e    _85_aginc_~e    _90_aginc_~e    _95_aginc_~e    _00_aginc_~e    _05_aginc_~e   
----------------------------------------------------------------------------------------------------------------------------
bh04differ~e     -0.00490          0.0571         -0.0228         0.00285          0.0548          0.0303          0.0491   
                  (-0.06)          (0.65)         (-0.31)          (0.06)          (0.96)          (0.62)          (1.00)   

cedc87diff~e       0.0597*        -0.0419          0.0179          0.0144          0.0112         0.00155         -0.0312*  
                   (2.49)         (-1.67)          (1.01)          (0.84)          (0.88)          (0.14)         (-2.27)   

cedp87diff~e      -0.0285          0.0213         -0.0122          0.0188       -0.000838         0.00122          0.0107   
                  (-1.41)          (0.93)         (-0.73)          (1.23)         (-0.07)          (0.14)          (0.93)   

cedpi95dif~e        0.143         -0.0516         -0.0130          0.0768           0.219***       0.0454         -0.0226   
                   (1.78)         (-0.54)         (-0.14)          (1.26)          (3.47)          (1.00)         (-0.39)   

ft75differ~e      0.00664          0.0165        -0.00887         -0.0118      -0.0000260          0.0102         0.00596   
                   (0.48)          (1.02)         (-0.88)         (-1.15)         (-0.00)          (1.29)          (0.66)   

frsg04diff~e       -0.183*         0.0504          -0.123          -0.150*        -0.0980         -0.0873          0.0552   
                  (-1.99)          (0.40)         (-1.48)         (-2.52)         (-1.61)         (-1.83)          (0.75)   

gt82differ~e       0.0132           0.144**        0.0603         -0.0201        -0.00767          0.0382          0.0432   
                   (0.28)          (2.85)          (1.23)         (-0.55)         (-0.21)          (1.49)          (1.86)   

ne02differ~e       0.0422          -0.180          0.0200         0.00626          0.0284         -0.0358         -0.0759   
                   (0.40)         (-1.51)          (0.18)          (0.08)          (0.36)         (-0.55)         (-1.19)   

pri99diffe~e       0.0521          0.0165           0.123          0.0135           0.104          0.0502         -0.0331   
                   (0.36)          (0.11)          (1.46)          (0.14)          (1.25)          (0.76)         (-0.42)   

sb04differ~e     -0.00702          0.0101         0.00251         -0.0982        -0.00517          0.0501         -0.0839   
                  (-0.10)          (0.12)          (0.04)         (-1.82)         (-0.12)          (1.36)         (-1.54)   

tf04differ~e       0.0386           0.104         -0.0161          0.0117           0.215*        -0.0412          -0.129   
                   (0.37)          (0.83)         (-0.17)          (0.15)          (2.62)         (-0.55)         (-1.43)   

_cons            -0.00544         -0.0137          0.0154        -0.00684        -0.00898         -0.0103         -0.0140   
                  (-0.38)         (-0.90)          (1.32)         (-0.65)         (-0.94)         (-1.24)         (-1.51)   
----------------------------------------------------------------------------------------------------------------------------
N                    1217            1217            1222            1222            1222            1222            1222   
R-sq                0.037           0.053           0.031           0.088           0.062           0.054           0.037   
----------------------------------------------------------------------------------------------------------------------------
t statistics in parentheses
* p<0.05, ** p<0.01, *** p<0.001
