----------------------------------------------------------------------------------------------------------------------------
                      (1)             (2)             (3)             (4)             (5)             (6)             (7)   
             _75_avwage~e    _80_avwage~e    _85_avwage~e    _90_avwage~e    _95_avwage~e    _00_avwage~e    _05_avwage~e   
----------------------------------------------------------------------------------------------------------------------------
bh04differ~e      0.00364         -0.0125         -0.0249          0.0130          0.0409*        -0.0119         0.00968   
                   (0.12)         (-0.37)         (-1.03)          (0.39)          (2.34)         (-0.55)          (0.35)   

cedc87diff~e      0.00576         -0.0142        -0.00104          0.0143*       -0.00683        -0.00160         0.00317   
                   (0.73)         (-1.87)         (-0.12)          (1.98)         (-1.17)         (-0.21)          (0.46)   

cedp87diff~e     -0.00200          0.0106        -0.00427         0.00748       -0.000613         0.00658        -0.00631   
                  (-0.27)          (1.60)         (-0.62)          (1.22)         (-0.13)          (1.21)         (-0.95)   

cedpi95dif~e      -0.0103          0.0198          0.0244          0.0760**       -0.0163          0.0261         -0.0281   
                  (-0.31)          (0.58)          (0.87)          (3.17)         (-0.84)          (0.97)         (-1.00)   

ft75differ~e     -0.00763        -0.00829         0.00274        -0.00457        -0.00509          0.0129**       0.00459   
                  (-1.22)         (-1.33)          (0.61)         (-1.12)         (-1.49)          (3.19)          (0.87)   

frsg04diff~e      -0.0134         -0.0158         -0.0240         -0.0688*       -0.00577          0.0211         0.00798   
                  (-0.34)         (-0.40)         (-0.68)         (-2.58)         (-0.23)          (0.84)          (0.23)   

gt82differ~e      -0.0233         0.00517          0.0437**      -0.00893         0.00956        0.000888          0.0122   
                  (-1.13)          (0.28)          (2.67)         (-0.71)          (0.77)          (0.06)          (0.83)   

ne02differ~e      -0.0157         -0.0249          0.0402          0.0452         -0.0355          0.0114        -0.00879   
                  (-0.44)         (-0.66)          (0.93)          (1.20)         (-1.41)          (0.39)         (-0.24)   

pri99diffe~e     -0.00438          0.0540          0.0525          0.0621         -0.0130         -0.0256          0.0277   
                  (-0.09)          (0.99)          (1.08)          (1.63)         (-0.30)         (-0.75)          (0.75)   

sb04differ~e     -0.00598          0.0228         -0.0532         -0.0509*        0.00480          0.0229         -0.0666*  
                  (-0.23)          (0.88)         (-1.83)         (-2.46)          (0.26)          (1.01)         (-2.15)   

tf04differ~e      -0.0271         0.00243         -0.0214         0.00263         0.00497          0.0716*         -0.125*  
                  (-0.64)          (0.06)         (-0.52)          (0.06)          (0.14)          (2.30)         (-2.34)   

_cons            -0.00938        -0.00791         0.00697        -0.00385       -0.000627        -0.00421        -0.00363   
                  (-1.70)         (-1.52)          (1.32)         (-0.83)         (-0.15)         (-1.07)         (-0.64)   
----------------------------------------------------------------------------------------------------------------------------
N                    1218            1218            1222            1222            1222            1222            1222   
R-sq                0.015           0.020           0.040           0.044           0.030           0.032           0.061   
----------------------------------------------------------------------------------------------------------------------------
t statistics in parentheses
* p<0.05, ** p<0.01, *** p<0.001
