----------------------------------------------------------------------------------------------------------------------------
                      (1)             (2)             (3)             (4)             (5)             (6)             (7)   
             _75_nfinco~e    _80_nfinco~e    _85_nfinco~e    _90_nfinco~e    _95_nfinco~e    _00_nfinco~e    _05_nfinco~e   
----------------------------------------------------------------------------------------------------------------------------
bh04differ~e     -0.00544          0.0283         -0.0412          0.0269          0.0760*        -0.0365       -0.000278   
                  (-0.13)          (0.69)         (-0.94)          (0.77)          (2.10)         (-1.36)         (-0.01)   

cedc87diff~e       0.0328**      -0.00530       -0.000161          0.0201         0.00378        -0.00972        -0.00620   
                   (2.95)         (-0.44)         (-0.01)          (1.66)          (0.42)         (-1.04)         (-0.64)   

cedp87diff~e     -0.00116         0.00815         -0.0114         0.00650        -0.00491         0.00339          0.0133   
                  (-0.14)          (0.90)         (-1.35)          (0.94)         (-0.74)          (0.39)          (1.89)   

cedpi95dif~e       0.0725       -0.000206          0.0296           0.105**        0.0869*         0.0128        -0.00151   
                   (1.92)         (-0.00)          (0.74)          (3.05)          (2.54)          (0.32)         (-0.04)   

ft75differ~e     -0.00273         0.00571        0.000974        -0.00327        -0.00216          0.0136**       -0.0140*  
                  (-0.38)          (0.75)          (0.16)         (-0.49)         (-0.34)          (2.63)         (-2.54)   

frsg04diff~e      -0.0785        -0.00656          -0.145**        -0.180***      -0.0584         -0.0192          0.0234   
                  (-1.80)         (-0.14)         (-2.80)         (-5.07)         (-1.47)         (-0.50)          (0.50)   

gt82differ~e       0.0274          0.0473          0.0859***     -0.00499          0.0396          0.0468         -0.0219   
                   (1.30)          (1.79)          (3.80)         (-0.23)          (1.83)          (1.75)         (-1.32)   

ne02differ~e       0.0232         -0.0380         -0.0610          0.0250         -0.0496         -0.0255          0.0586   
                   (0.41)         (-0.56)         (-1.17)          (0.42)         (-0.96)         (-0.56)          (1.39)   

pri99diffe~e       0.0434           0.108           0.147*         0.0638          0.0468         -0.0348          0.0691   
                   (0.69)          (1.77)          (2.58)          (1.18)          (0.72)         (-0.70)          (1.40)   

sb04differ~e      -0.0163          0.0577          -0.100*        -0.0494         -0.0279         -0.0603         -0.0718*  
                  (-0.48)          (1.66)         (-2.50)         (-1.58)         (-1.02)         (-1.70)         (-2.30)   

tf04differ~e       0.0194           0.107        -0.00427          0.0145          0.0774         0.00229          -0.126*  
                   (0.35)          (1.86)         (-0.09)          (0.29)          (1.74)          (0.06)         (-2.55)   

_cons             -0.0105        -0.00407         0.00855        -0.00441        -0.00712        -0.00374         -0.0146*  
                  (-1.77)         (-0.58)          (1.09)         (-0.73)         (-1.18)         (-0.67)         (-2.57)   
----------------------------------------------------------------------------------------------------------------------------
N                    1218            1218            1222            1222            1222            1222            1222   
R-sq                0.060           0.039           0.144           0.105           0.067           0.084           0.059   
----------------------------------------------------------------------------------------------------------------------------
t statistics in parentheses
* p<0.05, ** p<0.01, *** p<0.001
