----------------------------------------------------------------------------------------------------------------------------
                      (1)             (2)             (3)             (4)             (5)             (6)             (7)   
             _75_output~e    _80_output~e    _85_output~e    _90_output~e    _95_output~e    _00_output~e    _05_output~e   
----------------------------------------------------------------------------------------------------------------------------
bh04differ~e      -0.0218         0.00596         -0.0106         0.00506          0.0961***      -0.0703*         0.0384   
                  (-0.75)          (0.20)         (-0.29)          (0.18)          (3.90)         (-2.52)          (1.11)   

cedc87diff~e      0.00978        -0.00648        -0.00742          0.0149        -0.00709         -0.0320**        0.0138   
                   (1.29)         (-0.83)         (-0.80)          (1.94)         (-0.89)         (-2.97)          (1.20)   

cedp87diff~e     -0.00218          0.0133        -0.00468         0.00584        -0.00977         0.00841         0.00131   
                  (-0.32)          (1.92)         (-0.59)          (0.92)         (-1.69)          (1.39)          (0.14)   

cedpi95dif~e      0.00551          0.0429          0.0392          0.0888***       0.0135         -0.0177         -0.0255   
                   (0.18)          (1.21)          (1.12)          (3.99)          (0.49)         (-0.53)         (-0.60)   

ft75differ~e     -0.00841        -0.00303     -0.00000871        -0.00415        -0.00893          0.0179**       0.00640   
                  (-1.47)         (-0.48)         (-0.00)         (-0.93)         (-1.66)          (3.31)          (1.22)   

frsg04diff~e      -0.0492         -0.0595         -0.0664         -0.0796*        -0.0446          0.0723*         0.0672   
                  (-1.36)         (-1.54)         (-1.66)         (-2.57)         (-1.30)          (2.06)          (1.60)   

gt82differ~e      -0.0246         -0.0196          0.0289        0.000148          0.0368*        0.00626        -0.00747   
                  (-1.33)         (-0.98)          (1.61)          (0.01)          (2.34)          (0.31)         (-0.30)   

ne02differ~e       0.0126         -0.0415         -0.0227          0.0281          -0.138***      -0.0185         0.00729   
                   (0.33)         (-1.12)         (-0.45)          (0.75)         (-4.48)         (-0.45)          (0.14)   

pri99diffe~e      -0.0197          0.0837          0.0676          0.0693          0.0960          -0.141**       0.00892   
                  (-0.50)          (1.59)          (1.27)          (1.81)          (1.80)         (-3.13)          (0.18)   

sb04differ~e      -0.0236          0.0399         -0.0779*        -0.0374          0.0363          0.0351          -0.101** 
                  (-0.95)          (1.58)         (-2.49)         (-1.71)          (1.63)          (1.10)         (-2.80)   

tf04differ~e      -0.0667          0.0359         -0.0535          0.0384          0.0854*         0.0676          -0.116*  
                  (-1.46)          (0.92)         (-1.12)          (0.97)          (2.14)          (1.69)         (-2.08)   

_cons            -0.00631        -0.00856         0.00712        -0.00216        -0.00385        -0.00699         0.00353   
                  (-1.17)         (-1.72)          (1.15)         (-0.48)         (-0.75)         (-1.17)          (0.53)   
----------------------------------------------------------------------------------------------------------------------------
N                    1218            1218            1222            1222            1222            1222            1222   
R-sq                0.024           0.024           0.033           0.051           0.050           0.059           0.051   
----------------------------------------------------------------------------------------------------------------------------
t statistics in parentheses
* p<0.05, ** p<0.01, *** p<0.001
