----------------------------------------------------------------------------------------------------------------------------
                      (1)             (2)             (3)             (4)             (5)             (6)             (7)   
             _75_pop_Di~e    _80_pop_Di~e    _85_pop_Di~e    _90_pop_Di~e    _95_pop_Di~e    _00_pop_Di~e    _05_pop_Di~e   
----------------------------------------------------------------------------------------------------------------------------
bh04differ~e     -0.00555          0.0186        -0.00982         0.00442        -0.00697         -0.0128        -0.00238   
                  (-0.19)          (0.85)         (-0.36)          (0.21)         (-0.30)         (-0.79)         (-0.16)   

cedc87diff~e      0.00437         0.00629         0.00272         0.00469         0.00727         0.00472        -0.00908   
                   (0.56)          (0.71)          (0.35)          (0.61)          (0.98)          (0.83)         (-1.66)   

cedp87diff~e      0.00171         0.00417         -0.0204***      0.00805          0.0123*      -0.000526       -0.000266   
                   (0.26)          (0.57)         (-3.52)          (1.34)          (2.31)         (-0.13)         (-0.07)   

cedpi95dif~e     -0.00568          0.0147        -0.00870          0.0623*         0.0827***       0.0289          0.0225   
                  (-0.18)          (0.50)         (-0.34)          (2.48)          (3.49)          (1.59)          (1.19)   

ft75differ~e      0.00173         0.00562         0.00133        -0.00413        -0.00589       -0.000800        0.000141   
                   (0.39)          (1.13)          (0.26)         (-0.93)         (-1.31)         (-0.25)          (0.05)   

frsg04diff~e      -0.0319         -0.0240         -0.0433         -0.0991***       -0.113***      -0.0570**       -0.0278   
                  (-0.93)         (-1.03)         (-1.29)         (-3.96)         (-4.47)         (-2.63)         (-1.22)   

gt82differ~e       0.0296          0.0169          0.0722***      0.00528         -0.0176          0.0230          0.0115   
                   (1.80)          (0.80)          (4.45)          (0.29)         (-0.99)          (1.57)          (1.03)   

ne02differ~e      -0.0330         -0.0201         -0.0345        -0.00510          0.0279         0.00646         -0.0490*  
                  (-0.83)         (-0.55)         (-0.88)         (-0.14)          (0.77)          (0.24)         (-2.22)   

pri99diffe~e       0.0351          0.0456          0.0495          0.0505          0.0238          0.0334        -0.00545   
                   (0.81)          (1.17)          (1.05)          (1.48)          (0.60)          (0.82)         (-0.17)   

sb04differ~e      -0.0172         -0.0205         -0.0744**       -0.0206         -0.0243         -0.0345*        -0.0330   
                  (-0.73)         (-0.72)         (-2.99)         (-1.04)         (-1.18)         (-2.06)         (-1.90)   

tf04differ~e      0.00325          0.0172        -0.00988          0.0213         0.00498        -0.00500          0.0116   
                   (0.09)          (0.48)         (-0.26)          (0.64)          (0.15)         (-0.17)          (0.47)   

_cons            -0.00514        -0.00661         0.00860        -0.00695        -0.00913*       -0.00376        -0.00658*  
                  (-1.12)         (-1.32)          (1.68)         (-1.66)         (-2.01)         (-1.03)         (-2.15)   
----------------------------------------------------------------------------------------------------------------------------
N                    1218            1218            1222            1222            1222            1222            1222   
R-sq                0.041           0.031           0.112           0.072           0.077           0.049           0.047   
----------------------------------------------------------------------------------------------------------------------------
t statistics in parentheses
* p<0.05, ** p<0.01, *** p<0.001
