----------------------------------------------------------------------------------------------------------------------------
                      (1)             (2)             (3)             (4)             (5)             (6)             (7)   
             _75_wagebi~e    _80_wagebi~e    _85_wagebi~e    _90_wagebi~e    _95_wagebi~e    _00_wagebi~e    _05_wagebi~e   
----------------------------------------------------------------------------------------------------------------------------
bh04differ~e       0.0863           0.316***       0.0644         -0.0771         -0.0385         -0.0104         -0.0180   
                   (1.31)          (3.57)          (0.80)         (-1.21)         (-0.81)         (-0.27)         (-0.30)   

cedc87diff~e      -0.0133         -0.0127        -0.00366        -0.00158         -0.0353*        -0.0323*         0.0113   
                  (-0.72)         (-0.54)         (-0.13)         (-0.09)         (-2.28)         (-2.11)          (0.71)   

cedp87diff~e      0.00615          0.0306          0.0134         0.00501          0.0237          0.0441***       0.0131   
                   (0.49)          (1.44)          (0.50)          (0.28)          (1.95)          (3.54)          (0.78)   

cedpi95dif~e       0.0585          0.0484           0.186         -0.0594          0.0142         -0.0278          -0.116   
                   (0.83)          (0.44)          (1.72)         (-0.98)          (0.31)         (-0.60)         (-1.82)   

ft75differ~e     -0.00303        -0.00659         -0.0201         0.00342         0.00913          0.0329***       0.0263** 
                  (-0.20)         (-0.46)         (-1.34)          (0.50)          (0.93)          (4.40)          (2.95)   

frsg04diff~e      0.00418          0.0146          -0.112         -0.0503           0.128*          0.132**         0.162*  
                   (0.05)          (0.14)         (-0.88)         (-0.84)          (2.30)          (2.73)          (2.47)   

gt82differ~e      -0.0125          0.0395         -0.0293         -0.0331         -0.0104          0.0219          0.0387   
                  (-0.36)          (0.86)         (-0.56)         (-0.93)         (-0.31)          (0.71)          (1.15)   

ne02differ~e      -0.0845          -0.188         0.00901          0.0946          0.0836          0.0822           0.114   
                  (-0.82)         (-1.51)          (0.07)          (1.04)          (1.18)          (1.40)          (1.80)   

pri99diffe~e       0.0895           0.306          0.0991          -0.109          -0.124         0.00916         -0.0381   
                   (0.87)          (1.91)          (0.62)         (-1.34)         (-1.39)          (0.14)         (-0.39)   

sb04differ~e       0.0424          0.0162          -0.183         -0.0922         -0.0653         -0.0388         -0.0883   
                   (0.61)          (0.22)         (-1.79)         (-1.54)         (-1.43)         (-0.80)         (-1.67)   

tf04differ~e        0.147           0.117          -0.167          -0.162*        0.00559          0.0504         -0.0304   
                   (1.06)          (0.94)         (-1.20)         (-2.21)          (0.08)          (0.72)         (-0.35)   

_cons            -0.00647        -0.00424        -0.00994        -0.00367         -0.0169        -0.00442          0.0112   
                  (-0.45)         (-0.25)         (-0.52)         (-0.37)         (-1.90)         (-0.53)          (0.94)   
----------------------------------------------------------------------------------------------------------------------------
N                    1219            1219            1222            1222            1222            1222            1222   
R-sq                0.008           0.046           0.031           0.026           0.033           0.061           0.045   
----------------------------------------------------------------------------------------------------------------------------
t statistics in parentheses
* p<0.05, ** p<0.01, *** p<0.001
