----------------------------------------------------------------------------------------------------------------------------
                      (1)             (2)             (3)             (4)             (5)             (6)             (7)   
             _75_aginc_~e    _80_aginc_~e    _85_aginc_~e    _90_aginc_~e    _95_aginc_~e    _00_aginc_~e    _05_aginc_~e   
----------------------------------------------------------------------------------------------------------------------------
gt80differ~e      0.00935           0.224*        -0.0161           0.241***       0.0744         0.00393          0.0589   
                   (0.10)          (2.33)         (-0.25)          (3.55)          (1.18)          (0.09)          (0.98)   
R-sq                0.000           0.018           0.000           0.041           0.005           0.000           0.003   
gt81differ~e       0.0296          0.0658**        0.0179          0.0601**        0.0274         0.00511         0.00465   
                   (1.11)          (2.87)          (1.05)          (3.16)          (1.78)          (0.52)          (0.34)   
R-sq                0.003           0.014           0.002           0.022           0.006           0.000           0.000   
gt82differ~e      0.00259           0.138***       0.0586*         0.0750**        0.0161         0.00902          0.0265   
                   (0.06)          (4.84)          (2.00)          (2.79)          (0.77)          (0.45)          (1.31)   
R-sq                0.000           0.032           0.011           0.019           0.001           0.000           0.003   
gt83differ~e     -0.00194          0.0925**        0.0461*         0.0943***     -0.00375         0.00882          0.0150   
                  (-0.05)          (2.85)          (2.07)          (3.82)         (-0.17)          (0.56)          (0.98)   
R-sq                0.000           0.020           0.009           0.042           0.000           0.001           0.001   
gt84differ~e      0.00435          0.0429          0.0332          0.0765***      0.00979       -0.000521         0.00540   
                   (0.14)          (1.30)          (1.77)          (3.67)          (0.57)         (-0.04)          (0.30)   
R-sq                0.000           0.006           0.007           0.040           0.001           0.000           0.000   
gt85differ~e    -0.000359          0.0658*         0.0164          0.0673**        0.0104        -0.00241          0.0232   
                  (-0.01)          (2.07)          (0.87)          (3.14)          (0.64)         (-0.17)          (1.06)   
R-sq                0.000           0.016           0.002           0.033           0.001           0.000           0.005   
gt86differ~e       0.0137          0.0620          0.0234          0.0476*         0.0184          0.0125          0.0134   
                   (0.43)          (1.64)          (1.13)          (2.22)          (0.94)          (0.77)          (0.51)   
R-sq                0.000           0.010           0.003           0.012           0.002           0.001           0.001   
ft75differ~e       0.0150         -0.0132         -0.0105         -0.0229*        0.00554          0.0163**     0.0000502   
                   (1.13)         (-1.18)         (-1.13)         (-2.20)          (0.90)          (3.20)          (0.01)   
R-sq                0.005           0.004           0.004           0.023           0.002           0.020           0.000   
sb00differ~e       0.0444          -0.114         -0.0654          -0.118*         0.0276          0.0780**       -0.0267   
                   (0.68)         (-1.85)         (-1.26)         (-2.23)          (0.80)          (2.86)         (-0.80)   
R-sq                0.002           0.014           0.009           0.030           0.002           0.023           0.002   
sb01differ~e       0.0479          -0.124         -0.0649          -0.123*        0.00823          0.0978***      -0.0134   
                   (0.68)         (-1.93)         (-1.15)         (-2.23)          (0.21)          (3.78)         (-0.38)   
R-sq                0.002           0.016           0.008           0.031           0.000           0.034           0.001   
sb02differ~e       0.0304         -0.0774         -0.0596          -0.120*         0.0206          0.0737**      -0.00348   
                   (0.47)         (-1.29)         (-1.25)         (-2.59)          (0.69)          (3.09)         (-0.11)   
R-sq                0.001           0.009           0.010           0.043           0.002           0.028           0.000   
sb03differ~e       0.0318         -0.0829         -0.0582          -0.129**        0.0194          0.0754**      -0.00636   
                   (0.49)         (-1.36)         (-1.20)         (-2.78)          (0.64)          (3.09)         (-0.19)   
R-sq                0.001           0.010           0.009           0.047           0.001           0.028           0.000   
sb04differ~e       0.0189         -0.0852         -0.0522          -0.159**        0.0143          0.0839**      -0.00669   
                   (0.26)         (-1.25)         (-0.96)         (-3.11)          (0.40)          (3.24)         (-0.18)   
R-sq                0.000           0.008           0.006           0.056           0.001           0.027           0.000   
ne99differ~e       0.0218         -0.0246          0.0111         -0.0276          0.0661*        0.00788        -0.00464   
                   (0.56)         (-0.55)          (0.36)         (-0.79)          (2.36)          (0.36)         (-0.24)   
R-sq                0.001           0.001           0.000           0.002           0.017           0.000           0.000   
ne02differ~e      -0.0332         -0.0174          0.0305         -0.0360          0.0971*       -0.00200         -0.0228   
                  (-0.61)         (-0.30)          (0.68)         (-0.81)          (2.45)         (-0.07)         (-0.81)   
R-sq                0.001           0.000           0.001           0.002           0.019           0.000           0.001   
bh01differ~e      -0.0237          0.0574         -0.0150         0.00401          0.0754         0.00747          0.0152   
                  (-0.46)          (1.19)         (-0.33)          (0.11)          (1.95)          (0.24)          (0.48)   
R-sq                0.000           0.003           0.000           0.000           0.011           0.000           0.000   
bh02differ~e      -0.0240          0.0307         0.00119         -0.0119          0.0599          0.0176          0.0159   
                  (-0.47)          (0.64)          (0.02)         (-0.30)          (1.49)          (0.56)          (0.50)   
R-sq                0.000           0.001           0.000           0.000           0.007           0.001           0.001   
bh03differ~e     -0.00830          0.0207         -0.0523          0.0195          0.0565          0.0131         0.00744   
                  (-0.16)          (0.36)         (-1.07)          (0.50)          (1.26)          (0.41)          (0.24)   
R-sq                0.000           0.000           0.003           0.001           0.005           0.000           0.000   
bh04differ~e      -0.0249          0.0197        -0.00336         -0.0198          0.0832*         0.0184          0.0249   
                  (-0.45)          (0.35)         (-0.07)         (-0.43)          (2.08)          (0.52)          (0.83)   
R-sq                0.000           0.000           0.000           0.001           0.012           0.001           0.001   
frng04diff~e      0.00276          -0.122         -0.0820          -0.162***      -0.0282          0.0297          0.0214   
                   (0.05)         (-1.90)         (-1.40)         (-3.63)         (-0.62)          (0.99)          (0.53)   
R-sq                0.000           0.012           0.010           0.043           0.002           0.003           0.001   
frsg04diff~e      -0.0160          -0.114          -0.117          -0.185***      -0.0338          0.0335          0.0363   
                  (-0.22)         (-1.45)         (-1.91)         (-3.47)         (-0.70)          (1.00)          (0.76)   
R-sq                0.000           0.009           0.018           0.048           0.002           0.003           0.003   
pri99diffe~e      -0.0315          -0.137         -0.0267          -0.235***      0.00458          0.0624         -0.0182   
                  (-0.31)         (-1.64)         (-0.48)         (-3.60)          (0.09)          (1.24)         (-0.40)   
R-sq                0.000           0.007           0.000           0.040           0.000           0.005           0.000   
pri04diffe~e      -0.0947         -0.0649         -0.0388          -0.111**       -0.0458          0.0349         0.00124   
                  (-1.40)         (-1.13)         (-1.06)         (-2.92)         (-1.30)          (1.18)          (0.04)   
R-sq                0.006           0.003           0.002           0.018           0.004           0.003           0.000   
cedp87diff~e     -0.00850          0.0401**       0.00743          0.0370***      -0.0152        -0.00372         0.00747   
                  (-0.60)          (3.26)          (0.95)          (3.48)         (-1.94)         (-0.63)          (1.43)   
R-sq                0.001           0.024           0.002           0.040           0.008           0.001           0.002   
cedp88diff~e     -0.00910          0.0540***     -0.00186          0.0153         -0.0142         0.00251          0.0114   
                  (-0.67)          (4.86)         (-0.24)          (1.45)         (-1.92)          (0.37)          (1.89)   
R-sq                0.001           0.040           0.000           0.006           0.007           0.000           0.005   
cedp89diff~e     -0.00716          0.0369**        0.0128          0.0441***     -0.00897        -0.00424        -0.00528   
                  (-0.42)          (2.95)          (1.63)          (4.87)         (-1.06)         (-0.66)         (-0.96)   
R-sq                0.001           0.020           0.005           0.058           0.003           0.001           0.001   
cedp90diff~e      -0.0167          0.0378**        0.0182*         0.0411***     -0.00375        -0.00120        -0.00604   
                  (-1.19)          (2.91)          (2.00)          (4.13)         (-0.43)         (-0.18)         (-0.94)   
R-sq                0.004           0.022           0.010           0.053           0.001           0.000           0.002   
cedp91diff~e      -0.0126          0.0282*        0.00228          0.0276**      -0.00904         0.00290         0.00162   
                  (-1.05)          (2.49)          (0.24)          (2.87)         (-1.46)          (0.57)          (0.28)   
R-sq                0.003           0.017           0.000           0.032           0.004           0.001           0.000   
cedc87diff~e       0.0271         0.00345         0.00112          0.0241*        -0.0129       -0.000113        -0.00396   
                   (1.57)          (0.23)          (0.12)          (2.28)         (-1.45)         (-0.01)         (-0.57)   
R-sq                0.009           0.000           0.000           0.015           0.005           0.000           0.001   
cedc88diff~e      -0.0102         0.00890        -0.00156          0.0161         -0.0267**      -0.00395         0.00738   
                  (-0.81)          (0.58)         (-0.15)          (1.43)         (-3.36)         (-0.66)          (1.26)   
R-sq                0.002           0.002           0.000           0.011           0.037           0.001           0.003   
cedc89diff~e     -0.00419         0.00796        -0.00363          0.0184         -0.0240**      -0.00312         0.00420   
                  (-0.29)          (0.52)         (-0.35)          (1.64)         (-3.03)         (-0.49)          (0.69)   
R-sq                0.000           0.001           0.001           0.014           0.029           0.001           0.001   
cedc90diff~e     -0.00723          0.0121        0.000670          0.0145         -0.0224**      -0.00149         0.00441   
                  (-0.48)          (0.73)          (0.07)          (1.17)         (-2.79)         (-0.21)          (0.88)   
R-sq                0.001           0.003           0.000           0.008           0.023           0.000           0.001   
cedc91diff~e      -0.0118          0.0125       -0.000233          0.0124         -0.0192*       -0.00234       -0.000357   
                  (-0.94)          (0.80)         (-0.03)          (1.05)         (-2.52)         (-0.38)         (-0.08)   
R-sq                0.003           0.003           0.000           0.006           0.018           0.000           0.000   
cedc92diff~e     -0.00745          0.0137         0.00145          0.0152         -0.0192*       -0.00292        0.000277   
                  (-0.56)          (0.99)          (0.15)          (1.36)         (-2.52)         (-0.50)          (0.06)   
R-sq                0.001           0.004           0.000           0.010           0.020           0.001           0.000   
cedc93diff~e     -0.00993          0.0149         0.00130          0.0164         -0.0231**      -0.00564         0.00157   
                  (-0.72)          (1.00)          (0.12)          (1.32)         (-2.99)         (-0.95)          (0.31)   
R-sq                0.002           0.005           0.000           0.011           0.026           0.002           0.000   
cedc94diff~e     -0.00196          0.0121        -0.00111          0.0132         -0.0234**      -0.00576         0.00783   
                  (-0.13)          (0.81)         (-0.10)          (1.09)         (-2.90)         (-0.99)          (1.34)   
R-sq                0.000           0.003           0.000           0.007           0.028           0.002           0.004   
cedc95diff~e     -0.00124         0.00794         0.00160         0.00982         -0.0249**      -0.00221         0.00688   
                  (-0.09)          (0.55)          (0.15)          (0.86)         (-3.06)         (-0.38)          (1.25)   
R-sq                0.000           0.001           0.000           0.004           0.034           0.000           0.003   
cedc96diff~e     -0.00325         0.00875        -0.00173          0.0104         -0.0262***     -0.00580         0.00683   
                  (-0.22)          (0.56)         (-0.16)          (0.83)         (-3.46)         (-1.03)          (1.17)   
R-sq                0.000           0.002           0.000           0.004           0.035           0.002           0.003   
cedpi88dif~e       0.0948          -0.157*        -0.0388          -0.153*         0.0809*         0.0554          0.0267   
                   (1.18)         (-2.42)         (-0.78)         (-2.62)          (2.04)          (1.54)          (0.64)   
R-sq                0.006           0.017           0.002           0.031           0.011           0.007           0.001   
cedpi89dif~e       0.0475         -0.0402         -0.0533*        -0.0785**        0.0361*         0.0238          0.0392   
                   (0.98)         (-0.92)         (-2.31)         (-2.76)          (2.11)          (1.28)          (1.47)   
R-sq                0.006           0.004           0.015           0.034           0.009           0.005           0.012   
cedpi90dif~e       0.0528         -0.0541         -0.0480         -0.0904**        0.0460**        0.0293          0.0281   
                   (1.00)         (-1.13)         (-1.67)         (-2.74)          (2.62)          (1.45)          (1.04)   
R-sq                0.007           0.007           0.011           0.040           0.012           0.007           0.005   
cedpi91dif~e       0.0532         -0.0499         -0.0496         -0.0885**        0.0498**        0.0198          0.0303   
                   (0.97)         (-0.98)         (-1.83)         (-2.70)          (3.12)          (0.97)          (1.08)   
R-sq                0.007           0.006           0.011           0.037           0.014           0.003           0.006   
cedpi92dif~e       0.0721         -0.0436         -0.0590*        -0.0803*         0.0565**        0.0157          0.0283   
                   (1.43)         (-0.96)         (-2.25)         (-2.61)          (3.21)          (0.75)          (1.14)   
R-sq                0.012           0.005           0.016           0.031           0.018           0.002           0.005   
cedpi93dif~e       0.0525          -0.121*        -0.0570          -0.101*         0.0455          0.0781**       0.00881   
                   (0.82)         (-2.07)         (-1.20)         (-2.05)          (1.49)          (2.96)          (0.30)   
R-sq                0.003           0.017           0.007           0.023           0.006           0.024           0.000   
cedpi94dif~e       0.0695         -0.0996         -0.0728          -0.113*         0.0575*         0.0790**        0.0155   
                   (1.02)         (-1.61)         (-1.60)         (-2.27)          (2.15)          (3.08)          (0.49)   
R-sq                0.006           0.012           0.012           0.030           0.010           0.026           0.001   
cedpi95dif~e       0.0698         -0.0948         -0.0658          -0.113*         0.0522*         0.0740**        0.0195   
                   (1.07)         (-1.58)         (-1.46)         (-2.33)          (2.03)          (2.86)          (0.63)   
R-sq                0.006           0.012           0.010           0.032           0.008           0.024           0.001   
cedpi96dif~e       0.0745         -0.0949         -0.0575          -0.113*         0.0458          0.0729**        0.0181   
                   (1.20)         (-1.68)         (-1.30)         (-2.40)          (1.79)          (2.77)          (0.60)   
R-sq                0.007           0.011           0.008           0.032           0.006           0.023           0.001   
tf03differ~e      -0.0331           0.129          0.0980           0.151*         0.0166         -0.0936**       -0.0464   
                  (-0.41)          (1.76)          (1.70)          (2.60)          (0.37)         (-2.97)         (-1.08)   
R-sq                0.001           0.013           0.013           0.034           0.000           0.023           0.004   
tf04differ~e      -0.0362           0.126          0.0891           0.169**        0.0340         -0.0990**       -0.0511   
                  (-0.43)          (1.61)          (1.45)          (2.79)          (0.71)         (-2.95)         (-1.13)   
R-sq                0.001           0.011           0.011           0.040           0.002           0.024           0.005   
