--------------------------------------------------------------------------------------------------------------------------------------------
                      (1)             (2)             (3)             (4)             (5)             (6)             (7)             (8)   
             avwage_bac~d    avwage_pre~t    output_bac~d    output_pre~t    wagebill_b~d    wagebill_p~t    wageemp_ba~d    wageemp_pr~t   
--------------------------------------------------------------------------------------------------------------------------------------------
lngt80diff~e      -0.0247          0.0162         0.00386         -0.0221         -0.0792          0.0261         -0.0521          0.0155   
                  (-0.90)          (0.61)          (0.15)         (-0.89)         (-1.17)          (0.27)         (-1.01)          (0.23)   
R-sq                0.001           0.001           0.000           0.001           0.003           0.000           0.002           0.000   
lngt81diff~e     -0.00552        0.000301        -0.00116         -0.0100         0.00119          0.0102         0.00260        -0.00536   
                  (-0.54)          (0.04)         (-0.11)         (-1.21)          (0.05)          (0.26)          (0.12)         (-0.21)   
R-sq                0.001           0.000           0.000           0.002           0.000           0.000           0.000           0.000   
lngt82diff~e      -0.0173          0.0270*        -0.0102        -0.00339          0.0607*        0.00260          0.0395*        -0.0347   
                  (-1.16)          (2.50)         (-0.74)         (-0.19)          (2.11)          (0.05)          (2.15)         (-0.99)   
R-sq                0.003           0.008           0.001           0.000           0.006           0.000           0.005           0.003   
lngt83diff~e      -0.0223          0.0207*        -0.0110          0.0156          0.0164          0.0347          0.0177          0.0129   
                  (-1.80)          (2.16)         (-1.00)          (1.67)          (0.73)          (1.01)          (0.94)          (0.51)   
R-sq                0.007           0.007           0.002           0.003           0.001           0.003           0.002           0.001   
lngt84diff~e      -0.0138          0.0137         -0.0141         0.00834         0.00336          0.0561         -0.0102          0.0479   
                  (-1.61)          (1.54)         (-1.59)          (1.00)          (0.15)          (1.53)         (-0.64)          (1.75)   
R-sq                0.004           0.005           0.004           0.001           0.000           0.011           0.001           0.014   
lngt85diff~e      0.00579          0.0153        -0.00779          0.0143          0.0125          0.0628        0.000197          0.0506   
                   (0.89)          (1.61)         (-0.98)          (1.60)          (0.48)          (1.62)          (0.01)          (1.79)   
R-sq                0.001           0.006           0.001           0.004           0.001           0.015           0.000           0.018   
lngt86diff~e      0.00154          0.0263**       -0.0200          0.0419***       0.0596          0.0789**        0.0342          0.0581*  
                   (0.16)          (2.80)         (-1.95)          (3.81)          (1.42)          (2.71)          (1.24)          (2.58)   
R-sq                0.000           0.016           0.005           0.029           0.007           0.025           0.004           0.023   
lnft75diff~e     -0.00630        -0.00484        -0.00719        -0.00455        -0.00284       -0.000124         0.00251          0.0102   
                  (-1.20)         (-1.11)         (-1.24)         (-0.94)         (-0.43)         (-0.01)          (0.50)          (1.07)   
R-sq                0.005           0.003           0.006           0.003           0.000           0.000           0.000           0.005   
lnsb00diff~e      -0.0217          0.0185         -0.0274         0.00742         -0.0124        -0.00122        0.000132       -0.000712   
                  (-1.57)          (0.97)         (-1.47)          (0.30)         (-0.51)         (-0.04)          (0.01)         (-0.03)   
R-sq                0.005           0.003           0.005           0.000           0.000           0.000           0.000           0.000   
lnsb01diff~e       0.0229        -0.00381          0.0159         -0.0105         -0.0257         -0.0258         -0.0251         -0.0163   
                   (1.13)         (-0.22)          (0.74)         (-0.47)         (-0.63)         (-0.74)         (-0.82)         (-0.58)   
R-sq                0.005           0.000           0.001           0.001           0.001           0.001           0.002           0.001   
lnsb02diff~e       0.0225         0.00179          0.0307         -0.0135         0.00313         -0.0619*       -0.00307         -0.0401   
                   (1.30)          (0.12)          (1.46)         (-0.92)          (0.09)         (-2.20)         (-0.11)         (-1.79)   
R-sq                0.006           0.000           0.008           0.003           0.000           0.011           0.000           0.007   
lnsb03diff~e       0.0277         0.00746          0.0219        -0.00401         0.00168         -0.0948***     -0.00835         -0.0571** 
                   (1.73)          (0.50)          (0.90)         (-0.24)          (0.05)         (-3.71)         (-0.29)         (-2.93)   
R-sq                0.012           0.001           0.004           0.000           0.000           0.023           0.000           0.015   
lnsb04diff~e       0.0341          0.0316          0.0258          0.0166        -0.00589         -0.0504        -0.00985         -0.0493*  
                   (1.83)          (1.76)          (0.88)          (0.78)         (-0.17)         (-1.69)         (-0.35)         (-2.25)   
R-sq                0.013           0.011           0.005           0.002           0.000           0.005           0.000           0.009   
lnne99diff~e      0.00394         0.00576          0.0133        -0.00849          0.0180          0.0321          0.0135          0.0270   
                   (0.41)          (0.55)          (1.12)         (-0.52)          (0.66)          (1.16)          (0.72)          (1.31)   
R-sq                0.000           0.001           0.002           0.001           0.001           0.003           0.001           0.004   
lnne02diff~e       0.0101         -0.0182         -0.0105         -0.0249          0.0846*         0.0254          0.0788**        0.0101   
                   (0.53)         (-1.03)         (-0.45)         (-1.32)          (2.08)          (0.61)          (2.84)          (0.35)   
R-sq                0.001           0.003           0.001           0.005           0.012           0.001           0.016           0.000   
lnbh01diff~e       0.0478**       -0.0129          0.0506*        -0.0114          0.0228          0.0383          0.0223          0.0285   
                   (2.88)         (-0.77)          (2.04)         (-0.48)          (0.43)          (0.94)          (0.59)          (0.88)   
R-sq                0.016           0.002           0.011           0.001           0.001           0.002           0.001           0.002   
lnbh02diff~e       0.0135        -0.00196          0.0229        -0.00988          0.0338          0.0241          0.0388          0.0201   
                   (0.77)         (-0.12)          (0.83)         (-0.59)          (0.73)          (0.65)          (1.14)          (0.70)   
R-sq                0.001           0.000           0.002           0.001           0.002           0.001           0.004           0.001   
lnbh03diff~e      0.01000        -0.00632        -0.00194         0.00281          0.0315          0.0990**        0.0401          0.0426   
                   (0.61)         (-0.35)         (-0.06)          (0.13)          (0.62)          (2.77)          (1.08)          (1.57)   
R-sq                0.001           0.000           0.000           0.000           0.001           0.012           0.003           0.004   
lnbh04diff~e       0.0156        -0.00500         -0.0182         0.00743          0.0149          0.0283          0.0398          0.0238   
                   (0.87)         (-0.32)         (-0.77)          (0.45)          (0.38)          (0.68)          (1.16)          (0.79)   
R-sq                0.002           0.000           0.002           0.000           0.000           0.001           0.004           0.001   
lnfrng04di~e       0.0219          0.0285          0.0351          0.0367         -0.0153         -0.0504        -0.00345         -0.0478*  
                   (1.13)          (1.48)          (1.31)          (1.71)         (-0.39)         (-1.66)         (-0.11)         (-2.39)   
R-sq                0.004           0.006           0.007           0.006           0.000           0.004           0.000           0.006   
lnfrsg04di~e       0.0237          0.0404          0.0308          0.0515*        0.00438         -0.0407          0.0109         -0.0403   
                   (1.18)          (1.80)          (1.09)          (2.08)          (0.11)         (-1.16)          (0.33)         (-1.81)   
R-sq                0.004           0.011           0.004           0.010           0.000           0.002           0.000           0.004   
lnpri99dif~e      -0.0762**        0.0383         -0.0267          0.0400         -0.0548          0.0909         0.00342          0.0861   
                  (-2.89)          (1.55)         (-0.83)          (1.14)         (-1.15)          (1.52)          (0.09)          (1.69)   
R-sq                0.021           0.005           0.001           0.004           0.002           0.006           0.000           0.008   
lnpri04dif~e       0.0185          0.0434*         0.0186          0.0303          0.0625          0.0121          0.0677       -0.000300   
                   (0.92)          (2.54)          (0.54)          (1.27)          (1.41)          (0.28)          (1.83)         (-0.01)   
R-sq                0.002           0.013           0.002           0.004           0.006           0.000           0.011           0.000   
lncedp87di~e      0.00389        -0.00618        0.000410       -0.000937        -0.00334         0.00586         -0.0100         0.00895   
                   (0.98)         (-1.64)          (0.11)         (-0.21)         (-0.19)          (0.57)         (-0.83)          (1.27)   
R-sq                0.001           0.005           0.000           0.000           0.000           0.001           0.002           0.003   
lncedp88di~e      0.00278        -0.00821*       -0.00148        -0.00885*        0.00968          0.0135        -0.00286          0.0146*  
                   (0.65)         (-2.19)         (-0.32)         (-2.11)          (0.61)          (1.49)         (-0.25)          (2.21)   
R-sq                0.001           0.008           0.000           0.009           0.001           0.004           0.000           0.008   
lncedp89di~e     -0.00246         0.00533         0.00157         0.00952**       0.00422         0.00927         0.00144         0.00407   
                  (-0.59)          (1.70)          (0.38)          (3.11)          (0.27)          (1.18)          (0.12)          (0.64)   
R-sq                0.001           0.004           0.000           0.012           0.000           0.002           0.000           0.001   
lncedp90di~e      0.00573          0.0101**        0.0110*         0.0143***       0.0135          0.0165         0.00631         0.00910   
                   (1.59)          (2.89)          (2.59)          (4.09)          (1.16)          (1.60)          (0.65)          (1.22)   
R-sq                0.004           0.015           0.011           0.029           0.003           0.007           0.001           0.004   
lncedp91di~e      0.00251         0.00595         0.00729*        0.00909**       0.00495         0.00918         0.00121         0.00108   
                   (0.72)          (1.79)          (2.02)          (3.00)          (0.50)          (0.76)          (0.15)          (0.12)   
R-sq                0.001           0.008           0.007           0.015           0.001           0.003           0.000           0.000   
lncedc87di~e     -0.00306        -0.00461         0.00159        -0.00273         0.00494        -0.00729         0.00981        -0.00401   
                  (-0.73)         (-1.10)          (0.27)         (-0.54)          (0.32)         (-0.67)          (0.81)         (-0.50)   
R-sq                0.001           0.002           0.000           0.001           0.000           0.001           0.002           0.001   
lncedc88di~e     -0.00145        -0.00303        0.000493       -0.000865         0.00156        0.000535        0.000890        -0.00126   
                  (-0.41)         (-0.77)          (0.13)         (-0.31)          (0.11)          (0.08)          (0.10)         (-0.21)   
R-sq                0.000           0.002           0.000           0.000           0.000           0.000           0.000           0.000   
lncedc89di~e     -0.00366        0.000548       -0.000862         0.00347        -0.00294         0.00244       -0.000566        -0.00429   
                  (-0.98)          (0.15)         (-0.22)          (1.11)         (-0.22)          (0.38)         (-0.06)         (-0.77)   
R-sq                0.002           0.000           0.000           0.002           0.000           0.000           0.000           0.001   
lncedc90di~e     -0.00524        -0.00205        -0.00272        0.000832         0.00414        -0.00531         0.00545        -0.00866   
                  (-1.52)         (-0.58)         (-0.81)          (0.22)          (0.42)         (-0.74)          (0.71)         (-1.27)   
R-sq                0.004           0.001           0.001           0.000           0.000           0.001           0.001           0.004   
lncedc91di~e     -0.00685        -0.00340        -0.00294        -0.00175        -0.00171        -0.00945        0.000577         -0.0106   
                  (-1.56)         (-1.21)         (-0.77)         (-0.67)         (-0.21)         (-1.22)          (0.09)         (-1.59)   
R-sq                0.008           0.003           0.001           0.001           0.000           0.003           0.000           0.006   
lncedc92di~e     -0.00399         0.00107        -0.00164         0.00118        -0.00277         -0.0108        -0.00318         -0.0134*  
                  (-0.98)          (0.42)         (-0.45)          (0.43)         (-0.37)         (-1.80)         (-0.52)         (-2.35)   
R-sq                0.003           0.000           0.000           0.000           0.000           0.005           0.001           0.010   
lncedc93di~e     -0.00123        -0.00145       -0.000986       0.0000443         0.00332        -0.00810        -0.00241         -0.0114*  
                  (-0.34)         (-0.52)         (-0.31)          (0.01)          (0.45)         (-1.42)         (-0.40)         (-2.00)   
R-sq                0.000           0.000           0.000           0.000           0.000           0.002           0.000           0.007   
lncedc94di~e     -0.00107        0.000425         0.00195        -0.00213        -0.00147        -0.00832        -0.00718        -0.00730   
                  (-0.28)          (0.16)          (0.51)         (-0.50)         (-0.22)         (-1.30)         (-1.31)         (-1.29)   
R-sq                0.000           0.000           0.001           0.001           0.000           0.003           0.003           0.003   
lncedc95di~e     -0.00368        -0.00134       -0.000617       0.0000476        -0.00373         -0.0120*       -0.00636         -0.0116*  
                  (-1.08)         (-0.55)         (-0.16)          (0.01)         (-0.57)         (-2.00)         (-1.14)         (-2.06)   
R-sq                0.003           0.000           0.000           0.000           0.001           0.007           0.002           0.010   
lncedc96di~e     -0.00385         0.00191        -0.00351         0.00186        -0.00758        -0.00808        -0.00876         -0.0124*  
                  (-1.52)          (0.55)         (-1.31)          (0.47)         (-1.19)         (-1.05)         (-1.58)         (-1.98)   
R-sq                0.003           0.001           0.002           0.000           0.002           0.003           0.004           0.010   
lncedpi88d~e      -0.0145       -0.000155        -0.00387         -0.0118           0.113         -0.0894           0.102         -0.0900*  
                  (-0.70)         (-0.01)         (-0.20)         (-0.72)          (1.46)         (-1.87)          (1.87)         (-2.51)   
R-sq                0.001           0.000           0.000           0.001           0.009           0.010           0.013           0.014   
lncedpi89d~e     -0.00823        -0.00108        -0.00856         0.00172          0.0481         -0.0522*         0.0332         -0.0414*  
                  (-0.83)         (-0.15)         (-1.03)          (0.20)          (1.18)         (-2.06)          (1.10)         (-2.25)   
R-sq                0.001           0.000           0.001           0.000           0.006           0.013           0.005           0.012   
lncedpi90d~e     -0.00827        -0.00836         -0.0118         -0.0113          0.0423         -0.0489          0.0187         -0.0354   
                  (-0.88)         (-1.04)         (-1.16)         (-1.23)          (1.09)         (-1.67)          (0.60)         (-1.65)   
R-sq                0.001           0.002           0.002           0.003           0.005           0.010           0.002           0.008   
lncedpi91d~e     -0.00897        -0.00402        -0.00968         -0.0113        -0.00846         -0.0374         -0.0177         -0.0320   
                  (-1.14)         (-0.43)         (-0.82)         (-1.13)         (-0.27)         (-1.51)         (-0.68)         (-1.60)   
R-sq                0.002           0.000           0.001           0.003           0.000           0.006           0.002           0.007   
lncedpi92d~e     -0.00909         -0.0127         -0.0258*        -0.0159         -0.0347         -0.0241         -0.0389         -0.0122   
                  (-0.94)         (-1.14)         (-2.04)         (-1.41)         (-1.19)         (-1.11)         (-1.65)         (-0.63)   
R-sq                0.002           0.004           0.010           0.005           0.005           0.002           0.010           0.001   
lncedpi93d~e      0.00366         -0.0299*        0.00842         -0.0416*        -0.0396        -0.00977         -0.0490        -0.00507   
                   (0.31)         (-2.16)          (0.54)         (-2.38)         (-1.00)         (-0.38)         (-1.76)         (-0.20)   
R-sq                0.000           0.010           0.001           0.014           0.003           0.000           0.007           0.000   
lncedpi94d~e      0.00295         -0.0544**       0.00668         -0.0650**       -0.0786         -0.0182         -0.0729**       0.00302   
                   (0.25)         (-3.37)          (0.49)         (-3.18)         (-1.87)         (-0.62)         (-2.76)          (0.12)   
R-sq                0.000           0.035           0.000           0.029           0.013           0.001           0.017           0.000   
lncedpi95d~e     -0.00585         -0.0262        -0.00879         -0.0221         -0.0658        0.000376         -0.0589*        0.00736   
                  (-0.47)         (-1.94)         (-0.69)         (-1.13)         (-1.78)          (0.02)         (-2.30)          (0.32)   
R-sq                0.000           0.008           0.001           0.004           0.010           0.000           0.012           0.000   
lncedpi96d~e     -0.00736        -0.00120         -0.0117        -0.00202         -0.0381         -0.0118         -0.0426       -0.000202   
                  (-0.56)         (-0.07)         (-0.98)         (-0.12)         (-1.21)         (-0.34)         (-1.75)         (-0.01)   
R-sq                0.001           0.000           0.001           0.000           0.003           0.000           0.006           0.000   
lntf03diff~e      -0.0127         -0.0407*        0.00506         -0.0392         0.00281           0.103*       -0.00446          0.0717*  
                  (-0.55)         (-2.03)          (0.17)         (-1.75)          (0.06)          (2.60)         (-0.11)          (2.45)   
R-sq                0.001           0.013           0.000           0.007           0.000           0.014           0.000           0.012   
lntf04diff~e      -0.0358         -0.0608*        -0.0168         -0.0689*       -0.00301          0.0662         0.00196          0.0581   
                  (-1.51)         (-2.61)         (-0.61)         (-2.48)         (-0.06)          (1.51)          (0.05)          (1.93)   
R-sq                0.009           0.025           0.001           0.019           0.000           0.006           0.000           0.008   
