----------------------------------------------------------------------------------------------------------------------------
                      (1)             (2)             (3)             (4)             (5)             (6)             (7)   
             _75_output_~e    _80_output_~e    _85_output_~e    _90_output_~e    _95_output_~e    _00_output_~e    _05_output_~e   
----------------------------------------------------------------------------------------------------------------------------
gt80differ~e      0.00386         -0.0221         0.00834          0.0670**       0.00248         -0.0101          0.0180   
                   (0.15)         (-0.89)          (0.28)          (2.70)          (0.08)         (-0.34)          (0.53)   
R-sq                0.000           0.001           0.000           0.014           0.000           0.000           0.001   
gt81differ~e     -0.00699         -0.0115         0.00245          0.0163          0.0170        -0.00149        -0.00685   
                  (-0.67)         (-1.79)          (0.25)          (1.68)          (1.49)         (-0.18)         (-0.61)   
R-sq                0.001           0.003           0.000           0.007           0.006           0.000           0.001   
gt82differ~e     -0.00736         -0.0135          0.0122          0.0278*         0.0323*       -0.00761         -0.0221   
                  (-0.59)         (-1.21)          (0.86)          (2.56)          (2.07)         (-0.55)         (-1.07)   
R-sq                0.001           0.002           0.001           0.012           0.011           0.001           0.004   
gt83differ~e      0.00583         -0.0147         0.00526          0.0306**        0.0179         -0.0124         0.00348   
                   (0.61)         (-1.53)          (0.49)          (3.18)          (1.44)         (-1.16)          (0.24)   
R-sq                0.001           0.003           0.000           0.020           0.005           0.002           0.000   
gt84differ~e      0.00384         -0.0129          0.0112          0.0259**        0.0143         -0.0238*        0.00306   
                   (0.42)         (-1.75)          (1.19)          (2.80)          (1.47)         (-2.61)          (0.26)   
R-sq                0.000           0.003           0.002           0.020           0.004           0.013           0.000   
gt85differ~e    -0.000600        -0.00779          0.0143          0.0213*         0.0125         -0.0174*        0.00549   
                  (-0.07)         (-0.98)          (1.60)          (2.48)          (1.53)         (-1.99)          (0.45)   
R-sq                0.000           0.001           0.004           0.015           0.004           0.007           0.000   
gt86differ~e      -0.0117        -0.00364          0.0181          0.0263*         0.0183         -0.0238*        0.00445   
                  (-1.15)         (-0.39)          (1.68)          (2.54)          (1.83)         (-2.18)          (0.31)   
R-sq                0.002           0.000           0.005           0.017           0.006           0.010           0.000   
ft75differ~e     -0.00455         0.00430         0.00176        -0.00324        -0.00987*        0.00862*        0.00657   
                  (-0.94)          (0.98)          (0.43)         (-1.20)         (-2.36)          (2.45)          (1.06)   
R-sq                0.003           0.002           0.000           0.002           0.013           0.010           0.004   
sb00differ~e      -0.0142          0.0261         -0.0224         -0.0190         -0.0274         0.00742        -0.00553   
                  (-0.86)          (1.48)         (-1.34)         (-1.27)         (-1.47)          (0.30)         (-0.19)   
R-sq                0.001           0.005           0.003           0.004           0.005           0.000           0.000   
sb01differ~e      -0.0176          0.0268         -0.0214         -0.0243         -0.0247          0.0158         0.00486   
                  (-1.01)          (1.47)         (-1.20)         (-1.56)         (-1.20)          (0.54)          (0.17)   
R-sq                0.002           0.004           0.003           0.005           0.004           0.002           0.000   
sb02differ~e      -0.0154          0.0232         -0.0219         -0.0203         -0.0113         0.00350         0.00768   
                  (-1.11)          (1.65)         (-1.65)         (-1.61)         (-0.68)          (0.15)          (0.34)   
R-sq                0.002           0.005           0.004           0.006           0.001           0.000           0.000   
sb03differ~e      -0.0155          0.0232         -0.0229         -0.0212         -0.0104         0.00388         0.00243   
                  (-1.11)          (1.62)         (-1.72)         (-1.64)         (-0.62)          (0.16)          (0.11)   
R-sq                0.002           0.005           0.004           0.006           0.001           0.000           0.000   
sb04differ~e      -0.0184          0.0285         -0.0333*        -0.0345*       -0.00990         0.00848         -0.0108   
                  (-1.19)          (1.75)         (-2.20)         (-2.44)         (-0.55)          (0.30)         (-0.47)   
R-sq                0.002           0.006           0.007           0.012           0.001           0.001           0.001   
ne99differ~e      -0.0234       -0.000650         0.00235         0.00149         0.00758        -0.00372         -0.0360*  
                  (-1.55)         (-0.06)          (0.17)          (0.12)          (0.62)         (-0.23)         (-2.29)   
R-sq                0.006           0.000           0.000           0.000           0.001           0.000           0.009   
ne02differ~e      -0.0347         -0.0135         0.00658         0.00535         0.00885         0.00499         -0.0674** 
                  (-1.67)         (-0.88)          (0.33)          (0.32)          (0.47)          (0.19)         (-2.63)   
R-sq                0.007           0.001           0.000           0.000           0.000           0.000           0.017   
bh01differ~e      -0.0286         0.00309         -0.0308         -0.0113          0.0567**       0.00925         -0.0186   
                  (-1.35)          (0.15)         (-1.22)         (-0.58)          (2.89)          (0.32)         (-0.78)   
R-sq                0.004           0.000           0.004           0.001           0.015           0.000           0.001   
bh02differ~e      -0.0403         0.00377         -0.0266         -0.0104          0.0485*         0.0114         -0.0333   
                  (-1.98)          (0.18)         (-1.03)         (-0.55)          (2.49)          (0.41)         (-1.44)   
R-sq                0.008           0.000           0.003           0.001           0.011           0.001           0.004   
bh03differ~e      -0.0128         0.00566         -0.0472         -0.0199          0.0449*         0.0165         -0.0126   
                  (-0.54)          (0.24)         (-1.75)         (-1.06)          (2.30)          (0.56)         (-0.58)   
R-sq                0.001           0.000           0.008           0.002           0.008           0.001           0.000   
bh04differ~e      -0.0285         -0.0201         -0.0148         0.00457          0.0437*        -0.0329         -0.0207   
                  (-1.20)         (-1.00)         (-0.56)          (0.26)          (2.36)         (-1.50)         (-1.00)   
R-sq                0.004           0.002           0.001           0.000           0.008           0.005           0.001   
frng04diff~e      -0.0188        -0.00567         -0.0261         -0.0366*        -0.0204          0.0226          0.0419   
                  (-0.96)         (-0.28)         (-1.16)         (-2.23)         (-1.02)          (0.87)          (1.57)   
R-sq                0.002           0.000           0.003           0.010           0.002           0.003           0.006   
frsg04diff~e     -0.00993        0.000451         -0.0344         -0.0538**       -0.0306         0.00752          0.0667*  
                  (-0.49)          (0.02)         (-1.67)         (-3.09)         (-1.30)          (0.28)          (2.39)   
R-sq                0.000           0.000           0.005           0.019           0.004           0.000           0.014   
pri99diffe~e      -0.0392          0.0532**        0.0253         -0.0525*        -0.0125          0.0112        0.000995   
                  (-1.61)          (2.86)          (0.91)         (-2.35)         (-0.36)          (0.33)          (0.03)   
R-sq                0.004           0.006           0.001           0.009           0.000           0.000           0.000   
pri04diffe~e      -0.0126          0.0357**       0.00871         -0.0523***     -0.00727          0.0106          0.0191   
                  (-0.77)          (2.75)          (0.51)         (-3.44)         (-0.26)          (0.33)          (0.83)   
R-sq                0.001           0.006           0.000           0.018           0.000           0.001           0.001   
cedp87diff~e      0.00395         0.00205        -0.00263         0.00708*        0.00129        0.000855         0.00228   
                   (1.09)          (0.67)         (-0.66)          (2.19)          (0.27)          (0.16)          (0.48)   
R-sq                0.002           0.000           0.001           0.007           0.000           0.000           0.000   
cedp88diff~e      0.00580         0.00443        -0.00894        0.000291        -0.00478        -0.00114         0.00695   
                   (1.61)          (1.29)         (-1.97)          (0.08)         (-0.94)         (-0.20)          (1.38)   
R-sq                0.003           0.002           0.006           0.000           0.002           0.000           0.003   
cedp89diff~e      0.00202       -0.000829        0.000478          0.0141***      0.00726        -0.00519       -0.000259   
                   (0.59)         (-0.27)          (0.13)          (4.82)          (1.40)         (-0.79)         (-0.05)   
R-sq                0.000           0.000           0.000           0.027           0.005           0.003           0.000   
cedp90diff~e     -0.00105        -0.00243          0.0110*         0.0143***       0.0104*       -0.00666        -0.00611   
                  (-0.29)         (-0.71)          (2.59)          (4.09)          (2.07)         (-1.28)         (-1.17)   
R-sq                0.000           0.001           0.011           0.029           0.010           0.005           0.003   
cedp91diff~e      0.00263         0.00220         0.00483         0.00915**     -0.000788       -0.000147        -0.00485   
                   (0.99)          (0.71)          (1.38)          (3.09)         (-0.21)         (-0.03)         (-1.10)   
R-sq                0.001           0.001           0.003           0.016           0.000           0.000           0.002   
cedc87diff~e      0.00996*       -0.00191        -0.00575         0.00697        -0.00314        -0.00916          0.0157*  
                   (2.41)         (-0.48)         (-1.33)          (1.95)         (-0.56)         (-1.18)          (2.41)   
R-sq                0.008           0.000           0.002           0.005           0.001           0.007           0.014   
cedc88diff~e      0.00247        -0.00194        -0.00353      -0.0000392        -0.00523       -0.000942          0.0119** 
                   (0.73)         (-0.53)         (-1.06)         (-0.01)         (-1.46)         (-0.23)          (2.73)   
R-sq                0.001           0.000           0.001           0.000           0.004           0.000           0.013   
cedc89diff~e      0.00315       -0.000329        -0.00473        0.000650        -0.00400       -0.000665          0.0106*  
                   (0.90)         (-0.09)         (-1.37)          (0.17)         (-1.05)         (-0.17)          (2.26)   
R-sq                0.001           0.000           0.003           0.000           0.002           0.000           0.010   
cedc90diff~e    0.0000434        0.000886        -0.00272        0.000832        -0.00525         0.00267          0.0144***
                   (0.01)          (0.33)         (-0.81)          (0.22)         (-1.35)          (0.70)          (3.42)   
R-sq                0.000           0.000           0.001           0.000           0.003           0.001           0.017   
cedc91diff~e     -0.00234         0.00382        -0.00194         0.00103        -0.00317         0.00118         0.00880*  
                  (-0.76)          (1.17)         (-0.54)          (0.28)         (-0.91)          (0.34)          (2.05)   
R-sq                0.001           0.002           0.000           0.000           0.001           0.000           0.007   
cedc92diff~e     -0.00171         0.00240       -0.000540         0.00288       -0.000764        -0.00191          0.0104*  
                  (-0.52)          (0.77)         (-0.14)          (0.85)         (-0.21)         (-0.44)          (2.44)   
R-sq                0.000           0.001           0.000           0.002           0.000           0.001           0.011   
cedc93diff~e     -0.00188         0.00266        0.000851         0.00109       -0.000877        0.000459         0.00867*  
                  (-0.57)          (0.78)          (0.22)          (0.28)         (-0.24)          (0.11)          (2.00)   
R-sq                0.000           0.001           0.000           0.000           0.000           0.000           0.007   
cedc94diff~e      0.00111        0.000148        -0.00221        -0.00139         0.00132         0.00197          0.0141** 
                   (0.32)          (0.05)         (-0.60)         (-0.32)          (0.34)          (0.52)          (3.38)   
R-sq                0.000           0.000           0.001           0.000           0.000           0.001           0.018   
cedc95diff~e      0.00105       -0.000479       -0.000981       -0.000617       0.0000476        0.000114          0.0152***
                   (0.34)         (-0.18)         (-0.28)         (-0.16)          (0.01)          (0.03)          (3.81)   
R-sq                0.000           0.000           0.000           0.000           0.000           0.000           0.023   
cedc96diff~e     0.000893         0.00124        -0.00118        -0.00187       -0.000478         0.00247          0.0118*  
                   (0.26)          (0.38)         (-0.32)         (-0.44)         (-0.13)          (0.66)          (2.50)   
R-sq                0.000           0.000           0.000           0.001           0.000           0.001           0.013   
cedpi88dif~e      -0.0220         0.00891         -0.0149         -0.0272          0.0160        0.000398          0.0297   
                  (-1.30)          (0.57)         (-0.90)         (-1.60)          (0.72)          (0.01)          (1.05)   
R-sq                0.002           0.000           0.001           0.004           0.001           0.000           0.003   
cedpi89dif~e      0.00422         0.00166         -0.0124         -0.0131         -0.0130        -0.00473          0.0297   
                   (0.43)          (0.21)         (-1.39)         (-1.58)         (-1.02)         (-0.36)          (1.98)   
R-sq                0.000           0.000           0.002           0.004           0.003           0.000           0.011   
cedpi90dif~e      0.00180        -0.00349         -0.0118         -0.0113         -0.0134        -0.00461          0.0273   
                   (0.16)         (-0.38)         (-1.16)         (-1.23)         (-0.98)         (-0.33)          (1.72)   
R-sq                0.000           0.000           0.002           0.003           0.003           0.000           0.008   
cedpi91dif~e      0.00189        -0.00314         -0.0122         -0.0118        -0.00481        -0.00697          0.0254   
                   (0.18)         (-0.37)         (-1.22)         (-1.29)         (-0.37)         (-0.53)          (1.67)   
R-sq                0.000           0.000           0.002           0.003           0.000           0.001           0.007   
cedpi92dif~e      0.00681         0.00380         -0.0214         -0.0140        -0.00383        -0.00439          0.0347*  
                   (0.62)          (0.40)         (-1.96)         (-1.48)         (-0.27)         (-0.32)          (2.18)   
R-sq                0.001           0.000           0.006           0.004           0.000           0.000           0.013   
cedpi93dif~e      -0.0156         0.00751        -0.00360         -0.0117         -0.0221          0.0127          0.0163   
                  (-1.14)          (0.43)         (-0.20)         (-0.85)         (-1.13)          (0.47)          (0.66)   
R-sq                0.002           0.000           0.000           0.001           0.003           0.001           0.001   
cedpi94dif~e      -0.0103          0.0150        -0.00578        -0.00969         -0.0259         0.00986          0.0163   
                  (-0.70)          (0.93)         (-0.34)         (-0.75)         (-1.31)          (0.40)          (0.63)   
R-sq                0.001           0.002           0.000           0.001           0.005           0.001           0.001   
cedpi95dif~e     -0.00631         0.00982        -0.00491        -0.00879         -0.0221         0.00227          0.0260   
                  (-0.43)          (0.65)         (-0.30)         (-0.69)         (-1.13)          (0.10)          (1.06)   
R-sq                0.000           0.001           0.000           0.001           0.004           0.000           0.004   
cedpi96dif~e     -0.00609         0.00963        -0.00222        -0.00791         -0.0238         0.00162          0.0309   
                  (-0.41)          (0.65)         (-0.14)         (-0.61)         (-1.23)          (0.07)          (1.30)   
R-sq                0.000           0.001           0.000           0.001           0.004           0.000           0.005   
tf03differ~e     -0.00462         -0.0200          0.0127          0.0389*         0.0368         0.00293         -0.0626   
                  (-0.21)         (-0.96)          (0.65)          (2.37)          (1.47)          (0.10)         (-1.97)   
R-sq                0.000           0.002           0.001           0.010           0.006           0.000           0.013   
tf04differ~e     -0.00379         -0.0213         0.00998          0.0409*         0.0389         0.00600         -0.0628   
                  (-0.17)         (-0.99)          (0.51)          (2.41)          (1.60)          (0.23)         (-1.93)   
R-sq                0.000           0.002           0.000           0.011           0.007           0.000           0.012   
