----------------------------------------------------------------------------------------------------------------------------
                      (1)             (2)             (3)             (4)             (5)             (6)             (7)   
             _75_percapinc_~e    _80_percapinc_~e    _85_percapinc_~e    _90_percapinc_~e    _95_percapinc_~e    _00_percapinc_~e    _05_percapinc_~e   
----------------------------------------------------------------------------------------------------------------------------
gt80differ~e      -0.0442          0.0844         -0.0106          0.0782*      -0.000129         -0.0114        -0.00865   
                  (-0.64)          (1.65)         (-0.32)          (2.44)         (-0.00)         (-0.42)         (-0.22)   
R-sq                0.002           0.008           0.000           0.016           0.000           0.000           0.000   
gt81differ~e      0.00199          0.0188        -0.00345          0.0183          0.0108        0.000934         -0.0138   
                   (0.11)          (1.54)         (-0.27)          (1.98)          (1.15)          (0.14)         (-1.44)   
R-sq                0.000           0.003           0.000           0.007           0.003           0.000           0.004   
gt82differ~e      -0.0204          0.0717**        0.0154          0.0216         0.00906         0.00115         -0.0166   
                  (-0.67)          (3.23)          (0.94)          (1.72)          (0.66)          (0.08)         (-1.25)   
R-sq                0.002           0.026           0.002           0.006           0.001           0.000           0.003   
gt83differ~e      -0.0132          0.0398*        0.00935          0.0284*       -0.00586       -0.000247         -0.0102   
                  (-0.46)          (2.08)          (0.72)          (2.36)         (-0.49)         (-0.02)         (-0.88)   
R-sq                0.001           0.011           0.001           0.014           0.001           0.000           0.002   
gt84differ~e     -0.00828          0.0149       -0.000409          0.0212*        0.00134        -0.00790        -0.00461   
                  (-0.36)          (0.82)         (-0.04)          (2.03)          (0.13)         (-0.88)         (-0.41)   
R-sq                0.001           0.002           0.000           0.011           0.000           0.002           0.000   
gt85differ~e      -0.0203          0.0280        -0.00370          0.0196         0.00350        -0.00634         0.00330   
                  (-0.96)          (1.63)         (-0.36)          (1.94)          (0.35)         (-0.80)          (0.24)   
R-sq                0.003           0.009           0.000           0.010           0.000           0.001           0.000   
gt86differ~e      -0.0116          0.0206        0.000865         0.00849         0.00588         0.00299       -0.000782   
                  (-0.45)          (0.94)          (0.07)          (0.85)          (0.54)          (0.32)         (-0.05)   
R-sq                0.001           0.003           0.000           0.001           0.001           0.000           0.000   
ft75differ~e       0.0159        -0.00998        -0.00307        -0.00571         0.00304         0.00963**       0.00225   
                   (1.68)         (-1.27)         (-0.62)         (-1.14)          (0.75)          (2.72)          (0.60)   
R-sq                0.013           0.007           0.001           0.005           0.001           0.016           0.001   
sb00differ~e       0.0816*        -0.0471         -0.0183         -0.0533          0.0108          0.0358*         0.0280   
                   (2.02)         (-1.30)         (-0.81)         (-1.94)          (0.57)          (2.13)          (1.41)   
R-sq                0.017           0.007           0.002           0.022           0.001           0.011           0.005   
sb01differ~e       0.0849         -0.0483         -0.0173         -0.0564         0.00458          0.0472**        0.0352   
                   (1.95)         (-1.26)         (-0.71)         (-1.97)          (0.23)          (3.01)          (1.62)   
R-sq                0.017           0.007           0.002           0.023           0.000           0.018           0.008   
sb02differ~e       0.0643         -0.0256         -0.0151         -0.0557*         0.0146          0.0336*         0.0330   
                   (1.63)         (-0.75)         (-0.70)         (-2.26)          (0.93)          (2.56)          (1.77)   
R-sq                0.014           0.003           0.002           0.033           0.002           0.013           0.010   
sb03differ~e       0.0678         -0.0264         -0.0139         -0.0601*         0.0140          0.0348**        0.0323   
                   (1.69)         (-0.78)         (-0.63)         (-2.43)          (0.88)          (2.65)          (1.70)   
R-sq                0.015           0.003           0.002           0.036           0.002           0.014           0.009   
sb04differ~e       0.0632         -0.0160        -0.00704         -0.0757**       0.00908          0.0372**        0.0399   
                   (1.48)         (-0.46)         (-0.29)         (-2.78)          (0.50)          (2.77)          (1.90)   
R-sq                0.010           0.001           0.000           0.046           0.001           0.012           0.011   
ne99differ~e       0.0225        -0.00131        -0.00276         -0.0107          0.0315*       -0.00461          0.0195   
                   (0.80)         (-0.06)         (-0.14)         (-0.63)          (2.35)         (-0.33)          (1.49)   
R-sq                0.002           0.000           0.000           0.001           0.012           0.000           0.004   
ne02differ~e      0.00585          0.0250        -0.00142        -0.00983          0.0474*        -0.0198          0.0217   
                   (0.15)          (0.74)         (-0.05)         (-0.45)          (2.51)         (-1.02)          (1.03)   
R-sq                0.000           0.002           0.000           0.001           0.014           0.003           0.002   
bh01differ~e      0.00421          0.0344        -0.00546        -0.00153          0.0580**      -0.00872          0.0174   
                   (0.12)          (1.28)         (-0.24)         (-0.09)          (3.16)         (-0.49)          (0.82)   
R-sq                0.000           0.003           0.000           0.000           0.019           0.000           0.001   
bh02differ~e      0.00323          0.0301         0.00454        -0.00890          0.0419*       -0.00456          0.0247   
                   (0.09)          (1.11)          (0.20)         (-0.45)          (2.21)         (-0.24)          (1.15)   
R-sq                0.000           0.002           0.000           0.000           0.010           0.000           0.003   
bh03differ~e       0.0324         0.00939         -0.0293          0.0136          0.0479*       -0.00364          0.0166   
                   (0.95)          (0.33)         (-1.41)          (0.71)          (2.31)         (-0.20)          (0.75)   
R-sq                0.002           0.000           0.003           0.001           0.011           0.000           0.001   
bh04differ~e       0.0170          0.0332         -0.0164        -0.00986          0.0596**      -0.00293          0.0395   
                   (0.43)          (1.12)         (-0.78)         (-0.40)          (3.05)         (-0.15)          (1.84)   
R-sq                0.000           0.002           0.001           0.000           0.018           0.000           0.007   
frng04diff~e       0.0500         -0.0409         -0.0392         -0.0846**        0.0289          0.0369*         0.0639** 
                   (1.26)         (-1.13)         (-1.34)         (-3.31)          (1.21)          (2.35)          (2.65)   
R-sq                0.005           0.004           0.008           0.042           0.005           0.009           0.021   
frsg04diff~e       0.0354         -0.0314         -0.0534         -0.0870**        0.0302          0.0367*         0.0713*  
                   (0.72)         (-0.72)         (-1.63)         (-2.95)          (1.31)          (2.01)          (2.60)   
R-sq                0.002           0.002           0.012           0.038           0.005           0.008           0.023   
pri99diffe~e      0.00281         -0.0400        -0.00558         -0.0903**        0.0289          0.0258          0.0656*  
                   (0.04)         (-0.86)         (-0.17)         (-2.83)          (0.96)          (0.78)          (2.35)   
R-sq                0.000           0.002           0.000           0.021           0.002           0.002           0.010   
pri04diffe~e      -0.0564         -0.0252        -0.00482         -0.0519*       -0.00463         0.00579          0.0456*  
                  (-1.21)         (-0.73)         (-0.20)         (-2.58)         (-0.23)          (0.29)          (2.08)   
R-sq                0.005           0.001           0.000           0.014           0.000           0.000           0.010   
cedp87diff~e      -0.0167          0.0140*        0.00909          0.0131*        -0.0138**      -0.00126        -0.00494   
                  (-1.98)          (2.18)          (1.87)          (2.59)         (-3.34)         (-0.35)         (-1.17)   
R-sq                0.010           0.009           0.007           0.018           0.021           0.000           0.002   
cedp88diff~e      -0.0143          0.0253***      0.00368         0.00376         -0.0139***      0.00146      -0.0000927   
                  (-1.75)          (3.87)          (0.87)          (0.70)         (-3.48)          (0.37)         (-0.02)   
R-sq                0.006           0.026           0.001           0.001           0.019           0.000           0.000   
cedp89diff~e      -0.0129          0.0102          0.0107*         0.0161***      -0.0116**      -0.00554         -0.0125** 
                  (-1.24)          (1.36)          (2.39)          (3.55)         (-2.97)         (-1.42)         (-2.73)   
R-sq                0.006           0.005           0.010           0.028           0.015           0.004           0.015   
cedp90diff~e      -0.0195          0.0151*         0.0120*         0.0153**      -0.00715        -0.00740         -0.0105*  
                  (-1.98)          (2.31)          (2.46)          (2.94)         (-1.58)         (-1.79)         (-2.59)   
R-sq                0.014           0.011           0.013           0.026           0.006           0.007           0.011   
cedp91diff~e      -0.0135          0.0100         0.00525          0.0118*        -0.0103**     -0.000667        -0.00260   
                  (-1.76)          (1.45)          (1.02)          (2.61)         (-3.18)         (-0.21)         (-0.71)   
R-sq                0.009           0.006           0.003           0.021           0.016           0.000           0.001   
cedc87diff~e       0.0147         -0.0112         0.00305         0.00939         -0.0105*        0.00102         -0.0124*  
                   (1.19)         (-1.13)          (0.56)          (1.95)         (-2.27)          (0.19)         (-2.18)   
R-sq                0.006           0.005           0.001           0.008           0.010           0.000           0.012   
cedc88diff~e     -0.00878       -0.000124       -0.000533         0.00733         -0.0135***     0.000658       -0.000618   
                  (-0.99)         (-0.01)         (-0.09)          (1.47)         (-3.82)          (0.14)         (-0.14)   
R-sq                0.004           0.000           0.000           0.008           0.028           0.000           0.000   
cedc89diff~e     -0.00379        -0.00195        -0.00106         0.00860         -0.0127***     0.000695        -0.00349   
                  (-0.37)         (-0.23)         (-0.19)          (1.75)         (-3.57)          (0.14)         (-0.76)   
R-sq                0.001           0.000           0.000           0.011           0.025           0.000           0.002   
cedc90diff~e     -0.00733       0.0000222        0.000369         0.00577         -0.0112**       0.00230        -0.00175   
                  (-0.69)          (0.00)          (0.07)          (1.10)         (-2.93)          (0.42)         (-0.47)   
R-sq                0.002           0.000           0.000           0.004           0.017           0.001           0.000   
cedc91diff~e      -0.0120       0.0000541         0.00241         0.00550         -0.0100**       0.00118        -0.00320   
                  (-1.38)          (0.01)          (0.51)          (1.11)         (-2.77)          (0.24)         (-0.85)   
R-sq                0.007           0.000           0.001           0.004           0.015           0.000           0.001   
cedc92diff~e      -0.0101       -0.000408         0.00285         0.00744        -0.00943**     0.0000746        -0.00661   
                  (-1.16)         (-0.05)          (0.58)          (1.64)         (-2.69)          (0.02)         (-1.70)   
R-sq                0.005           0.000           0.001           0.009           0.014           0.000           0.006   
cedc93diff~e      -0.0125         0.00123         0.00216         0.00859         -0.0117***    -0.000944        -0.00516   
                  (-1.40)          (0.15)          (0.42)          (1.69)         (-3.41)         (-0.21)         (-1.32)   
R-sq                0.007           0.000           0.001           0.011           0.021           0.000           0.003   
cedc94diff~e     -0.00616      -0.0000536       -0.000554         0.00641        -0.00918*       0.000883        -0.00380   
                  (-0.59)         (-0.01)         (-0.10)          (1.19)         (-2.40)          (0.20)         (-0.96)   
R-sq                0.002           0.000           0.000           0.006           0.013           0.000           0.002   
cedc95diff~e     -0.00486        -0.00213       -0.000139         0.00474        -0.00921*        0.00257        -0.00280   
                  (-0.49)         (-0.27)         (-0.02)          (0.95)         (-2.43)          (0.57)         (-0.75)   
R-sq                0.001           0.000           0.000           0.004           0.014           0.001           0.001   
cedc96diff~e     -0.00741       -0.000118        -0.00159         0.00505         -0.0111**       0.00150        -0.00137   
                  (-0.75)         (-0.02)         (-0.30)          (0.90)         (-3.06)          (0.35)         (-0.34)   
R-sq                0.003           0.000           0.000           0.004           0.019           0.000           0.000   
cedpi88dif~e       0.0745         -0.0762        -0.00448         -0.0776**        0.0607**        0.0350*         0.0291   
                   (1.43)         (-1.87)         (-0.18)         (-2.75)          (3.06)          (2.06)          (1.11)   
R-sq                0.009           0.012           0.000           0.029           0.018           0.007           0.004   
cedpi89dif~e       0.0502         -0.0117         -0.0261*        -0.0324*         0.0273**        0.0200          0.0306   
                   (1.47)         (-0.46)         (-2.13)         (-2.09)          (2.73)          (1.89)          (1.86)   
R-sq                0.016           0.001           0.011           0.020           0.015           0.009           0.016   
cedpi90dif~e       0.0629         -0.0181         -0.0260         -0.0391*         0.0321**        0.0207          0.0277   
                   (1.80)         (-0.68)         (-1.82)         (-2.15)          (3.08)          (1.84)          (1.73)   
R-sq                0.022           0.002           0.010           0.027           0.018           0.008           0.012   
cedpi91dif~e       0.0585         -0.0158         -0.0257         -0.0388*         0.0375***       0.0178          0.0251   
                   (1.60)         (-0.57)         (-1.79)         (-2.17)          (4.18)          (1.54)          (1.49)   
R-sq                0.019           0.002           0.009           0.026           0.025           0.006           0.009   
cedpi92dif~e       0.0658         -0.0222         -0.0250         -0.0341*         0.0411***       0.0186          0.0165   
                   (1.96)         (-0.86)         (-1.76)         (-2.04)          (4.12)          (1.53)          (1.07)   
R-sq                0.024           0.004           0.009           0.020           0.029           0.007           0.004   
cedpi93dif~e       0.0767         -0.0550         -0.0174         -0.0533*         0.0305          0.0395*         0.0340   
                   (1.95)         (-1.53)         (-0.87)         (-2.30)          (1.96)          (2.51)          (1.75)   
R-sq                0.016           0.010           0.002           0.023           0.008           0.014           0.008   
cedpi94dif~e       0.0877*        -0.0448         -0.0248         -0.0532*         0.0338*         0.0434**        0.0346   
                   (2.10)         (-1.21)         (-1.19)         (-2.19)          (2.12)          (2.82)          (1.70)   
R-sq                0.021           0.007           0.004           0.024           0.010           0.018           0.009   
cedpi95dif~e       0.0866*        -0.0435         -0.0244         -0.0541*         0.0333*         0.0410**        0.0347   
                   (2.15)         (-1.20)         (-1.16)         (-2.22)          (2.11)          (2.68)          (1.73)   
R-sq                0.022           0.007           0.005           0.026           0.010           0.017           0.010   
cedpi96dif~e       0.0894*        -0.0432         -0.0219         -0.0520*         0.0327*         0.0423**        0.0300   
                   (2.29)         (-1.22)         (-1.03)         (-2.09)          (2.07)          (2.68)          (1.54)   
R-sq                0.023           0.007           0.004           0.024           0.010           0.018           0.007   
tf03differ~e      -0.0550          0.0571          0.0245          0.0729*       -0.00173         -0.0538**       -0.0733** 
                  (-1.04)          (1.22)          (0.85)          (2.41)         (-0.07)         (-3.04)         (-2.73)   
R-sq                0.005           0.007           0.003           0.028           0.000           0.017           0.025   
tf04differ~e      -0.0513          0.0551          0.0187          0.0816*        0.00494         -0.0605**       -0.0753** 
                  (-0.92)          (1.14)          (0.60)          (2.55)          (0.19)         (-3.37)         (-2.71)   
R-sq                0.004           0.006           0.001           0.034           0.000           0.020           0.025   
