FT, SB, PRI, CEDp, CEDc are all inversely ranked, but their "fixed" values are recorded here (-1*coeff value).

----------------------------------------------------------------------------------------------------------------------------
             _75_aginc_~e    _80_aginc_~e    _85_aginc_~e    _90_aginc_~e    _95_aginc_~e    _00_aginc_~e    _05_aginc_~e   
----------------------------------------------------------------------------------------------------------------------------
gt80differ~e        0.119**         0.0353           0.0484            0.128***         0.128***        0.0769*         -0.0169
                   (3.27)          (0.74)          (0.93)          (3.42)          (3.71)          (2.31)         (-0.50)   
R-sq                0.023           0.002           0.004           0.033           0.039           0.017           0.001   
gt81differ~e       0.0392**         0.0226*          0.0360*          0.0327**         0.0420***        0.0319**        -0.0126
                   (2.84)          (2.15)          (2.37)          (3.00)          (4.53)          (2.92)         (-1.45)   
R-sq                0.022           0.007           0.017           0.019           0.036           0.025           0.004   
gt82differ~e       0.0472*          0.0363*          0.0676***        0.0478**         0.0552***        0.0417*         -0.0114
                   (2.48)          (2.47)          (4.07)          (3.11)          (4.68)          (2.00)         (-0.99)   
R-sq                0.017           0.010           0.032           0.022           0.033           0.023           0.002   
gt83differ~e       0.0376*          0.0200           0.0477***        0.0486***        0.0426***        0.0341**       0.000560
                   (2.35)          (1.55)          (3.44)          (3.95)          (4.13)          (2.66)          (0.05)   
R-sq                0.015           0.004           0.022           0.032           0.028           0.021           0.000   
gt84differ~e       0.0242          0.00393           0.0427**         0.0423**         0.0387***        0.0116          0.00291
                   (1.77)          (0.29)          (3.28)          (3.30)          (4.16)          (1.02)          (0.27)   
R-sq                0.009           0.000           0.026           0.035           0.033           0.004           0.000   
gt85differ~e       0.0248*          0.0110           0.0375**         0.0413**         0.0354***        0.0144          0.00499
                   (2.11)          (0.77)          (2.86)          (3.34)          (3.55)          (1.40)          (0.42)   
R-sq                0.010           0.002           0.021           0.035           0.030           0.006           0.001   
gt86differ~e       0.0281          0.00744           0.0510**         0.0359**         0.0372**         0.0138         -0.00719
                   (1.79)          (0.43)          (3.20)          (2.72)          (3.24)          (1.18)         (-0.48)   
R-sq                0.010           0.001           0.030           0.020           0.025           0.004           0.001   
ft75differ~e     0.00381         -0.00116         0.00653         0.00530         0.00705         -0.00154         0.00550
                  (-0.71)          (0.26)         (-1.35)         (-1.05)         (-1.79)          (0.26)         (-1.25)   
R-sq                0.001           0.000           0.004           0.003           0.007           0.000           0.005   
sb00differ~e      0.0243         -0.00249           0.120***       0.0463          0.0236          0.0523*         0.0106
                  (-0.97)          (0.10)         (-4.20)         (-1.60)         (-1.08)         (-1.99)         (-0.51)   
R-sq                0.003           0.000           0.066           0.013           0.004           0.023           0.001   
sb01differ~e      0.0266         0.00621           0.126***       0.0528          0.0296          0.0550*        0.00433
                  (-0.98)         (-0.23)         (-3.95)         (-1.72)         (-1.26)         (-2.06)         (-0.18)   
R-sq                0.003           0.000           0.067           0.016           0.006           0.024           0.000   
sb02differ~e      0.0151       -0.0000840           0.107***       0.0538*         0.0206          0.0517*        0.00288
                  (-0.70)          (0.00)         (-4.25)         (-2.24)         (-1.14)         (-2.35)         (-0.16)   
R-sq                0.002           0.000           0.072           0.025           0.004           0.031           0.000   
sb03differ~e      0.0166         0.00151           0.109***       0.0576*         0.0233          0.0547*        0.00415
                  (-0.75)         (-0.07)         (-4.30)         (-2.40)         (-1.31)         (-2.53)         (-0.22)   
R-sq                0.002           0.000           0.070           0.027           0.005           0.033           0.000   
sb04differ~e      0.0267         -0.00698           0.124***       0.0672*         0.0315          0.0647**       -0.00111
                  (-1.08)          (0.30)         (-4.24)         (-2.45)         (-1.54)         (-3.03)          (0.05)   
R-sq                0.004           0.000           0.072           0.029           0.007           0.037           0.000   
ne99differ~e      -0.0132           0.0182         -0.00958           0.0213           0.0211          -0.0102           0.0186
                  (-0.71)          (0.98)         (-0.54)          (1.18)          (1.43)         (-0.75)          (1.28)   
R-sq                0.001           0.002           0.001           0.004           0.005           0.001           0.004   
ne02differ~e      -0.0444           0.0303         -0.00877           0.0166           0.0302          -0.0219           0.0152
                  (-1.61)          (1.21)         (-0.34)          (0.61)          (1.39)         (-1.10)          (0.67)   
R-sq                0.007           0.004           0.000           0.001           0.005           0.003           0.002   
bh01differ~e      -0.0137           0.0225          -0.0351           0.0131           0.0678**        -0.0103          0.00985
                  (-0.44)          (0.84)         (-0.95)          (0.47)          (2.89)         (-0.58)          (0.41)   
R-sq                0.001           0.002           0.004           0.001           0.023           0.001           0.001   
bh02differ~e      -0.0239           0.0146          -0.0365           0.0129           0.0493*         -0.0240           0.0119
                  (-0.80)          (0.54)         (-0.93)          (0.45)          (2.05)         (-1.31)          (0.49)   
R-sq                0.002           0.001           0.004           0.001           0.012           0.003           0.001   
bh03differ~e      -0.0229           0.0302          -0.0834           0.0240           0.0570         -0.00205           0.0209
                  (-0.68)          (0.92)         (-1.92)          (0.79)          (1.92)         (-0.11)          (0.85)   
R-sq                0.002           0.003           0.020           0.002           0.014           0.000           0.002   
bh04differ~e      -0.0191           0.0193          -0.0617           0.0213           0.0643**        -0.0370           0.0151
                  (-0.62)          (0.65)         (-1.62)          (0.80)          (2.71)         (-1.80)          (0.61)   
R-sq                0.001           0.001           0.011           0.002           0.019           0.008           0.001   
frng04diff~e      -0.0313          -0.0482           -0.119**         -0.103***       -0.0400          -0.0452           0.0305
                  (-1.12)         (-1.91)         (-2.82)         (-4.06)         (-1.74)         (-1.64)          (1.27)   
R-sq                0.004           0.009           0.049           0.050           0.009           0.013           0.006   
frsg04diff~e      -0.0382          -0.0401           -0.158***        -0.128***       -0.0505*         -0.0655*          0.0304
                  (-1.49)         (-1.58)         (-4.33)         (-5.06)         (-2.09)         (-2.31)          (1.21)   
R-sq                0.005           0.005           0.075           0.067           0.012           0.024           0.005   
pri99diffe~e       0.103**        -0.0323          0.0327           0.109***       0.0808*         0.0636          -0.0399
                  (-2.81)          (0.85)         (-0.80)         (-3.48)         (-2.46)         (-1.69)          (1.42)   
R-sq                0.017           0.002           0.002           0.024           0.016           0.012           0.005   
pri04diffe~e      0.0769**        -0.0145          0.0254          0.0703**        0.0535*         0.0305          -0.0553**
                  (-3.17)          (0.64)         (-1.10)         (-2.93)         (-2.55)         (-1.56)          (2.71)   
R-sq                0.020           0.001           0.002           0.021           0.014           0.005           0.018   
cedp87diff~e      -0.0147**       -0.00610          -0.0131*         -0.0143**       -0.00398          -0.0137**       0.00222
                   (2.78)          (1.19)          (2.42)          (2.90)          (0.91)          (2.90)         (-0.52)   
R-sq                0.014           0.003           0.011           0.017           0.002           0.022           0.001   
cedp88diff~e      -0.0160**        -0.0142**       -0.00579          -0.0118*       -0.000317          -0.0105*        -0.00127
                   (2.99)          (2.72)          (1.01)          (2.39)          (0.07)          (2.36)          (0.26)   
R-sq                0.016           0.012           0.002           0.011           0.000           0.012           0.000   
cedp89diff~e      -0.0186**       -0.00493          -0.0164**        -0.0203***      -0.00855*        -0.00928*        0.00607
                   (3.22)          (1.09)          (3.36)          (3.91)          (2.16)          (2.11)         (-1.33)   
R-sq                0.023           0.002           0.017           0.035           0.007           0.010           0.004   
cedp90diff~e      -0.0122*        -0.00799          -0.0213***       -0.0211***       -0.0140**       -0.00530         0.00165
                   (2.08)          (1.87)          (3.63)          (3.75)          (3.28)          (1.05)         (-0.35)   
R-sq                0.010           0.005           0.030           0.040           0.020           0.003           0.000   
cedp91diff~e     -0.00701         -0.00795*        -0.00703          -0.0175***      -0.00377          -0.0104*        -0.00326
                   (1.63)          (2.49)          (1.52)          (3.41)          (0.95)          (2.47)          (0.80)   
R-sq                0.005           0.006           0.004           0.037           0.002           0.018           0.002   
cedc87diff~e      -0.0252***      0.00631         -0.00312          -0.0101         -0.00122         -0.00628         0.00921
                   (3.91)         (-1.03)          (0.52)          (1.60)          (0.25)          (1.18)         (-1.63)   
R-sq                0.036           0.002           0.001           0.007           0.000           0.004           0.008   
cedc88diff~e     -0.00144         0.00687         0.00101         0.00122         0.00807         -0.00495         0.00248
                   (0.33)         (-1.39)         (-0.17)         (-0.27)         (-1.96)          (1.21)         (-0.61)   
R-sq                0.000           0.005           0.000           0.000           0.009           0.004           0.001   
cedc89diff~e     -0.00389         0.00563         0.00219        0.000194         0.00620         -0.00628         0.00425
                   (0.84)         (-1.18)         (-0.38)         (-0.04)         (-1.57)          (1.48)         (-1.03)   
R-sq                0.001           0.003           0.000           0.000           0.005           0.006           0.003   
cedc90diff~e     -0.00273         0.00561         -0.00281         0.00526         0.00580         -0.00688         0.00605
                   (0.58)         (-1.08)          (0.47)         (-1.14)         (-1.55)          (1.45)         (-1.96)   
R-sq                0.001           0.003           0.001           0.003           0.004           0.007           0.005   
cedc91diff~e    0.000600         0.00423         -0.00407         0.00518         0.00521         -0.00578         0.00714*
                  (-0.14)         (-0.83)          (0.66)         (-1.07)         (-1.41)          (1.39)         (-2.10)   
R-sq                0.000           0.002           0.001           0.003           0.004           0.005           0.008   
cedc92diff~e     -0.00328         0.00489         -0.00779         0.00207         0.00374         -0.00471         0.00806*
                   (0.65)         (-0.95)          (1.24)         (-0.39)         (-0.87)          (1.16)         (-2.38)   
R-sq                0.001           0.002           0.006           0.001           0.002           0.004           0.011   
cedc93diff~e     -0.00105         0.00507         -0.00957         0.00404         0.00577         -0.00616         0.00741*
                   (0.21)         (-0.88)          (1.35)         (-0.73)         (-1.27)          (1.43)         (-2.08)   
R-sq                0.000           0.002           0.008           0.002           0.004           0.006           0.009   
cedc94diff~e     -0.00439         0.00726         -0.00737         0.00588         0.00527         -0.00867*        0.00373
                   (0.79)         (-1.32)          (1.07)         (-1.09)         (-1.15)          (2.04)         (-1.16)   
R-sq                0.002           0.005           0.005           0.004           0.004           0.012           0.002   
cedc95diff~e     -0.00329         0.00696         -0.00656         0.00605         0.00592         -0.00670         0.00286
                   (0.67)         (-1.38)          (1.00)         (-1.25)         (-1.36)          (1.65)         (-0.95)   
R-sq                0.001           0.005           0.004           0.005           0.005           0.008           0.001   
cedc96diff~e     -0.00328         0.00635         -0.00447         0.00919         0.00882*        -0.00626         0.00292
                   (0.69)         (-1.20)          (0.65)         (-1.82)         (-2.06)          (1.55)         (-0.84)   
R-sq                0.001           0.004           0.002           0.010           0.011           0.006           0.001   
cedpi88dif~e      -0.0123          -0.0512*         -0.0646*         -0.0638*         0.00568          -0.0359           0.0169
                  (-0.42)         (-2.13)         (-2.26)         (-2.38)          (0.28)         (-1.35)          (0.67)   
R-sq                0.000           0.008           0.012           0.016           0.000           0.007           0.001   
cedpi89dif~e      0.00875          -0.0215          -0.0571***       -0.0354**       -0.00445          -0.0247          0.00444
                   (0.65)         (-1.61)         (-3.47)         (-2.64)         (-0.43)         (-1.67)          (0.32)   
R-sq                0.001           0.006           0.038           0.020           0.000           0.013           0.000   
cedpi90dif~e      0.00843          -0.0228          -0.0616***       -0.0387*        -0.00490          -0.0322        -0.000132
                   (0.61)         (-1.71)         (-3.40)         (-2.43)         (-0.43)         (-1.90)         (-0.01)   
R-sq                0.001           0.006           0.039           0.021           0.000           0.020           0.000   
cedpi91dif~e       0.0117          -0.0221          -0.0622***       -0.0447**      -0.000355          -0.0311        -0.000365
                   (0.92)         (-1.74)         (-3.40)         (-3.12)         (-0.03)         (-1.94)         (-0.03)   
R-sq                0.001           0.005           0.039           0.027           0.000           0.018           0.000   
cedpi92dif~e       0.0209          -0.0214          -0.0610***       -0.0385**        0.00549          -0.0209         -0.00296
                   (1.47)         (-1.75)         (-3.41)         (-2.64)          (0.49)         (-1.20)         (-0.24)   
R-sq                0.005           0.005           0.037           0.020           0.000           0.008           0.000   
cedpi93dif~e      -0.0193          -0.0299          -0.0900**        -0.0363          0.00386          -0.0346          0.00620
                  (-0.83)         (-1.12)         (-2.83)         (-1.30)          (0.18)         (-1.36)          (0.33)   
R-sq                0.002           0.005           0.039           0.009           0.000           0.011           0.000   
cedpi94dif~e     -0.00143          -0.0220          -0.0964**        -0.0348        -0.000528          -0.0331          0.00307
                  (-0.07)         (-0.93)         (-3.30)         (-1.33)         (-0.03)         (-1.22)          (0.16)   
R-sq                0.000           0.003           0.047           0.008           0.000           0.010           0.000   
cedpi95dif~e      0.00331          -0.0246          -0.0909**        -0.0369        -0.000918          -0.0333          0.00643
                   (0.17)         (-1.09)         (-3.26)         (-1.47)         (-0.05)         (-1.25)          (0.36)   
R-sq                0.000           0.004           0.044           0.010           0.000           0.011           0.000   
cedpi96dif~e      0.00173          -0.0280          -0.0799**        -0.0387         -0.00168          -0.0310         0.000470
                   (0.09)         (-1.32)         (-2.99)         (-1.58)         (-0.09)         (-1.14)          (0.03)   
R-sq                0.000           0.005           0.034           0.011           0.000           0.010           0.000   
tf03differ~e       0.0217           0.0388            0.135***        0.0730*          0.0397           0.0528          -0.0361
                   (0.85)          (1.40)          (4.12)          (2.45)          (1.76)          (1.65)         (-1.50)   
R-sq                0.002           0.005           0.057           0.023           0.008           0.016           0.008   
tf04differ~e       0.0202           0.0409            0.129***        0.0820**         0.0487*          0.0546          -0.0344
                   (0.79)          (1.56)          (4.09)          (2.87)          (2.31)          (1.71)         (-1.41)   
R-sq                0.001           0.005           0.049           0.027           0.011           0.017           0.007   
