----------------------------------------------------------------------------------------------------------------------------
                      (1)             (2)             (3)             (4)             (5)             (6)             (7)   
             _75_wagebill_~e    _80_wagebill_~e    _85_wagebill_~e    _90_wagebill_~e    _95_wagebill_~e    _00_wagebill_~e    _05_wagebill_~e   
----------------------------------------------------------------------------------------------------------------------------
gt80differ~e      -0.0792          0.0261           0.145         -0.0315          0.0428        -0.00922          0.0404   
                  (-1.17)          (0.27)          (1.48)         (-0.62)          (0.76)         (-0.15)          (0.70)   
R-sq                0.003           0.000           0.008           0.001           0.001           0.000           0.001   
gt81differ~e      -0.0133          0.0232        -0.00686         -0.0287         0.00106         0.00196          0.0294   
                  (-0.55)          (0.73)         (-0.21)         (-1.35)          (0.04)          (0.07)          (1.54)   
R-sq                0.001           0.002           0.000           0.004           0.000           0.000           0.006   
gt82differ~e     -0.00689          0.0609         0.00527        -0.00319          0.0101          0.0197          0.0295   
                  (-0.29)          (1.84)          (0.14)         (-0.12)          (0.41)          (0.65)          (1.14)   
R-sq                0.000           0.006           0.000           0.000           0.000           0.001           0.003   
gt83differ~e      -0.0129          0.0377          0.0231          0.0193         0.00948          0.0135          0.0337   
                  (-0.64)          (1.33)          (0.69)          (0.87)          (0.48)          (0.53)          (1.51)   
R-sq                0.000           0.003           0.001           0.002           0.000           0.001           0.006   
gt84differ~e      -0.0109       -0.000896          0.0581          0.0128          0.0100       -0.000923          0.0184   
                  (-0.50)         (-0.03)          (1.64)          (0.68)          (0.57)         (-0.05)          (0.87)   
R-sq                0.000           0.000           0.012           0.001           0.001           0.000           0.002   
gt85differ~e      -0.0137          0.0125          0.0628          0.0179          0.0247          0.0198          0.0220   
                  (-0.56)          (0.48)          (1.62)          (1.06)          (1.75)          (1.27)          (1.01)   
R-sq                0.001           0.001           0.015           0.002           0.004           0.003           0.004   
gt86differ~e      -0.0103          0.0300          0.0977*      -0.000199          0.0243          0.0121         0.00771   
                  (-0.35)          (0.92)          (2.27)         (-0.01)          (1.27)          (0.59)          (0.31)   
R-sq                0.000           0.002           0.028           0.000           0.003           0.001           0.000   
ft75differ~e    -0.000124        -0.00793        -0.00386        -0.00303       -0.000703          0.0164*        0.00489   
                  (-0.01)         (-0.81)         (-0.32)         (-0.46)         (-0.10)          (2.27)          (0.73)   
R-sq                0.000           0.001           0.000           0.000           0.000           0.011           0.001   
sb00differ~e     -0.00359        -0.00923          0.0123         -0.0685         -0.0124        -0.00122         -0.0555   
                  (-0.09)         (-0.16)          (0.24)         (-1.70)         (-0.51)         (-0.04)         (-1.52)   
R-sq                0.000           0.000           0.000           0.009           0.000           0.000           0.007   
sb01differ~e      -0.0114         0.00848          0.0222         -0.0702         -0.0190         -0.0110         -0.0732*  
                  (-0.28)          (0.13)          (0.42)         (-1.69)         (-0.69)         (-0.28)         (-2.04)   
R-sq                0.000           0.000           0.001           0.009           0.001           0.000           0.011   
sb02differ~e      0.00120          0.0320          0.0251         -0.0654        -0.01000         -0.0168         -0.0682*  
                   (0.04)          (0.61)          (0.58)         (-1.73)         (-0.44)         (-0.52)         (-2.41)   
R-sq                0.000           0.001           0.001           0.011           0.000           0.001           0.015   
sb03differ~e      0.00562          0.0328          0.0239         -0.0686         -0.0108         -0.0179         -0.0763** 
                   (0.18)          (0.62)          (0.54)         (-1.78)         (-0.46)         (-0.55)         (-2.71)   
R-sq                0.000           0.001           0.001           0.012           0.000           0.001           0.018   
sb04differ~e       0.0240          0.0290        -0.00847         -0.0827         -0.0205         -0.0117         -0.0748*  
                   (0.67)          (0.47)         (-0.16)         (-1.91)         (-0.78)         (-0.32)         (-2.35)   
R-sq                0.001           0.001           0.000           0.013           0.001           0.000           0.013   
ne99differ~e       0.0233          0.0223        -0.00332         -0.0112          0.0176          0.0388          0.0128   
                   (0.88)          (0.54)         (-0.09)         (-0.47)          (0.63)          (1.37)          (0.52)   
R-sq                0.001           0.001           0.000           0.000           0.001           0.004           0.001   
ne02differ~e       0.0338          0.0408       -0.000762        0.000280          0.0681*         0.0678        -0.00208   
                   (0.84)          (0.71)         (-0.01)          (0.01)          (2.06)          (1.68)         (-0.06)   
R-sq                0.001           0.001           0.000           0.000           0.008           0.007           0.000   
bh01differ~e       0.0328           0.119*        -0.0157         -0.0352          0.0122          0.0258         0.00177   
                   (0.86)          (2.00)         (-0.25)         (-1.03)          (0.27)          (0.58)          (0.04)   
R-sq                0.001           0.010           0.000           0.002           0.000           0.001           0.000   
bh02differ~e       0.0110           0.105        -0.00412         -0.0420          0.0203         0.00755         -0.0252   
                   (0.28)          (1.76)         (-0.07)         (-1.26)          (0.48)          (0.18)         (-0.66)   
R-sq                0.000           0.008           0.000           0.002           0.001           0.000           0.001   
bh03differ~e       0.0422           0.104         -0.0608        -0.00227          0.0134          0.0502          0.0496   
                   (1.00)          (1.52)         (-0.85)         (-0.07)          (0.28)          (1.14)          (1.15)   
R-sq                0.001           0.007           0.003           0.000           0.000           0.003           0.004   
bh04differ~e       0.0503           0.176**        0.0504         -0.0385          0.0426          0.0266         -0.0109   
                   (1.05)          (2.87)          (0.94)         (-1.11)          (1.06)          (0.68)         (-0.26)   
R-sq                0.002           0.021           0.002           0.002           0.003           0.001           0.000   
frng04diff~e      0.00847         -0.0291          0.0862         -0.0843*       -0.00376         -0.0311         -0.0444   
                   (0.19)         (-0.44)          (1.37)         (-2.09)         (-0.14)         (-0.86)         (-1.13)   
R-sq                0.000           0.001           0.006           0.010           0.000           0.001           0.003   
frsg04diff~e       0.0115         0.00814          0.0344         -0.0886         0.00705         -0.0274         -0.0333   
                   (0.32)          (0.12)          (0.46)         (-1.80)          (0.22)         (-0.74)         (-0.79)   
R-sq                0.000           0.000           0.001           0.010           0.000           0.001           0.002   
pri99diffe~e       0.0455          0.0181         -0.0266         -0.0653         -0.0262          0.0581         -0.0457   
                   (0.81)          (0.21)         (-0.33)         (-1.49)         (-0.56)          (0.93)         (-0.90)   
R-sq                0.001           0.000           0.000           0.003           0.001           0.002           0.002   
pri04diffe~e       0.0627         -0.0153          0.0354         -0.0138         -0.0139          0.0557         -0.0144   
                   (1.31)         (-0.24)          (0.61)         (-0.49)         (-0.39)          (1.17)         (-0.34)   
R-sq                0.003           0.000           0.001           0.000           0.000           0.004           0.000   
cedp87diff~e     -0.00619          0.0130        -0.00409         0.00985        0.000712          0.0115          0.0167   
                  (-0.88)          (1.04)         (-0.28)          (1.01)          (0.09)          (1.14)          (1.56)   
R-sq                0.001           0.002           0.000           0.002           0.000           0.004           0.009   
cedp88diff~e       0.0111          0.0273         0.00107          0.0178          0.0135          0.0187*         0.0177   
                   (0.93)          (1.84)          (0.08)          (1.86)          (1.60)          (2.01)          (1.76)   
R-sq                0.002           0.010           0.000           0.007           0.005           0.009           0.009   
cedp89diff~e     -0.00320          0.0137       -0.000780          0.0115        -0.00897        -0.00967         0.00272   
                  (-0.43)          (1.14)         (-0.06)          (1.49)         (-1.15)         (-0.89)          (0.27)   
R-sq                0.000           0.003           0.000           0.003           0.002           0.003           0.000   
cedp90diff~e      0.00216          0.0170          0.0135          0.0165         0.00316         0.00170         0.00211   
                   (0.24)          (1.51)          (1.16)          (1.60)          (0.39)          (0.19)          (0.24)   
R-sq                0.000           0.004           0.003           0.007           0.000           0.000           0.000   
cedp91diff~e      0.00433         0.00785        -0.00316          0.0163        -0.00594          0.0125          0.0123   
                   (0.63)          (0.73)         (-0.28)          (1.40)         (-0.63)          (1.70)          (1.81)   
R-sq                0.000           0.001           0.000           0.010           0.001           0.006           0.007   
cedc87diff~e      -0.0121        -0.00925        -0.00245         0.00166         -0.0207**       -0.0203         0.00907   
                  (-1.43)         (-0.73)         (-0.18)          (0.22)         (-2.96)         (-1.75)          (0.89)   
R-sq                0.002           0.001           0.000           0.000           0.011           0.010           0.002   
cedc88diff~e      -0.0112*        -0.0118        -0.00195       -0.000283         -0.0131*       -0.00775         0.00629   
                  (-2.03)         (-0.92)         (-0.19)         (-0.05)         (-2.02)         (-1.00)          (0.86)   
R-sq                0.003           0.003           0.000           0.000           0.007           0.002           0.002   
cedc89diff~e      -0.0111*        -0.0129        -0.00324        0.000662         -0.0126*       -0.00823         0.00824   
                  (-1.99)         (-1.00)         (-0.31)          (0.11)         (-2.00)         (-1.03)          (1.09)   
R-sq                0.003           0.003           0.000           0.000           0.007           0.003           0.003   
cedc90diff~e     -0.00807        -0.00258         0.00414        -0.00531         -0.0137        -0.00797       -0.000649   
                  (-1.52)         (-0.22)          (0.42)         (-0.74)         (-1.92)         (-0.95)         (-0.09)   
R-sq                0.001           0.000           0.000           0.001           0.007           0.002           0.000   
cedc91diff~e     -0.00899        0.000841         0.00277        -0.00528         -0.0104        -0.00525        -0.00168   
                  (-1.64)          (0.07)          (0.27)         (-0.72)         (-1.49)         (-0.67)         (-0.23)   
R-sq                0.002           0.000           0.000           0.001           0.004           0.001           0.000   
cedc92diff~e      -0.0128*       -0.00188         0.00311        -0.00362         -0.0109         -0.0114         0.00157   
                  (-2.27)         (-0.15)          (0.31)         (-0.57)         (-1.69)         (-1.40)          (0.24)   
R-sq                0.004           0.000           0.000           0.001           0.005           0.005           0.000   
cedc93diff~e      -0.0139*       -0.00902         0.00592       -0.000720        -0.00893        -0.00854         0.00218   
                  (-2.24)         (-0.64)          (0.58)         (-0.10)         (-1.37)         (-1.02)          (0.31)   
R-sq                0.005           0.002           0.001           0.000           0.003           0.003           0.000   
cedc94diff~e      -0.0133*       -0.00945         0.00265        -0.00228         -0.0120*        -0.0110         0.00669   
                  (-2.01)         (-0.75)          (0.27)         (-0.35)         (-2.04)         (-1.30)          (0.94)   
R-sq                0.004           0.002           0.000           0.000           0.006           0.005           0.002   
cedc95diff~e      -0.0113        -0.00192         0.00573        -0.00373         -0.0120*       -0.00843         0.00600   
                  (-1.87)         (-0.17)          (0.60)         (-0.57)         (-2.00)         (-1.04)          (0.87)   
R-sq                0.003           0.000           0.001           0.001           0.007           0.003           0.002   
cedc96diff~e      -0.0137*       -0.00841        0.000480        -0.00423         -0.0111         -0.0101         0.00541   
                  (-2.05)         (-0.65)          (0.05)         (-0.65)         (-1.81)         (-1.28)          (0.73)   
R-sq                0.005           0.001           0.000           0.001           0.005           0.004           0.001   
cedpi88dif~e      -0.0331          0.0681          0.0808         -0.0985         0.00741         -0.0528          -0.133** 
                  (-0.64)          (0.98)          (1.25)         (-1.96)          (0.20)         (-1.12)         (-3.22)   
R-sq                0.001           0.003           0.005           0.011           0.000           0.003           0.025   
cedpi89dif~e      -0.0147          0.0182          0.0443         -0.0424          0.0122         -0.0242         -0.0357   
                  (-0.54)          (0.53)          (1.24)         (-1.73)          (0.78)         (-1.09)         (-1.54)   
R-sq                0.001           0.001           0.006           0.009           0.001           0.003           0.007   
cedpi90dif~e     -0.00635         0.00209          0.0423         -0.0489          0.0102         -0.0250         -0.0399   
                  (-0.26)          (0.06)          (1.09)         (-1.67)          (0.57)         (-1.09)         (-1.72)   
R-sq                0.000           0.000           0.005           0.010           0.001           0.003           0.008   
cedpi91dif~e     -0.00950         0.00824          0.0217         -0.0594*        0.00545         -0.0338         -0.0319   
                  (-0.41)          (0.22)          (0.55)         (-2.08)          (0.30)         (-1.53)         (-1.45)   
R-sq                0.000           0.000           0.001           0.015           0.000           0.005           0.005   
cedpi92dif~e     -0.00817         0.00779         0.00329         -0.0523         0.00574         -0.0274         -0.0151   
                  (-0.35)          (0.23)          (0.09)         (-1.87)          (0.31)         (-1.13)         (-0.63)   
R-sq                0.000           0.000           0.000           0.011           0.000           0.003           0.001   
cedpi93dif~e     -0.00682         0.00804          0.0997         -0.0647         0.00559         -0.0176          -0.101***
                  (-0.19)          (0.13)          (1.90)         (-1.79)          (0.20)         (-0.46)         (-3.42)   
R-sq                0.000           0.000           0.012           0.008           0.000           0.001           0.025   
cedpi94dif~e      0.00194         0.00960          0.0828         -0.0684         0.00773         -0.0173         -0.0770*  
                   (0.05)          (0.16)          (1.56)         (-1.86)          (0.30)         (-0.47)         (-2.44)   
R-sq                0.000           0.000           0.009           0.010           0.000           0.001           0.015   
cedpi95dif~e       0.0103       -0.000539          0.0773         -0.0658        0.000376         -0.0263         -0.0643*  
                   (0.30)         (-0.01)          (1.48)         (-1.78)          (0.02)         (-0.75)         (-2.15)   
R-sq                0.000           0.000           0.008           0.010           0.000           0.002           0.011   
cedpi96dif~e      0.00983       -0.000609          0.0845         -0.0622       -0.000121         -0.0259         -0.0649*  
                   (0.29)         (-0.01)          (1.69)         (-1.70)         (-0.00)         (-0.73)         (-2.11)   
R-sq                0.000           0.000           0.010           0.008           0.000           0.002           0.011   
tf03differ~e     0.000875        -0.00345         -0.0827          0.0521          0.0139          0.0277          0.0630   
                   (0.02)         (-0.05)         (-1.27)          (1.08)          (0.39)          (0.61)          (1.41)   
R-sq                0.000           0.000           0.005           0.003           0.000           0.001           0.006   
tf04differ~e       0.0102        -0.00129         -0.0827          0.0586          0.0230          0.0344          0.0680   
                   (0.18)         (-0.02)         (-1.26)          (1.18)          (0.62)          (0.79)          (1.53)   
R-sq                0.000           0.000           0.005           0.004           0.001           0.002           0.007   
