--------------------------------------------------------------------------------------------------------------------------------------------
                      (1)             (2)             (3)             (4)             (5)             (6)             (7)             (8)   
             avwage_bac~d    avwage_pre~t    output_bac~d    output_pre~t    wagebill_b~d    wagebill_p~t    wageemp_ba~d    wageemp_pr~t   
--------------------------------------------------------------------------------------------------------------------------------------------
lngt80diff~e      -0.0247          0.0162         0.00386         -0.0221         -0.0792          0.0261         -0.0521          0.0155   
                  (-0.90)          (0.61)          (0.15)         (-0.89)         (-1.17)          (0.27)         (-1.01)          (0.23)   
lngt81diff~e     -0.00552        0.000301        -0.00116         -0.0100         0.00119          0.0102         0.00260        -0.00536   
                  (-0.54)          (0.04)         (-0.11)         (-1.21)          (0.05)          (0.26)          (0.12)         (-0.21)   
lngt82diff~e      -0.0173          0.0270*        -0.0102        -0.00339          0.0607*        0.00260          0.0395*        -0.0347   
                  (-1.16)          (2.50)         (-0.74)         (-0.19)          (2.11)          (0.05)          (2.15)         (-0.99)   
lngt83diff~e      -0.0223          0.0207*        -0.0110          0.0156          0.0164          0.0347          0.0177          0.0129   
                  (-1.80)          (2.16)         (-1.00)          (1.67)          (0.73)          (1.01)          (0.94)          (0.51)   
lngt84diff~e      -0.0138          0.0137         -0.0141         0.00834         0.00336          0.0561         -0.0102          0.0479   
                  (-1.61)          (1.54)         (-1.59)          (1.00)          (0.15)          (1.53)         (-0.64)          (1.75)   
lngt85diff~e      0.00579          0.0153        -0.00779          0.0143          0.0125          0.0628        0.000197          0.0506   
                   (0.89)          (1.61)         (-0.98)          (1.60)          (0.48)          (1.62)          (0.01)          (1.79)   
lngt86diff~e      0.00154          0.0263**       -0.0200          0.0419***       0.0596          0.0789**        0.0342          0.0581*  
                   (0.16)          (2.80)         (-1.95)          (3.81)          (1.42)          (2.71)          (1.24)          (2.58)   
lnft75diff~e     -0.00630        -0.00484        -0.00719        -0.00455        -0.00284       -0.000124         0.00251          0.0102   
                  (-1.20)         (-1.11)         (-1.24)         (-0.94)         (-0.43)         (-0.01)          (0.50)          (1.07)   
lnsb00diff~e      -0.0217          0.0185         -0.0274         0.00742         -0.0124        -0.00122        0.000132       -0.000712   
                  (-1.57)          (0.97)         (-1.47)          (0.30)         (-0.51)         (-0.04)          (0.01)         (-0.03)   
lnsb01diff~e       0.0229        -0.00381          0.0159         -0.0105         -0.0257         -0.0258         -0.0251         -0.0163   
                   (1.13)         (-0.22)          (0.74)         (-0.47)         (-0.63)         (-0.74)         (-0.82)         (-0.58)   
lnsb02diff~e       0.0225         0.00179          0.0307         -0.0135         0.00313         -0.0619*       -0.00307         -0.0401   
                   (1.30)          (0.12)          (1.46)         (-0.92)          (0.09)         (-2.20)         (-0.11)         (-1.79)   
lnsb03diff~e       0.0277         0.00746          0.0219        -0.00401         0.00168         -0.0948***     -0.00835         -0.0571** 
                   (1.73)          (0.50)          (0.90)         (-0.24)          (0.05)         (-3.71)         (-0.29)         (-2.93)   
lnsb04diff~e       0.0341          0.0316          0.0258          0.0166        -0.00589         -0.0504        -0.00985         -0.0493*  
                   (1.83)          (1.76)          (0.88)          (0.78)         (-0.17)         (-1.69)         (-0.35)         (-2.25)   
lnne99diff~e      0.00394         0.00576          0.0133        -0.00849          0.0180          0.0321          0.0135          0.0270   
                   (0.41)          (0.55)          (1.12)         (-0.52)          (0.66)          (1.16)          (0.72)          (1.31)   
lnne02diff~e       0.0101         -0.0182         -0.0105         -0.0249          0.0846*         0.0254          0.0788**        0.0101   
                   (0.53)         (-1.03)         (-0.45)         (-1.32)          (2.08)          (0.61)          (2.84)          (0.35)   
lnbh01diff~e       0.0478**       -0.0129          0.0506*        -0.0114          0.0228          0.0383          0.0223          0.0285   
                   (2.88)         (-0.77)          (2.04)         (-0.48)          (0.43)          (0.94)          (0.59)          (0.88)   
lnbh02diff~e       0.0135        -0.00196          0.0229        -0.00988          0.0338          0.0241          0.0388          0.0201   
                   (0.77)         (-0.12)          (0.83)         (-0.59)          (0.73)          (0.65)          (1.14)          (0.70)   
lnbh03diff~e      0.01000        -0.00632        -0.00194         0.00281          0.0315          0.0990**        0.0401          0.0426   
                   (0.61)         (-0.35)         (-0.06)          (0.13)          (0.62)          (2.77)          (1.08)          (1.57)   
lnbh04diff~e       0.0156        -0.00500         -0.0182         0.00743          0.0149          0.0283          0.0398          0.0238   
                   (0.87)         (-0.32)         (-0.77)          (0.45)          (0.38)          (0.68)          (1.16)          (0.79)   
lnfrng04di~e       0.0219          0.0285          0.0351          0.0367         -0.0153         -0.0504        -0.00345         -0.0478*  
                   (1.13)          (1.48)          (1.31)          (1.71)         (-0.39)         (-1.66)         (-0.11)         (-2.39)   
lnfrsg04di~e       0.0237          0.0404          0.0308          0.0515*        0.00438         -0.0407          0.0109         -0.0403   
                   (1.18)          (1.80)          (1.09)          (2.08)          (0.11)         (-1.16)          (0.33)         (-1.81)   
