--------------------------------------------------------------------------------------------------------------------------------------------
                      (1)             (2)             (3)             (4)             (5)             (6)             (7)             (8)   
             aginc_back~d    aginc_pred~t    nfincome_b~d    nfincome_p~t    percapinc_~d    percapinc_~t    pop_backward     pop_predict   
--------------------------------------------------------------------------------------------------------------------------------------------
lngt80diff~e      0.00935           0.224*          0.119**        0.0353         -0.0442          0.0844          0.0662**        0.0457   
                   (0.10)          (2.33)          (3.27)          (0.74)         (-0.64)          (1.65)          (2.89)          (1.68)   
lngt81diff~e       0.0584**        0.0196          0.0437***       0.0197          0.0255         -0.0111          0.0229**        0.0242***
                   (2.67)          (1.10)          (3.50)          (1.88)          (1.82)         (-1.02)          (2.82)          (3.69)   
lngt82diff~e       0.0227           0.118***       0.0349*         0.0735***      -0.0120          0.0675**        0.0316*         0.0232*  
                   (0.64)          (4.90)          (2.17)          (5.04)         (-0.60)          (3.10)          (2.40)          (2.06)   
lngt83diff~e       0.0479          0.0542*      -0.000788          0.0650***     -0.00251          0.0243          0.0156          0.0335***
                   (1.79)          (2.30)         (-0.06)          (5.68)         (-0.17)          (1.64)          (1.59)          (3.99)   
lngt84diff~e       0.0311          0.0285        -0.00532          0.0484***    -0.000926         0.00306         0.00873          0.0335***
                   (1.46)          (1.25)         (-0.38)          (3.94)         (-0.08)          (0.23)          (1.01)          (4.03)   
lngt85diff~e       0.0658*         0.0164          0.0110          0.0375**        0.0280        -0.00370         0.00906          0.0325***
                   (2.07)          (0.87)          (0.77)          (2.86)          (1.63)         (-0.36)          (1.19)          (3.52)   
lngt86diff~e      -0.0101          0.0608*       -0.00438          0.0654***      -0.0211          0.0185          0.0127          0.0415***
                  (-0.39)          (2.23)         (-0.26)          (4.87)         (-1.44)          (1.25)          (1.28)          (3.97)   
lnft75diff~e      -0.0251          0.0150         -0.0102        -0.00381         -0.0207*         0.0159        -0.00237        -0.00337   
                  (-1.94)          (1.13)         (-1.89)         (-0.71)         (-2.13)          (1.68)         (-0.62)         (-1.50)   
lnsb00diff~e       0.0276          0.0780**       -0.0236         -0.0523*         0.0108          0.0358*        -0.0238         -0.0345** 
                   (0.80)          (2.86)         (-1.08)         (-1.99)          (0.57)          (2.13)         (-1.29)         (-2.89)   
lnsb01diff~e     -0.00682          0.0315         -0.0112         -0.0687**       0.00790          0.0171         -0.0226         -0.0484***
                  (-0.16)          (1.06)         (-0.40)         (-2.84)          (0.35)          (0.78)         (-1.14)         (-4.23)   
lnsb02diff~e       0.0428         -0.0132        -0.00258         -0.0715***       0.0275        -0.00770         -0.0188         -0.0440***
                   (1.32)         (-0.62)         (-0.11)         (-4.18)          (1.75)         (-0.56)         (-1.31)         (-4.77)   
lnsb03diff~e       0.0525        -0.00965         -0.0218         -0.0551**        0.0271         0.00898         -0.0194         -0.0460***
                   (1.44)         (-0.38)         (-1.01)         (-3.16)          (1.55)          (0.64)         (-1.49)         (-4.30)   
lnsb04diff~e       0.0496        -0.00368         -0.0418*       -0.00269          0.0192          0.0513*        -0.0287*        -0.0506***
                   (1.51)         (-0.09)         (-2.14)         (-0.13)          (1.14)          (2.29)         (-2.11)         (-4.98)   
lnne99diff~e       0.0719**        0.0162          0.0263        -0.00131          0.0395**      0.000497         0.00745         0.00612   
                   (2.85)          (0.65)          (1.77)         (-0.10)          (2.99)          (0.03)          (0.63)          (0.60)   
lnne02diff~e       0.0712*        -0.0487         0.00456         -0.0394          0.0218         -0.0389          0.0181         -0.0153   
                   (2.00)         (-1.77)          (0.23)         (-1.71)          (1.05)         (-1.94)          (1.12)         (-1.21)   
lnbh01diff~e       0.0504          0.0175          0.0720**       -0.0115          0.0450*        0.00509          0.0125        -0.00125   
                   (1.16)          (0.66)          (2.91)         (-0.60)          (2.07)          (0.24)          (0.69)         (-0.10)   
lnbh02diff~e       0.0826*        -0.0166          0.0295         -0.0132          0.0347        -0.00168          0.0165         -0.0139   
                   (2.23)         (-0.51)          (1.20)         (-0.57)          (1.81)         (-0.07)          (0.95)         (-1.04)   
lnbh03diff~e       0.0478         -0.0243          0.0455        -0.00717          0.0273         -0.0106          0.0203        -0.00432   
                   (1.23)         (-1.22)          (1.91)         (-0.27)          (1.38)         (-0.65)          (1.03)         (-0.30)   
lnbh04diff~e       0.0134          0.0288         -0.0177          0.0227        -0.00399          0.0460*        0.00189         -0.0185   
                   (0.40)          (1.03)         (-0.85)          (1.11)         (-0.23)          (2.17)          (0.12)         (-1.56)   
lnfrng04di~e     -0.00232         0.00735         -0.0303          0.0103          0.0249          0.0592         -0.0416**       -0.0403** 
                  (-0.06)          (0.16)         (-1.26)          (0.48)          (1.10)          (1.94)         (-2.73)         (-2.83)   
lnfrsg04di~e      -0.0133          0.0362         -0.0483          0.0175          0.0150          0.0848**       -0.0521***      -0.0488***
                  (-0.28)          (0.69)         (-1.97)          (0.74)          (0.57)          (2.69)         (-3.67)         (-3.78)   
