stpr_id
4006
4006
4006
4006
4006
4008
1012
1012
1012
1012
1012
1012
1012
1012
1012
1012
12013
12013
12013
1013
1013
12013
12013
1013
1013
1013
1013
1013
12013
12013
1013
1013
12013
1013
1013
12013
12013
1013
12013
12013
1013
1013
1013
1013
12013
12013
1013
1013
1013
1013
1013
1013
12013
12013
1013
1013
12013
12013
1013
1013
1013
12013
17018
17018
17018
17018
17018
17018
17018
17018
17018
17018
17018
17018
17018
17018
17018
17018
17018
17018
17018
17018
17018
17019
17019
17019
17019
17019
17019
17019
17019
17019
17019
17019
17019
17019
17019
8020
8020
8020
8020
8020
8020
8020
8020
8020
8020
8020
8020
17021
17021
18021
18021
18021
18021
18021
18021
17021
18021
18021
18021
18021
18021
18021
18021
18021
18021
18021
18021
18021
17021
17021
17021
17021
17021
18021
18021
18021
18021
18021
18021
17021
18021
17021
5022
5022
5022
5022
5022
5022
5022
5022
5022
5022
5022
5022
5022
5022
10024
10024
10024
10024
10024
10024
10024
10024
10024
9025
9025
9025
9025
9025
9025
18026
18026
18026
18026
18026
18026
18026
18026
18026
19027
19027
19027
19027
19027
19027
19027
19027
19027
19027
19027
19027
19027
19027
19027
19027
19027
19027
19027
22028
22028
22028
22028
22028
5028
5028
5028
22028
1028
5028
5028
1028
1028
1028
22028
22028
5028
1028
1028
1028
22028
1028
1028
1028
1028
1028
22028
1028
1028
1028
1028
22028
22028
22028
22028
1028
1028
1028
5028
5028
5028
22028
22028
22028
22028
22028
5028
1028
1028
22028
22028
22028
20029
19029
19029
5029
5029
20029
20029
20029
20029
20029
5029
17029
17029
20029
20029
19029
17029
19029
20029
5029
5029
5029
5029
19029
19029
20029
5029
20029
20029
20029
20029
17029
17029
17029
17029
5029
17029
17029
19029
19029
21029
17029
21029
21029
21029
21029
21029
20029
19029
19029
5029
5029
5029
5029
5029
5029
5029
17029
17029
17029
17029
17029
20029
20029
20029
19029
19029
17029
5029
5029
17029
17029
17029
17029
17029
17029
17029
17029
19029
19029
19029
19029
17029
5029
5029
5029
5029
20029
20029
20029
19029
19029
17029
17029
16030
16030
16030
16030
16030
16030
16030
16030
16030
16030
16030
16030
16030
16030
16030
19031
19031
19031
19031
8031
8031
8031
8031
19031
8031
19031
8031
20031
20031
20031
20031
20031
20031
20031
20031
20031
20031
20031
20031
20031
8031
8031
29031
29031
20031
20031
29031
19031
20031
20031
8031
8031
20031
20031
20031
20031
29031
20031
19031
19031
20031
20031
19031
19031
19031
19031
20031
20031
4032
6032
6032
6032
6032
6032
6032
16032
16032
16032
6032
6032
16032
4032
6032
6032
6032
6032
6032
6032
6032
6032
6032
23033
23033
25033
25033
23033
25033
25033
25033
25033
23033
23033
10034
10034
10034
4035
4035
4035
8035
8035
4035
4035
4035
4035
8035
8035
8035
8035
8035
4035
8035
8035
8035
8035
34036
25036
9036
9036
25036
34036
34036
34036
34036
9036
25036
34036
34036
34036
9036
13037
13037
13037
13037
13037
13037
13037
30038
27038
27038
30038
30038
30038
27038
27038
30038
30038
30038
27038
27038
27038
27038
27038
30038
27038
27038
27038
30038
30038
30038
21039
21039
21039
21039
18039
18039
18039
21039
21039
21039
18039
18039
18039
18039
18039
26039
26039
21039
18039
21039
18039
21039
21039
21039
26039
26039
18039
18039
18039
18039
18039
21039
21039
18039
18039
18039
26039
18039
5040
5040
5040
20040
20040
20040
20040
20040
35040
8040
20040
20040
20040
29040
5040
20040
20040
20040
20040
20040
20040
5040
5040
5040
5040
5040
5040
20040
20040
20040
20040
29040
29040
20040
5040
5040
20040
20040
20040
20040
20040
20040
20040
16041
16041
6041
32041
32041
6041
6041
6041
6041
6041
32041
6041
16041
32041
16041
16041
16041
16041
16041
16041
24042
24042
39042
24042
36042
36042
34042
34042
34042
34042
10042
24042
10042
39042
39042
10042
34042
36042
39042
24042
24042
24042
24042
24042
24042
24042
39042
39042
36042
36042
39042
39042
34042
34042
34042
34042
34042
34042
36042
36042
34042
36042
36042
24042
24042
36042
36042
36042
36042
36042
36042
36042
36042
36042
24042
24042
24042
25044
9044
9044
25044
25044
9044
25044
25044
9044
13045
13045
13045
13045
13045
13045
13045
13045
37045
37045
37045
37045
37045
37045
37045
13045
13045
37045
37045
37045
13045
13045
37045
37045
37045
13045
13045
37045
37045
13045
13045
13045
37045
37045
37045
37045
13045
13045
13045
13045
37045
13045
37045
37045
37045
37045
37045
37045
37045
37045
31046
31046
27046
27046
38046
38046
30046
38046
38046
31046
31046
31046
31046
38046
38046
38046
27046
27046
27046
31046
31046
27046
27046
27046
31046
31046
30046
38046
38046
30046
19046
19046
38046
38046
38046
38046
27046
27046
19046
27046
27046
27046
38046
27046
27046
38046
38046
31046
31046
31046
31046
31046
31046
31046
31046
19046
31046
19046
19046
31046
31046
37047
37047
13047
13047
21047
21047
37047
37047
21047
21047
21047
21047
21047
37047
37047
29047
5047
28047
28047
1047
1047
1047
1047
37047
13047
13047
13047
13047
28047
28047
28047
1047
28047
28047
21047
21047
37047
37047
37047
29047
29047
21047
21047
5047
1047
1047
1047
28047
21047
21047
13047
1047
37047
37047
21047
21047
21047
21047
21047
21047
13047
13047
37047
21047
21047
21047
21047
21047
37047
37047
28047
28047
5047
21047
21047
21047
21047
21047
5047
5047
37047
37047
37047
1047
21047
21047
35048
35048
35048
5048
40048
5048
22048
5048
40048
40048
40048
35048
35048
40048
40048
40048
35048
35048
35048
40048
35048
35048
35048
35048
40048
35048
40048
40048
40048
40048
40048
40048
22048
35048
35048
40048
40048
35048
22048
40048
40048
40048
40048
35048
35048
22048
40048
40048
22048
22048
22048
22048
40048
40048
35048
22048
22048
22048
22048
35048
40048
40048
35048
22048
22048
22048
40048
40048
40048
40048
40048
40048
40048
40048
35048
35048
32049
16049
32049
16049
16049
16049
16049
8049
8049
8049
8049
32049
32049
4049
4049
32049
32049
16049
16049
8049
35049
8049
8049
4049
4049
8049
8049
4049
32049
32049
8049
8049
8049
32049
4049
36050
36050
36050
25050
36050
25050
33050
36050
36050
33050
33050
36050
33050
36050
33050
25050
33050
33050
33050
24051
24051
24051
24051
37051
37051
21051
21051
37051
37051
47051
37051
37051
37051
37051
21051
21051
47051
47051
24051
24051
24051
37051
37051
37051
37051
37051
47051
47051
47051
24051
37051
37051
37051
37051
37051
16053
41053
41053
41053
41053
41053
41053
41053
41053
41053
41053
41053
41053
41053
41053
16053
16053
41053
41053
16053
16053
16053
41053
41053
41053
16053
16053
16053
24054
51054
39054
42054
39054
39054
24054
51054
24054
42054
39054
42054
39054
51054
39054
24054
51054
51054
51054
51054
42054
39054
42054
39054
39054
39054
51054
51054
51054
24054
24054
21054
51054
21054
42054
42054
51054
51054
24054
24054
42054
39054
39054
51054
39054
51054
51054
42054
24054
51054
39054
39054
21054
21054
21054
39054
42054
39054
39054
39054
39054
27055
27055
27055
27055
19055
19055
27055
27055
27055
26055
26055
26055
19055
19055
17055
17055
17055
26055
17055
17055
27055
27055
17055
17055
26055
26055
27055
27055
27055
27055
27055
27055
27055
17055
17055
27055
27055
19055
27055
26055
26055
17055
17055
8056
8056
30056
30056
30056
8056
8056
8056
30056
46056
46056
30056
31056
31056
31056
31056
8056
8056
31056
16056
16056
16056
49056
46056
31056
46056
30056
30056
30056
30056
30056
49056
8056
49056
16056
16056
30056
16056
49056
49056
46056
46056
46056
