----------------------------------------------------------------------------------------------------------------------------
                      (1)             (2)             (3)             (4)             (5)             (6)             (7)   
             _75_aginc_~e    _80_aginc_~e    _85_aginc_~e    _90_aginc_~e    _95_aginc_~e    _00_aginc_~e    _05_aginc_~e   
----------------------------------------------------------------------------------------------------------------------------
gt86differ~e     -0.00341          0.0564          0.0105        -0.00107       -0.000937          0.0150          0.0152   
                  (-0.11)          (1.22)          (0.36)         (-0.04)         (-0.04)          (0.87)          (0.50)   

ft75differ~e      0.00830          0.0111        -0.00459        -0.00993         0.00317          0.0100         0.00336   
                   (0.72)          (0.82)         (-0.44)         (-1.02)          (0.41)          (1.45)          (0.48)   

sb00differ~e     -0.00271         -0.0231          0.0321          0.0192          0.0361          0.0347          -0.166** 
                  (-0.04)         (-0.25)          (0.56)          (0.40)          (0.81)          (0.73)         (-3.20)   

ne99differ~e       0.0805          -0.113         -0.0364         -0.0340         -0.0297        -0.00775          0.0188   
                   (1.05)         (-1.19)         (-0.51)         (-0.60)         (-0.66)         (-0.18)          (0.43)   

bh04differ~e       -0.200*          0.151        -0.00478          0.0473          0.0265          0.0287          0.0463   
                  (-2.09)          (1.41)         (-0.06)          (0.83)          (0.42)          (0.55)          (1.03)   

frsg04diff~e      -0.0971          0.0130         -0.0912          -0.178*        -0.0741         -0.0827          0.0226   
                  (-1.00)          (0.11)         (-1.05)         (-2.40)         (-1.23)         (-1.67)          (0.30)   

pri04diffe~e       -0.228*         0.0998          0.0139          0.0448         -0.0398          0.0268          0.0115   
                  (-2.26)          (1.19)          (0.21)          (0.64)         (-0.64)          (0.60)          (0.27)   

cedp90diff~e      -0.0158          0.0237         0.00936          0.0242*      -0.000565         0.00196         -0.0123   
                  (-1.18)          (1.36)          (0.71)          (2.31)         (-0.07)          (0.31)         (-1.40)   

cedc89diff~e     -0.00948        0.000820        -0.00923          0.0209         -0.0218         0.00333          0.0110   
                  (-0.58)          (0.04)         (-0.69)          (1.86)         (-1.83)          (0.44)          (0.97)   

cedpi95dif~e       0.0704        -0.00588         0.00342          0.0622           0.151**        0.0513          0.0134   
                   (0.80)         (-0.06)          (0.05)          (1.12)          (2.74)          (1.03)          (0.26)   

tf03differ~e       -0.114           0.178          0.0588          0.0948           0.155         -0.0325          -0.151   
                  (-0.90)          (1.25)          (0.60)          (1.05)          (1.86)         (-0.43)         (-1.62)   

_cons             -0.0273*       -0.00184          0.0129        -0.00237         -0.0117         -0.0108        -0.00796   
                  (-2.13)         (-0.13)          (1.25)         (-0.29)         (-1.32)         (-1.37)         (-1.05)   
----------------------------------------------------------------------------------------------------------------------------
N                    1217            1217            1222            1222            1222            1222            1222   
R-sq                0.038           0.042           0.025           0.096           0.062           0.045           0.040   
----------------------------------------------------------------------------------------------------------------------------
t statistics in parentheses
* p<0.05, ** p<0.01, *** p<0.001
