----------------------------------------------------------------------------------------------------------------------------
                      (1)             (2)             (3)             (4)             (5)             (6)             (7)   
             _75_avwage~e    _80_avwage~e    _85_avwage~e    _90_avwage~e    _95_avwage~e    _00_avwage~e    _05_avwage~e   
----------------------------------------------------------------------------------------------------------------------------
gt86differ~e      -0.0231          0.0156          0.0225         0.00845         0.00648         -0.0152       -0.000177   
                  (-1.54)          (1.05)          (1.76)          (0.89)          (0.88)         (-1.60)         (-0.01)   

ft75differ~e     -0.00736        -0.00724         0.00463       0.0000352        -0.00640          0.0101*        0.00688   
                  (-1.46)         (-1.31)          (1.06)          (0.01)         (-1.97)          (2.52)          (1.48)   

sb00differ~e      -0.0192          0.0153         -0.0261          0.0221          0.0175         0.00165         -0.0928** 
                  (-0.78)          (0.48)         (-0.97)          (1.01)          (0.98)          (0.09)         (-3.30)   

ne99differ~e      -0.0225          0.0168         0.00975        -0.00372         -0.0260          0.0167         0.00556   
                  (-0.93)          (0.55)          (0.48)         (-0.16)         (-1.31)          (0.87)          (0.30)   

bh04differ~e      -0.0102         -0.0390        -0.00969         -0.0117          0.0590**        0.0179        -0.00199   
                  (-0.32)         (-1.24)         (-0.30)         (-0.41)          (2.87)          (0.64)         (-0.08)   

frsg04diff~e     -0.00925         0.00603        -0.00672         -0.0365         -0.0154        -0.00760          0.0153   
                  (-0.26)          (0.16)         (-0.18)         (-1.41)         (-0.60)         (-0.29)          (0.51)   

pri04diffe~e      -0.0287          0.0242          0.0333         -0.0363          0.0280          0.0192         0.00558   
                  (-0.89)          (0.89)          (1.17)         (-1.47)          (1.01)          (0.54)          (0.21)   

cedp90diff~e   -0.0000472       -0.000767         0.00364         0.00786*        0.00100         0.00551        -0.00432   
                  (-0.01)         (-0.20)          (0.94)          (1.99)          (0.27)          (1.69)         (-0.79)   

cedc89diff~e     -0.00629        -0.00392        -0.00405        -0.00433       -0.000250          0.0107         0.00230   
                  (-1.09)         (-0.48)         (-0.65)         (-0.78)         (-0.06)          (1.93)          (0.45)   

cedpi95dif~e      -0.0144         -0.0167          0.0377          0.0231        -0.00478          0.0612        -0.00935   
                  (-0.48)         (-0.57)          (0.99)          (0.79)         (-0.19)          (1.88)         (-0.33)   

tf03differ~e      -0.0584         -0.0223          0.0532          0.0233          0.0373          0.0792*         -0.122*  
                  (-1.24)         (-0.55)          (1.17)          (0.64)          (1.05)          (2.08)         (-2.01)   

_cons             -0.0109*       -0.00448         0.00849        -0.00323       -0.000456        -0.00219        -0.00408   
                  (-2.42)         (-0.94)          (1.77)         (-0.84)         (-0.13)         (-0.62)         (-1.01)   
----------------------------------------------------------------------------------------------------------------------------
N                    1218            1218            1222            1222            1222            1222            1222   
R-sq                0.019           0.014           0.032           0.041           0.032           0.034           0.069   
----------------------------------------------------------------------------------------------------------------------------
t statistics in parentheses
* p<0.05, ** p<0.01, *** p<0.001
