----------------------------------------------------------------------------------------------------------------------------
                      (1)             (2)             (3)             (4)             (5)             (6)             (7)   
             _75_wageem~e    _80_wageem~e    _85_wageem~e    _90_wageem~e    _95_wageem~e    _00_wageem~e    _05_wageem~e   
----------------------------------------------------------------------------------------------------------------------------
gt86differ~e       0.0284         0.00859          0.0947*       -0.00703          0.0174          0.0618**        0.0369*  
                   (1.28)          (0.29)          (2.22)         (-0.51)          (0.97)          (3.31)          (2.02)   

ft75differ~e       0.0138          0.0101        -0.00148        -0.00303         0.00701          0.0194**        0.0101   
                   (1.33)          (1.09)         (-0.14)         (-0.64)          (1.04)          (2.65)          (1.91)   

sb00differ~e      -0.0289        -0.00589         -0.0696         -0.0365          0.0124          0.0159        -0.00568   
                  (-0.49)         (-0.11)         (-1.15)         (-0.94)          (0.40)          (0.39)         (-0.15)   

ne99differ~e      -0.0519          -0.166**       -0.0801         -0.0468         -0.0659         -0.0362          0.0468   
                  (-1.17)         (-3.14)         (-1.44)         (-0.91)         (-1.67)         (-1.04)          (1.79)   

bh04differ~e        0.156**         0.318***       0.0943          0.0287          0.0634          0.0894         0.00382   
                   (2.73)          (4.14)          (1.40)          (0.44)          (1.37)          (1.87)          (0.10)   

frsg04diff~e       0.0820          0.0365         -0.0200         -0.0403          0.0535          0.0691          0.0933*  
                   (1.35)          (0.52)         (-0.23)         (-0.68)          (1.13)          (1.42)          (2.09)   

pri04diffe~e        0.170**        0.0896           0.149*         0.0109        -0.00306           0.116**        0.0431   
                   (2.99)          (1.28)          (2.33)          (0.19)         (-0.07)          (2.76)          (1.14)   

cedp90diff~e       0.0132          0.0113        -0.00825         0.00222       -0.000183       -0.000959         0.00582   
                   (1.40)          (1.29)         (-0.76)          (0.27)         (-0.02)         (-0.17)          (0.87)   

cedc89diff~e    -0.000790         -0.0109        0.000511         -0.0118         -0.0206*       -0.00453          0.0117   
                  (-0.08)         (-0.91)          (0.04)         (-1.24)         (-2.07)         (-0.62)          (1.77)   

cedpi95dif~e       0.0516      -0.0000460          0.0727         -0.0573        -0.00293         -0.0775         -0.0623   
                   (0.85)         (-0.00)          (1.04)         (-1.00)         (-0.06)         (-1.46)         (-1.65)   

tf03differ~e        0.139          0.0845          0.0355         -0.0638          0.0892          0.0855          0.0578   
                   (1.45)          (0.88)          (0.33)         (-0.98)          (1.34)          (1.28)          (1.01)   

_cons             0.00916          0.0121         0.00665       -0.000106         0.00115          0.0101         0.00606   
                   (0.95)          (1.16)          (0.61)         (-0.02)          (0.17)          (1.30)          (0.96)   
----------------------------------------------------------------------------------------------------------------------------
N                    1219            1219            1222            1222            1222            1222            1222   
R-sq                0.044           0.061           0.052           0.022           0.023           0.046           0.037   
----------------------------------------------------------------------------------------------------------------------------
t statistics in parentheses
* p<0.05, ** p<0.01, *** p<0.001
