----------------------------------------------------------------------------------------------------------------------------
                      (1)             (2)             (3)             (4)             (5)             (6)             (7)   
             _75_nfinco~e    _80_nfinco~e    _85_nfinco~e    _90_nfinco~e    _95_nfinco~e    _00_nfinco~e    _05_nfinco~e   
----------------------------------------------------------------------------------------------------------------------------
gt86differ~e      0.00564          0.0139          0.0655**       0.00185          0.0153          0.0110        -0.00713   
                   (0.31)          (0.64)          (3.35)          (0.11)          (0.95)          (0.76)         (-0.45)   

ft75differ~e     -0.00105         0.00478         0.00743       0.0000394        -0.00150         0.00836         -0.0103   
                  (-0.17)          (0.65)          (1.18)          (0.01)         (-0.26)          (1.42)         (-1.91)   

sb00differ~e      -0.0159          0.0833*        -0.0445          0.0184         0.00328         -0.0572         -0.0840** 
                  (-0.39)          (2.22)         (-1.22)          (0.58)          (0.10)         (-1.74)         (-2.95)   

ne99differ~e      0.00888         -0.0322         -0.0791*       -0.00229         -0.0532         0.00590          0.0620*  
                   (0.26)         (-0.82)         (-2.47)         (-0.06)         (-1.76)          (0.20)          (2.19)   

bh04differ~e      -0.0751          0.0478         -0.0277          0.0126          0.0902*        -0.0188         -0.0163   
                  (-1.66)          (1.02)         (-0.64)          (0.35)          (2.46)         (-0.62)         (-0.51)   

frsg04diff~e      -0.0312         -0.0119          -0.109*         -0.162***      -0.0518         -0.0644          0.0385   
                  (-0.71)         (-0.25)         (-2.31)         (-4.20)         (-1.33)         (-1.35)          (0.96)   

pri04diffe~e      -0.0996**        0.0589          0.0766*       -0.00289          0.0243          0.0150          0.0430   
                  (-2.68)          (1.53)          (2.21)         (-0.07)          (0.67)          (0.54)          (1.26)   

cedp90diff~e      0.00864         0.00897        0.000665          0.0128*        0.00943*       -0.00279       -0.000191   
                   (1.52)          (1.72)          (0.11)          (2.50)          (2.18)         (-0.57)         (-0.04)   

cedc89diff~e     -0.00525        -0.00448         -0.0131*        0.00546        -0.00528          0.0105         0.00500   
                  (-0.73)         (-0.54)         (-2.11)          (0.86)         (-0.83)          (1.42)          (0.73)   

cedpi95dif~e       0.0373         -0.0167          0.0226          0.0750          0.0881*         0.0487         -0.0116   
                   (0.82)         (-0.37)          (0.61)          (1.90)          (2.36)          (1.31)         (-0.34)   

tf03differ~e      -0.0316           0.122          0.0998          0.0420           0.109*         0.0341          -0.119*  
                  (-0.55)          (1.93)          (1.81)          (0.84)          (2.14)          (0.72)         (-2.12)   

_cons             -0.0158*       -0.00238         0.00778        -0.00489        -0.00852        -0.00330        -0.00803   
                  (-2.34)         (-0.35)          (1.12)         (-0.93)         (-1.59)         (-0.63)         (-1.72)   
----------------------------------------------------------------------------------------------------------------------------
N                    1218            1218            1222            1222            1222            1222            1222   
R-sq                0.041           0.032           0.148           0.099           0.071           0.058           0.073   
----------------------------------------------------------------------------------------------------------------------------
t statistics in parentheses
* p<0.05, ** p<0.01, *** p<0.001
