----------------------------------------------------------------------------------------------------------------------------
                      (1)             (2)             (3)             (4)             (5)             (6)             (7)   
             _75_output~e    _80_output~e    _85_output~e    _90_output~e    _95_output~e    _00_output~e    _05_output~e   
----------------------------------------------------------------------------------------------------------------------------
gt86differ~e      -0.0197         0.00500          0.0200         0.00748          0.0121         -0.0168          0.0206   
                  (-1.71)          (0.32)          (1.56)          (0.72)          (1.09)         (-1.16)          (1.38)   

ft75differ~e     -0.00894       -0.000464         0.00441        0.000693        -0.00604         0.00809          0.0104   
                  (-1.91)         (-0.08)          (0.87)          (0.23)         (-1.35)          (1.40)          (1.90)   

sb00differ~e      -0.0203          0.0402         -0.0222          0.0243         0.00954         0.00139          -0.130***
                  (-0.85)          (1.43)         (-0.78)          (1.11)          (0.36)          (0.06)         (-3.63)   

ne99differ~e      -0.0278       -0.000459         -0.0138         -0.0121         -0.0659*         0.0172         0.00218   
                  (-1.18)         (-0.02)         (-0.59)         (-0.60)         (-2.62)          (0.58)          (0.07)   

bh04differ~e      -0.0285         -0.0151         -0.0224        -0.00559           0.102***      -0.0440          0.0278   
                  (-1.00)         (-0.54)         (-0.57)         (-0.23)          (3.42)         (-1.13)          (0.79)   

frsg04diff~e      -0.0660         -0.0500         -0.0233         -0.0491         -0.0204          0.0171          0.0636   
                  (-1.93)         (-1.41)         (-0.54)         (-1.66)         (-0.55)          (0.45)          (1.57)   

pri04diffe~e      -0.0451          0.0403          0.0168         -0.0205          0.0719*        -0.0282          0.0143   
                  (-1.67)          (1.65)          (0.54)         (-0.91)          (2.03)         (-0.48)          (0.41)   

cedp90diff~e     -0.00559        -0.00246         0.00805          0.0116**       0.00576        -0.00235        -0.00940   
                  (-1.30)         (-0.72)          (1.77)          (2.92)          (1.24)         (-0.48)         (-1.86)   

cedc89diff~e     -0.00631         0.00235        -0.00839        -0.00129        -0.00478       -0.000879          0.0119   
                  (-1.14)          (0.29)         (-1.27)         (-0.26)         (-0.73)         (-0.12)          (1.51)   

cedpi95dif~e     -0.00833         0.00492          0.0168          0.0528          0.0279         0.00131         -0.0142   
                  (-0.29)          (0.18)          (0.38)          (1.89)          (0.75)          (0.03)         (-0.36)   

tf03differ~e       -0.104*        0.00488         0.00281          0.0668          0.0872          0.0259          -0.115   
                  (-2.38)          (0.13)          (0.06)          (1.83)          (1.80)          (0.48)         (-1.80)   

_cons            -0.00842        -0.00640         0.00868        -0.00146        -0.00562        -0.00309         0.00370   
                  (-1.85)         (-1.40)          (1.47)         (-0.42)         (-1.16)         (-0.61)          (0.67)   
----------------------------------------------------------------------------------------------------------------------------
N                    1218            1218            1222            1222            1222            1222            1222   
R-sq                0.029           0.015           0.026           0.059           0.043           0.024           0.060   
----------------------------------------------------------------------------------------------------------------------------
t statistics in parentheses
* p<0.05, ** p<0.01, *** p<0.001
