----------------------------------------------------------------------------------------------------------------------------
                      (1)             (2)             (3)             (4)             (5)             (6)             (7)   
             _75_percap~e    _80_percap~e    _85_percap~e    _90_percap~e    _95_percap~e    _00_percap~e    _05_percap~e   
----------------------------------------------------------------------------------------------------------------------------
gt86differ~e      -0.0309          0.0198         -0.0104         -0.0139         0.00888          0.0105          0.0116   
                  (-1.21)          (0.75)         (-0.66)         (-1.25)          (0.77)          (0.96)          (0.71)   

ft75differ~e      0.00704        0.000180        -0.00399         0.00124         0.00534         0.00755       -0.000690   
                   (0.86)          (0.02)         (-0.93)          (0.26)          (1.38)          (1.85)         (-0.17)   

sb00differ~e       0.0386         0.00520          0.0297         0.00136         -0.0262         -0.0131         -0.0614*  
                   (0.72)          (0.10)          (1.01)          (0.06)         (-1.07)         (-0.48)         (-2.23)   

ne99differ~e       0.0490         -0.0597         -0.0145         -0.0108         -0.0238         0.00505          0.0506   
                   (1.16)         (-0.98)         (-0.36)         (-0.33)         (-0.91)          (0.20)          (1.74)   

bh04differ~e      -0.0641          0.0756         -0.0228          0.0316          0.0636         -0.0135          0.0106   
                  (-1.11)          (1.17)         (-0.51)          (0.83)          (1.83)         (-0.43)          (0.35)   

frsg04diff~e      -0.0664          0.0627         -0.0735         -0.0863          0.0619        -0.00373          0.0826*  
                  (-0.95)          (0.89)         (-1.48)         (-1.87)          (1.92)         (-0.10)          (2.02)   

pri04diffe~e       -0.128*         0.0214        -0.00987          0.0108          0.0148         -0.0287         0.00849   
                  (-2.13)          (0.42)         (-0.23)          (0.25)          (0.46)         (-0.87)          (0.30)   

cedp90diff~e      -0.0109          0.0119         0.00966         0.00932        -0.00337        -0.00627        -0.00689   
                  (-1.28)          (1.17)          (1.44)          (1.50)         (-0.76)         (-1.73)         (-1.34)   

cedc89diff~e      0.00256         -0.0107        -0.00599          0.0125*       -0.00978        0.000157         0.00313   
                   (0.24)         (-0.86)         (-0.81)          (2.23)         (-1.60)          (0.03)          (0.40)   

cedpi95dif~e        0.121*        -0.0458         -0.0119          0.0314          0.0714*        0.00207         -0.0552   
                   (2.19)         (-0.75)         (-0.30)          (0.88)          (2.14)          (0.06)         (-1.77)   

tf03differ~e       0.0282          0.0662         -0.0314          0.0524           0.121**       -0.0584          -0.138*  
                   (0.30)          (0.80)         (-0.56)          (0.95)          (2.83)         (-1.26)         (-2.45)   

_cons             -0.0145         0.00616         0.00454         0.00234        -0.00304        -0.00141        -0.00116   
                  (-1.76)          (0.76)          (0.92)          (0.48)         (-0.70)         (-0.31)         (-0.25)   
----------------------------------------------------------------------------------------------------------------------------
N                    1218            1218            1222            1222            1222            1222            1222   
R-sq                0.061           0.029           0.027           0.068           0.064           0.032           0.065   
----------------------------------------------------------------------------------------------------------------------------
t statistics in parentheses
* p<0.05, ** p<0.01, *** p<0.001
