----------------------------------------------------------------------------------------------------------------------------
                      (1)             (2)             (3)             (4)             (5)             (6)             (7)   
             _75_pop_Di~e    _80_pop_Di~e    _85_pop_Di~e    _90_pop_Di~e    _95_pop_Di~e    _00_pop_Di~e    _05_pop_Di~e   
----------------------------------------------------------------------------------------------------------------------------
gt86differ~e       0.0169         0.00846          0.0462***       0.0132         0.00508         0.00858        -0.00702   
                   (1.24)          (0.62)          (3.56)          (1.26)          (0.45)          (1.07)         (-0.81)   

ft75differ~e      0.00269         0.00658         0.00334        -0.00195        -0.00398       -0.000402        -0.00124   
                   (0.71)          (1.14)          (0.71)         (-0.39)         (-0.82)         (-0.12)         (-0.40)   

sb00differ~e     -0.00948         0.00327         -0.0442          0.0138          0.0246         -0.0168         -0.0508** 
                  (-0.27)          (0.13)         (-1.56)          (0.63)          (1.09)         (-0.87)         (-3.06)   

ne99differ~e     -0.00749        -0.00956         -0.0318        -0.00738         -0.0142         -0.0112        -0.00462   
                  (-0.28)         (-0.42)         (-1.22)         (-0.31)         (-0.64)         (-0.67)         (-0.33)   

bh04differ~e      -0.0517          0.0153       0.0000656         -0.0101         -0.0168          0.0168         0.00152   
                  (-1.74)          (0.54)          (0.00)         (-0.42)         (-0.66)          (0.88)          (0.10)   

frsg04diff~e      0.00600         -0.0170         -0.0246         -0.0789**        -0.104***      -0.0685**       -0.0386   
                   (0.17)         (-0.66)         (-0.80)         (-3.07)         (-4.08)         (-2.89)         (-1.69)   

pri04diffe~e      -0.0398          0.0235          0.0489         0.00793         -0.0220          0.0525*         0.0204   
                  (-1.56)          (0.71)          (1.82)          (0.38)         (-0.95)          (2.27)          (1.00)   

cedp90diff~e      0.00621         0.00719*       -0.00209         0.00799**       0.00724*        0.00506*       0.000922   
                   (1.72)          (2.38)         (-0.46)          (2.74)          (2.43)          (2.02)          (0.36)   

cedc89diff~e     -0.00756         0.00466        -0.00464       -0.000560        -0.00374         0.00559         0.00399   
                  (-1.26)          (0.81)         (-0.94)         (-0.12)         (-0.80)          (1.42)          (1.09)   

cedpi95dif~e      -0.0413          0.0135          0.0169          0.0306          0.0307          0.0547*         0.0488*  
                  (-1.46)          (0.42)          (0.57)          (1.34)          (1.29)          (2.25)          (2.48)   

tf03differ~e      -0.0226          0.0459          0.0734          0.0306        -0.00481          0.0523          0.0181   
                  (-0.57)          (1.19)          (1.58)          (0.93)         (-0.15)          (1.58)          (0.67)   

_cons            -0.00626        -0.00673         0.00439        -0.00556        -0.00668        -0.00303        -0.00608*  
                  (-1.43)         (-1.49)          (0.91)         (-1.54)         (-1.67)         (-1.01)         (-2.47)   
----------------------------------------------------------------------------------------------------------------------------
N                    1218            1218            1222            1222            1222            1222            1222   
R-sq                0.039           0.027           0.096           0.074           0.074           0.054           0.045   
----------------------------------------------------------------------------------------------------------------------------
t statistics in parentheses
* p<0.05, ** p<0.01, *** p<0.001
