FT, SB, PRI, CEDp, CEDc are all inversely ranked, but their "fixed" values are recorded here (-1*coeff value).

----------------------------------------------------------------------------------------------------------------------------
             _75_aginc_~e    _80_aginc_~e    _85_aginc_~e    _90_aginc_~e    _95_aginc_~e    _00_aginc_~e    _05_aginc_~e   
----------------------------------------------------------------------------------------------------------------------------
gt80differ~e      -0.0247           0.0162           0.0114           0.0700***        0.0430*        -0.00163          -0.0196
                  (-0.90)          (0.61)          (0.34)          (3.60)          (2.26)         (-0.07)         (-0.59)   
R-sq                0.001           0.001           0.000           0.017           0.006           0.000           0.001   
gt81differ~e      -0.0113        -0.000572           0.0164           0.0170*          0.0200***       0.00289          -0.0154
                  (-1.24)         (-0.09)          (1.47)          (2.36)          (3.41)          (0.51)         (-1.65)   
R-sq                0.003           0.000           0.006           0.009           0.012           0.000           0.007   
gt82differ~e      -0.0118          0.00804           0.0272*          0.0210*          0.0247**       -0.00344          -0.0201
                  (-0.90)          (0.92)          (2.01)          (2.04)          (2.76)         (-0.29)         (-1.94)   
R-sq                0.002           0.001           0.009           0.007           0.010           0.000           0.007   
gt83differ~e     -0.00453         -0.00337          0.00964           0.0219*          0.0151        -0.000864         -0.00969
                  (-0.48)         (-0.38)          (0.83)          (2.55)          (1.91)         (-0.10)         (-1.10)   
R-sq                0.000           0.000           0.002           0.011           0.005           0.000           0.002   
gt84differ~e     -0.00546       -0.0000622           0.0118           0.0237**         0.0179**        -0.0120          -0.0106
                  (-0.60)         (-0.01)          (1.22)          (3.05)          (2.87)         (-1.74)         (-1.14)   
R-sq                0.001           0.000           0.004           0.018           0.011           0.004           0.004   
gt85differ~e     -0.00415          0.00579           0.0153           0.0219**         0.0174**        -0.0104         -0.00639
                  (-0.46)          (0.89)          (1.61)          (3.02)          (3.14)         (-1.58)         (-0.51)   
R-sq                0.000           0.001           0.006           0.017           0.011           0.004           0.001   
gt86differ~e      -0.0170          0.00824           0.0201           0.0237**         0.0136*         -0.0108          -0.0106
                  (-1.54)          (0.94)          (1.83)          (2.99)          (2.23)         (-1.46)         (-0.73)   
R-sq                0.005           0.001           0.008           0.015           0.005           0.003           0.003   
ft75differ~e     0.00484         0.00361         -0.00107         0.00294         0.00937**       -0.00951**       -0.00810*
                  (-1.11)         (-1.04)          (0.29)         (-1.13)         (-3.32)          (2.93)          (2.34)   
R-sq                0.003           0.002           0.000           0.002           0.018           0.018           0.014   
sb00differ~e      0.0158         -0.00620          0.0231          0.0129          0.0217          -0.0185         -0.00366
                  (-1.04)          (0.33)         (-1.45)         (-0.84)         (-1.57)          (0.97)          (0.23)   
R-sq                0.002           0.000           0.004           0.002           0.005           0.003           0.000   
sb01differ~e      0.0187         -0.00816          0.0261          0.0191          0.0269          -0.0244          -0.0106
                  (-1.23)          (0.42)         (-1.45)         (-1.17)         (-1.79)          (1.21)          (0.64)   
R-sq                0.002           0.000           0.005           0.004           0.007           0.005           0.001   
sb02differ~e      0.0116         -0.00951          0.0212          0.0182          0.0189          -0.0176          -0.0106
                  (-0.97)          (0.63)         (-1.51)         (-1.43)         (-1.43)          (1.05)          (0.82)   
R-sq                0.001           0.001           0.005           0.005           0.005           0.004           0.002   
sb03differ~e      0.0113         -0.00966          0.0214          0.0191          0.0191          -0.0166         -0.00803
                  (-0.97)          (0.63)         (-1.52)         (-1.49)         (-1.41)          (0.97)          (0.60)   
R-sq                0.001           0.001           0.005           0.005           0.005           0.004           0.001   
sb04differ~e      0.0118          -0.0174          0.0235          0.0313*         0.0210          -0.0173         -0.00731
                  (-0.95)          (0.95)         (-1.42)         (-2.19)         (-1.32)          (0.88)          (0.49)   
R-sq                0.001           0.002           0.005           0.011           0.005           0.003           0.001   
ne99differ~e      -0.0192          0.00939           0.0248          0.00984           0.0113       -0.0000180          -0.0181
                  (-1.42)          (0.78)          (1.89)          (0.88)          (1.31)         (-0.00)         (-1.55)   
R-sq                0.004           0.001           0.007           0.002           0.002           0.000           0.005   
ne02differ~e      -0.0324          0.00291           0.0425*          0.0118           0.0163          0.00432          -0.0344*
                  (-1.72)          (0.19)          (2.36)          (0.73)          (1.32)          (0.25)         (-1.99)   
R-sq                0.006           0.000           0.011           0.001           0.002           0.000           0.010   
bh01differ~e      -0.0150           0.0168         -0.00251          0.00413           0.0433***       0.00978          -0.0315
                  (-0.82)          (0.73)         (-0.10)          (0.19)          (3.88)          (0.53)         (-1.80)   
R-sq                0.001           0.001           0.000           0.000           0.014           0.001           0.008   
bh02differ~e      -0.0238           0.0170         -0.00556          0.00612           0.0360**        0.00756          -0.0325
                  (-1.34)          (0.71)         (-0.24)          (0.29)          (2.87)          (0.43)         (-1.82)   
R-sq                0.003           0.001           0.000           0.000           0.010           0.000           0.008   
bh03differ~e     -0.00282          0.00418          -0.0251        -0.000679           0.0398**         0.0161          -0.0281
                  (-0.12)          (0.16)         (-0.90)         (-0.03)          (3.32)          (0.88)         (-1.55)   
R-sq                0.000           0.000           0.003           0.000           0.010           0.002           0.005   
bh04differ~e      -0.0187         -0.00563           0.0103           0.0155           0.0375**       -0.00562          -0.0218
                  (-0.88)         (-0.26)          (0.43)          (0.80)          (3.00)         (-0.33)         (-1.25)   
R-sq                0.002           0.000           0.001           0.002           0.010           0.000           0.003   
frng04diff~e     -0.00338          0.00598          -0.0290          -0.0357*         -0.0238          0.00926           0.0250
                  (-0.16)          (0.29)         (-1.31)         (-2.30)         (-1.76)          (0.50)          (1.47)   
R-sq                0.000           0.000           0.005           0.010           0.004           0.001           0.005   
frsg04diff~e      0.00395          0.00389          -0.0366          -0.0447**        -0.0307          0.00794           0.0437*
                   (0.20)          (0.16)         (-1.80)         (-2.78)         (-1.86)          (0.40)          (2.52)   
R-sq                0.000           0.000           0.007           0.014           0.007           0.000           0.014   
pri99diffe~e      0.0218          -0.0280          -0.0178          0.0460*         0.0503          -0.0119          -0.0518**
                  (-0.90)          (1.29)          (0.58)         (-2.29)         (-1.98)          (0.45)          (2.63)   
R-sq                0.001           0.002           0.001           0.007           0.009           0.000           0.010   
pri04diffe~e     0.00148          -0.0275*        -0.00505          0.0471**        0.0216         -0.00675          -0.0401*
                  (-0.09)          (2.01)          (0.27)         (-3.02)         (-1.15)          (0.35)          (2.50)   
R-sq                0.000           0.003           0.000           0.016           0.003           0.000           0.012   
cedp87diff~e     -0.00263         -0.00258         0.00350         -0.00566         -0.00492        -0.000181         0.00502
                   (0.66)          (0.73)         (-0.92)          (1.74)          (1.51)          (0.04)         (-1.65)   
R-sq                0.001           0.001           0.001           0.005           0.003           0.000           0.004   
cedp88diff~e     -0.00531         -0.00509         0.00304         0.00208         0.00356        0.000901         -0.00264
                   (1.43)          (1.40)         (-0.74)         (-0.55)         (-0.98)         (-0.23)          (0.63)   
R-sq                0.003           0.002           0.001           0.001           0.002           0.000           0.001   
cedp89diff~e     -0.00396        0.000932         0.00425         -0.00965**       -0.00365         -0.00152         0.00699*
                   (1.00)         (-0.26)         (-1.16)          (3.05)          (1.17)          (0.33)         (-2.46)   
R-sq                0.002           0.000           0.002           0.014           0.002           0.000           0.007   
cedp90diff~e    -0.000785       0.0000895         -0.00573          -0.0101**       -0.00487        -0.000405         0.00417
                   (0.22)         (-0.03)          (1.59)          (2.89)          (1.32)          (0.12)         (-1.00)   
R-sq                0.000           0.000           0.004           0.015           0.004           0.000           0.003   
cedp91diff~e     -0.00295         -0.00204        -0.000747         -0.00699*        -0.00210         -0.00153        0.000565
                   (0.99)          (0.61)          (0.22)          (2.48)          (0.64)          (0.50)         (-0.18)   
R-sq                0.001           0.001           0.000           0.010           0.001           0.000           0.000   
cedc87diff~e     -0.00754         0.00656         0.00893*        -0.00489         0.00240        -0.000218         -0.00329
                   (1.91)         (-1.84)         (-2.30)          (1.24)         (-0.72)          (0.04)          (0.84)   
R-sq                0.005           0.003           0.007           0.003           0.001           0.000           0.001   
cedc88diff~e     -0.00181         0.00407         0.00737*        0.00160         0.00195         -0.00140         -0.00389
                   (0.55)         (-1.08)         (-2.09)         (-0.47)         (-0.83)          (0.42)          (1.35)   
R-sq                0.000           0.002           0.009           0.001           0.001           0.000           0.003   
cedc89diff~e     -0.00152         0.00356         0.00786*        0.00161        0.000971         -0.00158         -0.00206
                   (0.47)         (-0.95)         (-2.27)         (-0.47)         (-0.40)          (0.48)          (0.65)   
R-sq                0.000           0.002           0.010           0.001           0.000           0.000           0.001   
cedc90diff~e     0.00219         0.00160         0.00524         0.00205         0.00386         -0.00556         -0.00419
                  (-0.64)         (-0.57)         (-1.52)         (-0.58)         (-1.43)          (1.75)          (1.36)   
R-sq                0.001           0.000           0.004           0.001           0.003           0.005           0.003   
cedc91diff~e     0.00352         -0.00132         0.00386         0.00222         0.00320         -0.00447        -0.000732
                  (-1.07)          (0.41)         (-1.10)         (-0.61)         (-1.31)          (1.57)          (0.24)   
R-sq                0.002           0.000           0.002           0.001           0.002           0.004           0.000   
cedc92diff~e     0.00188        0.000792         0.00349        0.000855         0.00270         -0.00334         -0.00306
                  (-0.56)         (-0.25)         (-0.92)         (-0.26)         (-1.11)          (1.08)          (0.96)   
R-sq                0.001           0.000           0.002           0.000           0.002           0.002           0.002   
cedc93diff~e     0.00298        0.000289         0.00245         0.00223        0.000958         -0.00153         -0.00194
                  (-0.84)         (-0.08)         (-0.67)         (-0.62)         (-0.39)          (0.45)          (0.62)   
R-sq                0.001           0.000           0.001           0.001           0.000           0.000           0.001   
cedc94diff~e    0.000802         0.00167         0.00370         0.00451        -0.000248         -0.00180         -0.00454
                  (-0.23)         (-0.52)         (-1.06)         (-1.23)          (0.10)          (0.59)          (1.45)   
R-sq                0.000           0.000           0.002           0.004           0.000           0.001           0.004   
cedc95diff~e    0.000102         0.00294         0.00228         0.00368         0.00134         -0.00257         -0.00629*
                  (-0.03)         (-1.00)         (-0.68)         (-1.08)         (-0.55)          (0.86)          (2.12)   
R-sq                0.000           0.001           0.001           0.003           0.000           0.001           0.009   
cedc96diff~e    0.000404        0.000147         0.00358         0.00428         0.00103         -0.00104         -0.00349
                  (-0.12)         (-0.04)         (-1.03)         (-1.18)         (-0.45)          (0.33)          (1.02)   
R-sq                0.000           0.000           0.002           0.004           0.000           0.000           0.003   
cedpi88dif~e      -0.0186          0.00393         -0.00473          -0.0170          -0.0129           0.0225           0.0263
                  (-1.16)          (0.21)         (-0.25)         (-1.02)         (-0.75)          (0.93)          (1.51)   
R-sq                0.002           0.000           0.000           0.002           0.001           0.003           0.005   
cedpi89dif~e     -0.00155       -0.0000802         -0.00919         -0.00742          -0.0115          0.00273           0.0276*
                  (-0.17)         (-0.01)         (-1.04)         (-1.07)         (-1.34)          (0.27)          (2.13)   
R-sq                0.000           0.000           0.002           0.001           0.004           0.000           0.021   
cedpi90dif~e     -0.00190         -0.00650         -0.00827         -0.00836          -0.0128          0.00707           0.0249*
                  (-0.19)         (-0.64)         (-0.88)         (-1.04)         (-1.30)          (0.61)          (2.04)   
R-sq                0.000           0.001           0.001           0.002           0.004           0.001           0.015   
cedpi91dif~e   -0.0000880         -0.00604          -0.0102         -0.00735         -0.00940          0.00335           0.0235
                  (-0.01)         (-0.60)         (-1.08)         (-0.98)         (-0.97)          (0.31)          (1.91)   
R-sq                0.000           0.001           0.002           0.001           0.002           0.000           0.013   
cedpi92dif~e      0.00426         -0.00347          -0.0159          -0.0103          -0.0119          0.00610           0.0254*
                   (0.41)         (-0.34)         (-1.61)         (-1.27)         (-1.26)          (0.56)          (2.25)   
R-sq                0.000           0.000           0.004           0.002           0.003           0.001           0.015   
cedpi93dif~e      -0.0182          0.00129          -0.0132         -0.00641          -0.0220           0.0206           0.0164
                  (-1.39)          (0.07)         (-0.81)         (-0.45)         (-1.66)          (1.06)          (1.15)   
R-sq                0.003           0.000           0.001           0.000           0.005           0.004           0.003   
cedpi94dif~e      -0.0125          0.00623         -0.00893         -0.00599          -0.0277*          0.0212           0.0213
                  (-0.93)          (0.39)         (-0.59)         (-0.47)         (-2.03)          (1.13)          (1.37)   
R-sq                0.001           0.000           0.001           0.000           0.009           0.005           0.006   
cedpi95dif~e     -0.00980          0.00243         -0.00615         -0.00585          -0.0262           0.0180           0.0257
                  (-0.74)          (0.16)         (-0.42)         (-0.47)         (-1.94)          (1.00)          (1.71)   
R-sq                0.001           0.000           0.000           0.000           0.008           0.004           0.009   
cedpi96dif~e      -0.0116        -0.000401        -0.000589         -0.00778          -0.0272*          0.0176           0.0298
                  (-0.86)         (-0.03)         (-0.04)         (-0.62)         (-2.09)          (1.00)          (1.98)   
R-sq                0.001           0.000           0.000           0.001           0.009           0.004           0.011   
tf03differ~e      0.00115         -0.00861           0.0269           0.0287           0.0361*         -0.0101          -0.0591**
                   (0.06)         (-0.40)          (1.40)          (1.64)          (2.00)         (-0.46)         (-2.83)   
R-sq                0.000           0.000           0.004           0.006           0.009           0.001           0.026   
tf04differ~e    -0.000886          -0.0109           0.0253           0.0296           0.0358         -0.00603          -0.0630**
                  (-0.05)         (-0.51)          (1.32)          (1.71)          (1.92)         (-0.28)         (-2.93)   
R-sq                0.000           0.001           0.003           0.006           0.009           0.000           0.028   
