FT, SB, PRI, CEDp, CEDc are all inversely ranked, but their "fixed" values are recorded here (-1*coeff value).

----------------------------------------------------------------------------------------------------------------------------
             _75_aginc_~e    _80_aginc_~e    _85_aginc_~e    _90_aginc_~e    _95_aginc_~e    _00_aginc_~e    _05_aginc_~e   
----------------------------------------------------------------------------------------------------------------------------
gt80differ~e      -0.0521           0.0155            0.118          -0.0541           0.0200           0.0218           0.0478
                  (-1.01)          (0.23)          (1.58)         (-1.44)          (0.43)          (0.41)          (1.29)   
R-sq                0.002           0.000           0.010           0.003           0.000           0.000           0.004   
gt81differ~e      -0.0127           0.0128         -0.00986          -0.0164         0.000200         -0.00157           0.0219
                  (-0.58)          (0.60)         (-0.43)         (-1.20)          (0.01)         (-0.07)          (1.77)   
R-sq                0.001           0.001           0.001           0.002           0.000           0.000           0.007   
gt82differ~e     -0.00865           0.0222         -0.00439           0.0126         -0.00360          0.00771           0.0263
                  (-0.35)          (0.87)         (-0.17)          (0.60)         (-0.17)          (0.28)          (1.49)   
R-sq                0.000           0.002           0.000           0.001           0.000           0.000           0.005   
gt83differ~e      -0.0189           0.0162           0.0214           0.0193         0.000945           0.0104           0.0311
                  (-0.99)          (0.75)          (0.88)          (1.26)          (0.05)          (0.48)          (1.98)   
R-sq                0.002           0.001           0.002           0.002           0.000           0.001           0.010   
gt84differ~e      -0.0166         -0.00485           0.0553*          0.0124          0.00265           0.0111           0.0252
                  (-0.97)         (-0.26)          (2.07)          (0.97)          (0.19)          (0.67)          (1.83)   
R-sq                0.002           0.000           0.020           0.001           0.000           0.001           0.009   
gt85differ~e      -0.0109         0.000197           0.0506           0.0109           0.0105           0.0279*          0.0280*
                  (-0.68)          (0.01)          (1.79)          (0.98)          (0.93)          (2.33)          (2.06)   
R-sq                0.001           0.000           0.018           0.001           0.001           0.008           0.012   
gt86differ~e      0.00721           0.0128           0.0729*        -0.00570          0.00744           0.0215           0.0231
                   (0.36)          (0.57)          (2.31)         (-0.50)          (0.47)          (1.12)          (1.44)   
R-sq                0.000           0.001           0.028           0.000           0.000           0.004           0.006   
ft75differ~e      -0.0102        -0.000127         0.00521         0.00737         -0.00217         -0.00930        0.000916
                   (1.07)          (0.02)         (-0.52)         (-1.77)          (0.37)          (1.57)         (-0.19)   
R-sq                0.005           0.000           0.001           0.003           0.000           0.005           0.000   
sb00differ~e      -0.0277          -0.0109         0.00791          0.0638*       -0.000132        0.000712          0.0311
                   (0.73)          (0.28)         (-0.21)         (-2.33)          (0.01)         (-0.03)         (-1.32)   
R-sq                0.002           0.000           0.000           0.012           0.000           0.000           0.005   
sb01differ~e      -0.0270          -0.0225         0.00373          0.0629*        0.00526          0.0150          0.0466*
                   (0.68)          (0.54)         (-0.09)         (-2.14)         (-0.21)         (-0.52)         (-2.01)   
R-sq                0.002           0.001           0.000           0.011           0.000           0.001           0.010   
sb02differ~e      -0.0316          -0.0340         0.00168          0.0526         -0.00126          0.0164          0.0415*
                   (1.01)          (0.98)         (-0.05)         (-1.95)          (0.06)         (-0.70)         (-2.18)   
R-sq                0.003           0.003           0.000           0.011           0.000           0.001           0.011   
sb03differ~e      -0.0331          -0.0327         0.00358          0.0532       0.0000501          0.0177          0.0465*
                   (1.06)          (0.92)         (-0.11)         (-1.92)         (-0.00)         (-0.75)         (-2.47)   
R-sq                0.003           0.003           0.000           0.011           0.000           0.001           0.013   
sb04differ~e      -0.0425          -0.0218          0.0239          0.0501         0.00572          0.0162          0.0497*
                   (1.21)          (0.51)         (-0.60)         (-1.51)         (-0.25)         (-0.64)         (-2.28)   
R-sq                0.004           0.001           0.001           0.008           0.000           0.001           0.012   
ne99differ~e       0.0170          0.00592          -0.0117        -0.000995           0.0186           0.0266           0.0129
                   (0.73)          (0.20)         (-0.38)         (-0.06)          (0.85)          (1.30)          (0.87)   
R-sq                0.001           0.000           0.000           0.000           0.002           0.003           0.001   
ne02differ~e       0.0253           0.0227          -0.0125           0.0210           0.0691**         0.0435          0.00835
                   (0.68)          (0.55)         (-0.30)          (0.86)          (2.69)          (1.53)          (0.36)   
R-sq                0.001           0.001           0.000           0.001           0.012           0.004           0.000   
bh01differ~e       0.0196           0.0739          -0.0164          0.00736           0.0202           0.0115          0.00636
                   (0.57)          (1.85)         (-0.36)          (0.32)          (0.61)          (0.33)          (0.27)   
R-sq                0.001           0.008           0.000           0.000           0.001           0.000           0.000   
bh02differ~e      0.00846           0.0553         -0.00926         -0.00362           0.0323         -0.00191          -0.0135
                   (0.25)          (1.37)         (-0.20)         (-0.15)          (1.03)         (-0.06)         (-0.60)   
R-sq                0.000           0.004           0.000           0.000           0.002           0.000           0.001   
bh03differ~e       0.0161           0.0817          -0.0438           0.0285           0.0272           0.0259           0.0322
                   (0.45)          (1.80)         (-0.78)          (1.11)          (0.76)          (0.71)          (1.24)   
R-sq                0.000           0.008           0.003           0.001           0.002           0.001           0.003   
bh04differ~e       0.0537            0.139**         0.0243         -0.00148           0.0455           0.0341          0.00655
                   (1.46)          (3.31)          (0.59)         (-0.06)          (1.44)          (0.98)          (0.24)   
R-sq                0.004           0.026           0.001           0.000           0.005           0.002           0.000   
frng04diff~e       0.0454         -0.00859           0.0664          -0.0648         -0.00386          -0.0145          -0.0307
                   (1.13)         (-0.19)          (1.30)         (-1.96)         (-0.16)         (-0.50)         (-1.28)   
R-sq                0.003           0.000           0.007           0.009           0.000           0.000           0.003   
frsg04diff~e       0.0582           0.0353           0.0203          -0.0636          0.00601         -0.00751          -0.0243
                   (1.39)          (0.81)          (0.35)         (-1.58)          (0.21)         (-0.24)         (-0.96)   
R-sq                0.005           0.002           0.001           0.008           0.000           0.000           0.002   
pri99diffe~e      -0.0956         -0.00204          0.0205          0.0439          -0.0145          -0.0596          0.0218
                   (1.88)          (0.03)         (-0.33)         (-1.29)          (0.37)          (1.18)         (-0.72)   
R-sq                0.007           0.000           0.000           0.002           0.000           0.004           0.001   
pri04diffe~e      -0.0950*       0.000535          -0.0235         -0.00324         0.00699          -0.0597         0.00156
                   (2.20)         (-0.01)          (0.53)          (0.13)         (-0.23)          (1.60)         (-0.06)   
R-sq                0.014           0.000           0.001           0.000           0.000           0.008           0.000   
cedp87diff~e     0.00510         -0.00291        0.000755         -0.00235         0.00550         -0.00930          -0.0124
                  (-0.65)          (0.30)         (-0.07)          (0.35)         (-0.77)          (1.37)          (1.90)   
R-sq                0.001           0.000           0.000           0.000           0.001           0.004           0.010   
cedp88diff~e     -0.00939          -0.0114        0.000540          -0.0162*        -0.00557          -0.0155*         -0.0102
                   (0.89)          (0.97)         (-0.05)          (2.40)          (0.73)          (2.22)          (1.62)   
R-sq                0.002           0.003           0.000           0.010           0.001           0.009           0.006   
cedp89diff~e     0.00610         -0.00680        -0.000437         -0.00399          0.0110         0.00897         -0.00405
                  (-0.82)          (0.77)          (0.04)          (0.64)         (-1.44)         (-1.32)          (0.67)   
R-sq                0.001           0.001           0.000           0.001           0.006           0.003           0.001   
cedp90diff~e     -0.00680          -0.0106         -0.00631         -0.00910         0.00145        -0.000495         -0.00657
                   (0.85)          (1.32)          (0.65)          (1.22)         (-0.19)          (0.08)          (1.19)   
R-sq                0.001           0.003           0.001           0.004           0.000           0.000           0.003   
cedp91diff~e     -0.00358         -0.00245         0.00491         -0.00750         0.00986         -0.00996         -0.00991*
                   (0.58)          (0.32)         (-0.52)          (0.87)         (-1.21)          (1.72)          (2.30)   
R-sq                0.001           0.000           0.001           0.003           0.006           0.006           0.009   
cedc87diff~e      0.0151         0.00218         -0.00100         0.00689          0.0208***       0.0154         -0.00116
                  (-1.67)         (-0.24)          (0.09)         (-1.07)         (-3.46)         (-1.94)          (0.19)   
R-sq                0.006           0.000           0.000           0.002           0.017           0.008           0.000   
cedc88diff~e      0.0106         0.00767         -0.00172         0.00435          0.0128*        0.00706         -0.00258
                  (-1.75)         (-0.90)          (0.22)         (-0.75)         (-2.04)         (-1.53)          (0.69)   
R-sq                0.005           0.002           0.000           0.001           0.011           0.003           0.001   
cedc89diff~e      0.0113         0.00768        -0.000357         0.00370          0.0122         0.00834         -0.00399
                  (-1.84)         (-0.89)          (0.05)         (-0.65)         (-1.95)         (-1.67)          (1.06)   
R-sq                0.005           0.002           0.000           0.001           0.010           0.004           0.001   
cedc90diff~e     0.00584         0.00226         -0.00545         0.00866          0.0114          0.0105         0.00230
                  (-1.05)         (-0.27)          (0.71)         (-1.27)         (-1.66)         (-1.83)         (-0.57)   
R-sq                0.001           0.000           0.001           0.004           0.008           0.006           0.000   
cedc91diff~e     0.00620         0.00250         -0.00288         0.00927          0.0105         0.00807        0.000898
                  (-1.15)         (-0.30)          (0.36)         (-1.44)         (-1.60)         (-1.57)         (-0.22)   
R-sq                0.002           0.000           0.000           0.005           0.007           0.004           0.000   
cedc92diff~e     0.00814        0.000882         -0.00188         0.00731          0.0101          0.0117*        -0.00103
                  (-1.37)         (-0.11)          (0.24)         (-1.35)         (-1.60)         (-2.03)          (0.30)   
R-sq                0.003           0.000           0.000           0.003           0.007           0.009           0.000   
cedc93diff~e     0.00880         0.00817         -0.00348         0.00670         0.00910          0.0100        -0.000852
                  (-1.43)         (-0.82)          (0.42)         (-1.17)         (-1.39)         (-1.77)          (0.23)   
R-sq                0.003           0.003           0.000           0.002           0.005           0.006           0.000   
cedc94diff~e      0.0105         0.00641        -0.000710         0.00494          0.0122*         0.0132*        -0.00242
                  (-1.68)         (-0.74)          (0.09)         (-0.93)         (-2.05)         (-2.13)          (0.61)   
R-sq                0.005           0.002           0.000           0.001           0.010           0.010           0.001   
cedc95diff~e     0.00813       0.0000205         -0.00345         0.00636          0.0116*        0.00972         -0.00207
                  (-1.40)         (-0.00)          (0.46)         (-1.14)         (-2.06)         (-1.68)          (0.56)   
R-sq                0.003           0.000           0.001           0.002           0.010           0.006           0.000   
cedc96diff~e     0.00953         0.00799        -0.000855         0.00699          0.0102          0.0121*        -0.00239
                  (-1.54)         (-0.89)          (0.10)         (-1.27)         (-1.70)         (-2.21)          (0.59)   
R-sq                0.004           0.002           0.000           0.003           0.007           0.009           0.001   
cedpi88dif~e   -0.0000383           0.0700           0.0229          -0.0727*         0.00980          -0.0521          -0.0785**
                  (-0.00)          (1.45)          (0.47)         (-2.01)          (0.30)         (-1.56)         (-3.21)   
R-sq                0.000           0.006           0.001           0.010           0.000           0.005           0.018   
cedpi89dif~e      0.00478           0.0226           0.0188          -0.0308           0.0176          -0.0192          -0.0249
                   (0.20)          (1.02)          (0.67)         (-1.69)          (1.25)         (-1.11)         (-1.89)   
R-sq                0.000           0.003           0.002           0.007           0.003           0.003           0.007   
cedpi90dif~e       0.0113           0.0154           0.0187          -0.0354           0.0168          -0.0214          -0.0287*
                   (0.48)          (0.62)          (0.60)         (-1.65)          (1.05)         (-1.17)         (-2.03)   
R-sq                0.001           0.001           0.002           0.008           0.002           0.003           0.009   
cedpi91dif~e      0.00929           0.0190          0.00268          -0.0433           0.0159          -0.0257          -0.0232
                   (0.40)          (0.78)          (0.09)         (-1.97)          (0.99)         (-1.44)         (-1.70)   
R-sq                0.000           0.002           0.000           0.012           0.002           0.005           0.006   
cedpi92dif~e      0.00608           0.0177         -0.00889          -0.0374           0.0137          -0.0243          -0.0134
                   (0.26)          (0.79)         (-0.30)         (-1.84)          (0.83)         (-1.26)         (-0.96)   
R-sq                0.000           0.001           0.000           0.009           0.001           0.004           0.002   
cedpi93dif~e       0.0323           0.0288           0.0526          -0.0620*         0.00956          -0.0114          -0.0590***
                   (0.93)          (0.69)          (1.28)         (-2.47)          (0.39)         (-0.40)         (-3.44)   
R-sq                0.002           0.002           0.006           0.012           0.000           0.000           0.017   
cedpi94dif~e       0.0379           0.0223           0.0373          -0.0625*          0.0152          -0.0141          -0.0472*
                   (1.06)          (0.55)          (0.88)         (-2.50)          (0.64)         (-0.51)         (-2.57)   
R-sq                0.004           0.001           0.003           0.013           0.001           0.001           0.012   
cedpi95dif~e       0.0392           0.0174           0.0345          -0.0589*         0.00736          -0.0194          -0.0417*
                   (1.11)          (0.45)          (0.82)         (-2.30)          (0.32)         (-0.71)         (-2.29)   
R-sq                0.004           0.001           0.003           0.012           0.000           0.001           0.010   
cedpi96dif~e       0.0371           0.0185           0.0366          -0.0573*         0.00549          -0.0206          -0.0453*
                   (1.07)          (0.49)          (0.89)         (-2.25)          (0.24)         (-0.74)         (-2.48)   
R-sq                0.004           0.001           0.003           0.011           0.000           0.002           0.011   
tf03differ~e      -0.0507          -0.0274          -0.0380           0.0532           0.0161           0.0116           0.0450
                  (-0.97)         (-0.59)         (-0.75)          (1.58)          (0.51)          (0.34)          (1.59)   
R-sq                0.004           0.001           0.002           0.006           0.001           0.000           0.007   
tf04differ~e      -0.0461          -0.0215          -0.0364           0.0584           0.0281           0.0154           0.0491
                  (-0.90)         (-0.44)         (-0.72)          (1.71)          (0.87)          (0.47)          (1.73)   
R-sq                0.003           0.001           0.002           0.007           0.002           0.000           0.007   
