----------------------------------------------------------------------------
                      (1)             (2)             (3)             (4)   
             aginc_pred~t    nfincome_p~t    percapinc_~t     pop_predict   
----------------------------------------------------------------------------
lngt80diff~e        0.227**        0.0195          0.0643          0.0223   
                   (2.73)          (0.42)          (1.60)          (0.86)   
R-sq                0.144           0.020           0.280           0.180   
lngt81diff~e       0.0343          0.0169        -0.00225          0.0159** 
                   (1.82)          (1.68)         (-0.22)          (2.96)   
R-sq                0.068           0.009           0.145           0.186   
lngt82diff~e        0.124***       0.0704***       0.0632**        0.0141   
                   (5.64)          (4.81)          (3.08)          (1.52)   
R-sq                0.127           0.043           0.175           0.089   
lngt83diff~e       0.0619**        0.0655***       0.0210          0.0299***
                   (2.75)          (5.88)          (1.58)          (3.72)   
R-sq                0.076           0.090           0.079           0.136   
lngt84diff~e       0.0336          0.0495***      0.00196          0.0310***
                   (1.58)          (3.80)          (0.16)          (3.70)   
R-sq                0.050           0.071           0.084           0.156   
lngt85diff~e       0.0261          0.0362**      -0.00147          0.0297** 
                   (1.56)          (2.71)         (-0.15)          (3.10)   
R-sq                0.037           0.037           0.021           0.155   
lngt86diff~e       0.0593*         0.0665***       0.0124          0.0366** 
                   (2.22)          (4.84)          (0.94)          (3.29)   
R-sq                0.057           0.102           0.080           0.225   
lnft75diff~e      0.00932        -0.00119         0.00453        -0.00238   
                   (0.67)         (-0.25)          (0.48)         (-1.09)   
R-sq                0.039           0.070           0.230           0.215   
lnsb00diff~e       0.0781**       -0.0445          0.0378*        -0.0212** 
                   (2.84)         (-1.79)          (2.22)         (-2.63)   
R-sq                0.023           0.153           0.049           0.394   
lnsb01diff~e       0.0308         -0.0646**        0.0186         -0.0355***
                   (1.06)         (-2.85)          (0.88)         (-4.15)   
R-sq                0.018           0.170           0.043           0.389   
lnsb02diff~e     -0.00782         -0.0708***    -0.000559         -0.0320***
                  (-0.37)         (-4.35)         (-0.04)         (-3.80)   
R-sq                0.024           0.128           0.061           0.450   
lnsb03diff~e     -0.00301         -0.0498**        0.0139         -0.0335** 
                  (-0.13)         (-2.95)          (1.02)         (-3.27)   
R-sq                0.018           0.074           0.035           0.482   
lnsb04diff~e      0.00134         0.00587          0.0561**       -0.0343** 
                   (0.03)          (0.31)          (2.69)         (-3.38)   
R-sq                0.010           0.039           0.070           0.431   
lnne99diff~e      0.00831         -0.0105         0.00175         0.00127   
                   (0.37)         (-0.81)          (0.11)          (0.19)   
R-sq                0.013           0.157           0.001           0.474   
lnne02diff~e      -0.0400         -0.0407         -0.0333         -0.0271** 
                  (-1.54)         (-1.77)         (-1.71)         (-2.90)   
R-sq                0.028           0.086           0.068           0.439   
lnbh01diff~e       0.0223         -0.0390*         0.0137        -0.00847   
                   (0.86)         (-2.03)          (0.65)         (-0.87)   
R-sq                0.016           0.148           0.041           0.374   
lnbh02diff~e     -0.00623         -0.0216         0.00738         -0.0246*  
                  (-0.19)         (-0.92)          (0.34)         (-2.26)   
R-sq                0.024           0.078           0.061           0.437   
lnbh03diff~e      -0.0183         -0.0190        -0.00572         -0.0176   
                  (-0.94)         (-0.73)         (-0.35)         (-1.17)   
R-sq                0.018           0.054           0.033           0.464   
lnbh04diff~e       0.0301          0.0264          0.0450*        -0.0196   
                   (1.08)          (1.26)          (2.13)         (-1.63)   
R-sq                0.012           0.042           0.057           0.415   
lnfrng04di~e      0.00711          0.0165          0.0654*        -0.0164   
                   (0.17)          (0.75)          (2.25)         (-1.29)   
R-sq                0.010           0.040           0.070           0.415   
lnfrsg04di~e       0.0348          0.0277          0.0885**       -0.0190   
                   (0.71)          (1.16)          (3.03)         (-1.48)   
R-sq                0.012           0.043           0.083           0.415   
lnpri99dif~e       0.0869         0.00796          0.0501          0.0184   
                   (1.89)          (0.26)          (1.83)          (1.02)   
R-sq                0.020           0.156           0.008           0.475   
lnpri04dif~e       0.0162          0.0308          0.0379         -0.0104   
                   (0.54)          (1.61)          (1.75)         (-1.20)   
R-sq                0.010           0.044           0.055           0.413   
lncedp87di~e       0.0250*         0.0117*         0.0166**       0.00137   
                   (2.31)          (2.55)          (3.18)          (0.54)   
R-sq                0.027           0.157           0.070           0.293   
lncedp88di~e       0.0148         0.00353         0.00654         0.00396   
                   (1.45)          (0.81)          (1.27)          (1.69)   
R-sq                0.011           0.150           0.033           0.423   
lncedp89di~e       0.0357**        0.0108*         0.0202**       0.00850***
                   (2.71)          (2.05)          (2.74)          (3.78)   
R-sq                0.043           0.154           0.062           0.349   
lncedp90di~e       0.0411***       0.0157**        0.0172**       0.00987***
                   (4.17)          (2.91)          (3.35)          (4.22)   
R-sq                0.053           0.127           0.053           0.293   
lncedp91di~e      0.00917          0.0116**       0.00380          0.0101***
                   (1.42)          (2.63)          (1.08)          (4.26)   
R-sq                0.005           0.153           0.037           0.335   
lncedc87di~e       0.0165          0.0100         0.00881        -0.00154   
                   (1.49)          (1.67)          (1.52)         (-0.48)   
R-sq                0.010           0.153           0.046           0.293   
lncedc88di~e       0.0194       -0.000491          0.0107*       -0.00247   
                   (1.80)         (-0.13)          (2.04)         (-1.35)   
R-sq                0.024           0.149           0.047           0.422   
lncedc89di~e       0.0257*        0.00173          0.0165*      -0.000139   
                   (2.11)          (0.47)          (2.57)         (-0.06)   
R-sq                0.032           0.144           0.060           0.337   
lncedc90di~e       0.0145        -0.00604         0.00581        -0.00247   
                   (1.17)         (-1.42)          (1.09)         (-0.93)   
R-sq                0.008           0.109           0.026           0.277   
lncedc91di~e     -0.00725        -0.00862*       -0.00160        -0.00286   
                  (-0.94)         (-2.16)         (-0.42)         (-1.02)   
R-sq                0.004           0.146           0.036           0.312   
lncedc92di~e     -0.00102        -0.00942*        0.00139        -0.00125   
                  (-0.14)         (-2.13)          (0.41)         (-0.41)   
R-sq                0.026           0.182           0.016           0.271   
lncedc93di~e      -0.0197*       -0.00515        -0.00659        -0.00127   
                  (-2.26)         (-1.62)         (-1.59)         (-0.46)   
R-sq                0.032           0.219           0.024           0.394   
lncedc94di~e      -0.0261**      -0.00686*        -0.0116**      -0.00146   
                  (-3.28)         (-2.02)         (-2.96)         (-0.62)   
R-sq                0.041           0.229           0.054           0.398   
lncedc95di~e      -0.0250**      -0.00283        -0.00863*       -0.00200   
                  (-3.07)         (-0.96)         (-2.44)         (-0.97)   
R-sq                0.034           0.304           0.029           0.460   
lncedc96di~e      -0.0187*       -0.00364         -0.0107**    -0.0000916   
                  (-2.26)         (-0.95)         (-2.96)         (-0.04)   
R-sq                0.019           0.267           0.050           0.476   
lncedpi88d~e       -0.114*        -0.0254         -0.0594*        0.00293   
                  (-2.04)         (-1.02)         (-2.18)          (0.26)   
R-sq                0.025           0.152           0.046           0.421   
lncedpi89d~e      -0.0517         -0.0100         -0.0244        -0.00910   
                  (-1.36)         (-0.71)         (-1.07)         (-1.24)   
R-sq                0.018           0.145           0.034           0.340   
lncedpi90d~e      -0.0903**       -0.0224         -0.0430*        -0.0155   
                  (-2.69)         (-1.44)         (-2.43)         (-1.94)   
R-sq                0.040           0.112           0.053           0.283   
lncedpi91d~e     -0.00856         -0.0156        -0.00286         -0.0131   
                  (-0.31)         (-1.21)         (-0.19)         (-1.75)   
R-sq                0.002           0.141           0.035           0.315   
lncedpi92d~e      -0.0179         0.00678        -0.00344        -0.00620   
                  (-0.95)          (0.58)         (-0.30)         (-0.81)   
R-sq                0.028           0.171           0.016           0.271   
lncedpi93d~e     -0.00217         -0.0108         0.00264        -0.00733   
                  (-0.05)         (-0.62)          (0.13)         (-0.55)   
R-sq                0.012           0.217           0.017           0.395   
lncedpi94d~e      -0.0239        -0.00228        -0.00780         -0.0148   
                  (-0.69)         (-0.13)         (-0.40)         (-1.51)   
R-sq                0.003           0.222           0.031           0.401   
lncedpi95d~e       0.0542*         0.0182          0.0270         0.00190   
                   (2.02)          (1.11)          (1.68)          (0.24)   
R-sq                0.009           0.306           0.024           0.459   
lncedpi96d~e       0.0248          0.0176          0.0308         0.00675   
                   (0.72)          (1.12)          (1.63)          (0.78)   
R-sq                0.006           0.268           0.042           0.476   
lntf03diff~e      -0.0335          0.0131         -0.0485**        0.0251   
                  (-1.08)          (0.61)         (-2.98)          (1.75)   
R-sq                0.020           0.053           0.045           0.467   
lntf04diff~e      -0.0814         -0.0354          -0.115***       0.0302** 
                  (-1.67)         (-1.68)         (-4.01)          (2.83)   
R-sq                0.023           0.046           0.107           0.421   
