----------------------------------------------------------------------------
                      (1)             (2)             (3)             (4)   
             avwage_pre~t    output_pre~t    wagebill_p~t    wageemp_pr~t   
----------------------------------------------------------------------------
lngt80diff~e       0.0104         -0.0214          0.0277          0.0277   
                   (0.39)         (-0.86)          (0.28)          (0.43)   
R-sq                0.051           0.038           0.001           0.049   
lngt81diff~e     -0.00167         -0.0104          0.0104        -0.00546   
                  (-0.19)         (-1.16)          (0.26)         (-0.21)   
R-sq                0.120           0.088           0.014           0.001   
lngt82diff~e       0.0222*       -0.00660          0.0142         -0.0317   
                   (2.35)         (-0.41)          (0.31)         (-0.95)   
R-sq                0.070           0.078           0.024           0.006   
lngt83diff~e       0.0163          0.0125          0.0334          0.0101   
                   (1.72)          (1.33)          (0.98)          (0.41)   
R-sq                0.061           0.078           0.007           0.017   
lngt84diff~e       0.0112         0.00539          0.0554          0.0488   
                   (1.31)          (0.66)          (1.50)          (1.78)   
R-sq                0.044           0.036           0.013           0.029   
lngt85diff~e       0.0163          0.0129          0.0623          0.0506   
                   (1.77)          (1.53)          (1.61)          (1.83)   
R-sq                0.031           0.024           0.017           0.027   
lngt86diff~e       0.0267**        0.0387***       0.0746**        0.0549*  
                   (2.84)          (3.58)          (2.65)          (2.55)   
R-sq                0.035           0.058           0.035           0.040   
lnft75diff~e     -0.00562        -0.00487       0.0000296         0.00990   
                  (-1.23)         (-0.97)          (0.00)          (1.05)   
R-sq                0.021           0.005           0.003           0.027   
lnsb00diff~e       0.0125         0.00120        0.000790       -0.000748   
                   (0.70)          (0.05)          (0.02)         (-0.03)   
R-sq                0.074           0.054           0.024           0.065   
lnsb01diff~e     -0.00107        -0.00966         -0.0201        -0.00939   
                  (-0.06)         (-0.42)         (-0.64)         (-0.37)   
R-sq                0.019           0.007           0.054           0.075   
lnsb02diff~e      0.00432         -0.0118         -0.0627*        -0.0391*  
                   (0.29)         (-0.81)         (-2.42)         (-2.04)   
R-sq                0.016           0.009           0.062           0.086   
lnsb03diff~e      0.00837        -0.00264         -0.0952***      -0.0546** 
                   (0.57)         (-0.16)         (-3.77)         (-2.97)   
R-sq                0.002           0.004           0.061           0.108   
lnsb04diff~e       0.0325          0.0160         -0.0488         -0.0460*  
                   (1.80)          (0.77)         (-1.64)         (-2.29)   
R-sq                0.011           0.002           0.074           0.126   
lnne99diff~e      0.00683        -0.00573          0.0299          0.0242   
                   (0.70)         (-0.36)          (1.14)          (1.30)   
R-sq                0.073           0.051           0.021           0.050   
lnne02diff~e      -0.0171         -0.0256         0.00578         -0.0133   
                  (-1.00)         (-1.36)          (0.15)         (-0.52)   
R-sq                0.018           0.012           0.051           0.080   
lnbh01diff~e     -0.00724        -0.00863          0.0332          0.0224   
                  (-0.43)         (-0.36)          (0.93)          (0.81)   
R-sq                0.020           0.006           0.055           0.076   
lnbh02diff~e    -0.000469        -0.00854          0.0162         0.00874   
                  (-0.03)         (-0.52)          (0.50)          (0.34)   
R-sq                0.016           0.007           0.052           0.079   
lnbh03diff~e     -0.00603         0.00269          0.0925*         0.0303   
                  (-0.33)          (0.13)          (2.61)          (1.24)   
R-sq                0.001           0.004           0.048           0.097   
lnbh04diff~e     -0.00477         0.00792          0.0241          0.0107   
                  (-0.31)          (0.48)          (0.63)          (0.44)   
R-sq                0.000           0.001           0.070           0.118   
lnfrng04di~e       0.0289          0.0360         -0.0462         -0.0467*  
                   (1.48)          (1.72)         (-1.42)         (-2.28)   
R-sq                0.007           0.006           0.072           0.124   
lnfrsg04di~e       0.0409          0.0509*        -0.0419         -0.0439   
                   (1.81)          (2.08)         (-1.09)         (-1.87)   
R-sq                0.012           0.011           0.071           0.123   
lnpri99dif~e       0.0180          0.0345          0.0980          0.0854   
                   (0.91)          (1.03)          (1.78)          (1.84)   
R-sq                0.073           0.053           0.026           0.056   
lnpri04dif~e       0.0438*         0.0299        -0.00524         -0.0229   
                   (2.52)          (1.28)         (-0.13)         (-0.91)   
R-sq                0.014           0.004           0.069           0.119   
lncedp87di~e     -0.00555       -0.000855         0.00634          0.0106   
                  (-1.48)         (-0.20)          (0.66)          (1.67)   
R-sq                0.021           0.039           0.044           0.054   
lncedp88di~e     -0.00813*       -0.00882*         0.0124          0.0151*  
                  (-2.18)         (-2.11)          (1.37)          (2.25)   
R-sq                0.009           0.009           0.028           0.058   
lncedp89di~e      0.00546         0.00938**       0.00880         0.00384   
                   (1.73)          (3.10)          (1.11)          (0.61)   
R-sq                0.008           0.025           0.025           0.038   
lncedp90di~e      0.00997**        0.0142***       0.0146         0.00798   
                   (2.84)          (3.98)          (1.49)          (1.12)   
R-sq                0.016           0.029           0.037           0.047   
lncedp91di~e      0.00588         0.00931**       0.00792        0.000758   
                   (1.79)          (3.03)          (0.74)          (0.10)   
R-sq                0.009           0.016           0.083           0.079   
lncedc87di~e     -0.00470        -0.00245        -0.00794        -0.00556   
                  (-1.13)         (-0.52)         (-0.80)         (-0.75)   
R-sq                0.020           0.040           0.044           0.050   
lncedc88di~e     -0.00307       -0.000877        0.000346        -0.00143   
                  (-0.78)         (-0.31)          (0.05)         (-0.26)   
R-sq                0.003           0.001           0.025           0.050   
lncedc89di~e     0.000738         0.00355         0.00277        -0.00420   
                   (0.20)          (1.16)          (0.43)         (-0.81)   
R-sq                0.004           0.016           0.023           0.039   
lncedc90di~e     -0.00192        0.000907        -0.00588        -0.00965   
                  (-0.55)          (0.24)         (-0.93)         (-1.62)   
R-sq                0.002           0.001           0.032           0.049   
lncedc91di~e     -0.00320        -0.00182        -0.00901         -0.0107   
                  (-1.13)         (-0.69)         (-1.36)         (-1.90)   
R-sq                0.004           0.001           0.084           0.086   
lncedc92di~e      0.00117         0.00112        -0.00994         -0.0125*  
                   (0.45)          (0.41)         (-1.93)         (-2.57)   
R-sq                0.001           0.002           0.106           0.094   
lncedc93di~e     -0.00139     -0.00000560        -0.00916         -0.0107*  
                  (-0.49)         (-0.00)         (-1.82)         (-2.21)   
R-sq                0.004           0.002           0.102           0.092   
lncedc94di~e     0.000463        -0.00183        -0.00789        -0.00533   
                   (0.18)         (-0.44)         (-1.35)         (-1.04)   
R-sq                0.001           0.015           0.091           0.082   
lncedc95di~e     -0.00137       0.0000801         -0.0109*       -0.00996   
                  (-0.56)          (0.02)         (-2.23)         (-1.97)   
R-sq                0.000           0.002           0.106           0.089   
lncedc96di~e      0.00180         0.00187        -0.00613         -0.0104   
                   (0.52)          (0.48)         (-0.84)         (-1.79)   
R-sq                0.001           0.000           0.075           0.066   
lncedpi88d~e    -0.000605         -0.0117          -0.104*         -0.111** 
                  (-0.04)         (-0.71)         (-2.28)         (-3.24)   
R-sq                0.001           0.002           0.038           0.072   
lncedpi89d~e    -0.000656         0.00253         -0.0580*        -0.0470*  
                  (-0.09)          (0.29)         (-2.21)         (-2.41)   
R-sq                0.004           0.013           0.039           0.054   
lncedpi90d~e     -0.00816         -0.0110         -0.0551         -0.0388   
                  (-1.01)         (-1.20)         (-1.81)         (-1.72)   
R-sq                0.002           0.004           0.044           0.054   
lncedpi91d~e     -0.00373         -0.0115         -0.0352         -0.0273   
                  (-0.40)         (-1.14)         (-1.45)         (-1.33)   
R-sq                0.002           0.003           0.086           0.084   
lncedpi92d~e      -0.0125         -0.0171         -0.0131       -0.000382   
                  (-1.13)         (-1.53)         (-0.64)         (-0.02)   
R-sq                0.004           0.008           0.102           0.085   
lncedpi93d~e      -0.0301*        -0.0412*        0.00278         0.00933   
                  (-2.18)         (-2.40)          (0.12)          (0.40)   
R-sq                0.014           0.016           0.099           0.086   
lncedpi94d~e      -0.0545**       -0.0640**       0.00518          0.0235   
                  (-3.35)         (-3.27)          (0.16)          (1.00)   
R-sq                0.036           0.043           0.089           0.082   
lncedpi95d~e      -0.0262         -0.0216          0.0199          0.0234   
                  (-1.96)         (-1.12)          (0.86)          (1.10)   
R-sq                0.009           0.006           0.102           0.084   
lncedpi96d~e     -0.00143        -0.00198        -0.00192         0.00971   
                  (-0.09)         (-0.12)         (-0.06)          (0.38)   
R-sq                0.001           0.000           0.073           0.059   
lntf03diff~e      -0.0411*        -0.0389           0.103*         0.0731** 
                  (-2.07)         (-1.73)          (2.60)          (2.81)   
R-sq                0.014           0.011           0.052           0.107   
lntf04diff~e      -0.0619**       -0.0686*         0.0670          0.0575*  
                  (-2.64)         (-2.49)          (1.49)          (2.04)   
R-sq                0.026           0.019           0.075           0.126   
