
. use "C:\Documents and Settings\pfo\My Documents\research\borders\border_sub.dta" 


. sum

    Variable |       Obs        Mean    Std. Dev.       Min        Max
-------------+--------------------------------------------------------
     sub_pop |      1256    79725.58    211637.8        819    5376741
     copr_id |      1256    2.22e+10    1.25e+10   1.00e+09   5.12e+10
     stpr_id |      1256    22134.52    12518.92       1012      51054
    copr_id2 |      1256    2.22e+07    1.25e+07    1003012   5.12e+07
   stfip_sub |      1256    22.09554    12.51149          1         51
-------------+--------------------------------------------------------
   sub_perim |      1256     2.54488    1.529171     .01348   11.77667
   stfip_nbr |      1256     38.9793     12.1788          6         56
   cofip_nbr |      1256    39069.88    12173.83       6025      56045
     nbr_pop |      1256    89729.14    205293.9         67    1709434
    nbr_area |      1256    1260.296     2019.44   12.89891    20052.5
-------------+--------------------------------------------------------
       river |      1256    .2547771    .4359094          0          1
      bridge |      1256    .0995223    .2994812          0          1
      corner |      1256    .0254777    .1576337          0          1
     brd_len |      1256    .3119473     .285759          0    2.93569
   brd_sttot |      1256    4.861616    2.643269          0   13.49512
-------------+--------------------------------------------------------
   brd_stpct |      1256    .0851911    .1017113          0          1
   brd_cotot |      1256    .6609087    .4640526          0    3.22094
   brd_copct |      1256    .5246815    .3355332          0          1
   cofip_sub |      1256    22169.77    12511.73       1003      51185
    sub_area |      1256     1257.04    2076.375   46.68758    20052.5
-------------+--------------------------------------------------------
    areaname |         0
       state |         0
       emp70 |      1243    28995.59    103562.2        202    2809256
       emp80 |      1243    34649.95    112921.8        395    2913465
       emp90 |      1246    40999.68    128264.6        438    3134631
-------------+--------------------------------------------------------
       emp00 |      1246    47279.46    139339.9        414    3351990
        ws70 |      1243    176030.6    790600.6        813   2.16e+07
        ws80 |      1243    422755.3     1700407       1884   4.46e+07
        ws90 |      1246    836320.1     3271573       2032   7.76e+07
        ws00 |      1246     1402025     5361919       2762   1.25e+08
-------------+--------------------------------------------------------
     wsemp70 |      1243    25145.58    95825.12        175    2605554
     wsemp80 |      1243    29846.12    102991.4        239    2674513
     wsemp90 |      1246    34734.63    114142.1        164    2803731
     wsemp00 |      1246    39577.64    121455.1        168    2921941
     wsemp92 |      1246     34247.1    109734.5        158    2687878
-------------+--------------------------------------------------------
     wsemp97 |      1246    37343.28    115803.3        182    2854480
     wsemp02 |      1246    39198.48      118462        167    2786548
        ws92 |      1246    900485.5     3491275       1849   8.25e+07
        ws97 |      1246     1149046     4353861       2271   1.04e+08
        ws02 |      1246     1466858     5492463       3025   1.23e+08
-------------+--------------------------------------------------------
    nfprop70 |      1243    2984.484    8138.344         26     203171
    nfprop80 |      1243    4004.639    10393.86         29     238478
    nfprop90 |      1246    5573.469    14851.75         28     330604
    nfprop92 |      1246    5778.571    15287.85         30     331453
    nfprop00 |      1246    7029.617    18519.08         47     429813
-------------+--------------------------------------------------------
    nfprop97 |      1246    6579.464    16779.66         51     373559
    nfprop02 |      1246    7602.024    20706.02         54     480275
       pop70 |      1243    64683.99      199664        508    5497493
       pop80 |      1243    69065.47    194107.4        777    5248878
       pop90 |      1246    72702.29    197963.8        699    5109524
-------------+--------------------------------------------------------
       pop92 |      1246    74262.83    201599.8        744    5199839
       pop97 |      1246    77997.27    208245.4        855    5322117
       pop00 |      1246    80123.68    212800.7        824    5377152
       pop02 |      1246    81428.61    215033.3        764    5367180
      lemp70 |      1235    33660.85    136455.4        102    2765285
-------------+--------------------------------------------------------
      lemp80 |      1235    38810.59    129308.6        132    2464689
      lemp90 |      1236    45627.08    144621.5         95    2658809
      lemp00 |      1236    53441.66    158902.4         98    2777386
       lws70 |      1235    210242.9     1129176        298   2.46e+07
       lws80 |      1235      480278     2097988       1862   4.42e+07
-------------+--------------------------------------------------------
       lws90 |      1236    941670.9     4495967        402   9.84e+07
       lws00 |      1236     1613047     8172875       2209   1.84e+08
    lwsemp70 |      1235    29585.57      129382         71    2663067
    lwsemp80 |      1235    33801.67    120889.7        105    2353355
    lwsemp90 |      1236    39190.79    132299.8         25    2484601
-------------+--------------------------------------------------------
    lwsemp00 |      1236    45294.38    142624.7         50    2554796
    lwsemp92 |      1236    38581.28    124911.1         29    2281755
    lwsemp97 |      1236    42507.75    132426.4         39    2352867
    lwsemp02 |      1236    44679.17    137889.4         28    2409972
       lws92 |      1236     1016148     4811507        637   1.05e+08
-------------+--------------------------------------------------------
       lws97 |      1236     1310434     6211584       1475   1.37e+08
       lws02 |      1236     1657984     7855181        500   1.73e+08
   lnfprop70 |      1233    3193.646    8061.137         26     102218
   lnfprop80 |      1233    4232.946    9487.179         29     111334
   lnfprop90 |      1236    5737.259    13383.19         37     174208
-------------+--------------------------------------------------------
   lnfprop92 |      1236    5976.888    13978.43         33     180299
   lnfprop00 |      1236    7448.246    17520.96         26     222590
   lnfprop97 |      1236    6952.381     16068.2         42     211657
   lnfprop02 |      1236    7913.543     18821.9         31     241402
      lpop70 |      1235    68348.34    176100.4        151    1946646
-------------+--------------------------------------------------------
      lpop80 |      1235    73499.83    169604.9         90    1685434
      lpop90 |      1236    78858.24    182209.5        105    1584293
      lpop92 |      1236    80701.16    186130.9        127    1575597
      lpop97 |      1236    85168.24    194396.5         78    1618438
      lpop00 |      1236       87743    201304.9         65    1718928
-------------+--------------------------------------------------------
      lpop02 |      1236    89331.36      206260         64    1806450
      lnTE70 |      1222     -.01604    1.360122  -4.740934   5.330205
      lnTE80 |      1222   -.0146339    1.397819  -4.731895   5.418287
      lnTE90 |      1226   -.0290716    1.454207  -4.884299   5.665114
      lnTE00 |      1226   -.0403141    1.481654  -5.042375   5.671604
-------------+--------------------------------------------------------
      lnWB70 |      1222   -.0322109    1.627854   -5.66279   5.916464
      lnWB80 |      1222   -.0377257    1.641553   -5.69376   5.319743
      lnWB90 |      1226   -.0402926    1.695998  -5.588643   6.950548
      lnWB00 |      1226   -.0585637    1.719784  -5.608556   5.785375
      lnWB92 |      1226   -.0432737    1.700539  -5.655948   6.560617
-------------+--------------------------------------------------------
      lnWB97 |      1226   -.0509053    1.703612  -5.552646   5.922102
      lnWB02 |      1226   -.0616405    1.732336  -5.681015   7.176319
    lnPROP02 |      1226   -.0192396    1.365061  -5.199826   5.081204
    lnPROP00 |      1226   -.0224404    1.361801  -5.267748   5.218483
    lnPROP97 |      1226   -.0257822    1.331028  -5.128506   4.767856
-------------+--------------------------------------------------------
    lnPROP92 |      1226   -.0144787    1.347444  -5.452325   4.762262
    lnPROP90 |      1226   -.0151301     1.34188  -5.484649   4.785465
    lnPROP80 |      1220    .0124733    1.293487  -4.623112   5.029221
    lnPROP70 |      1220      .03661      1.2388   -4.45918   5.128704
     lnPOP70 |      1222    .0047857    1.265308  -4.010677   5.795413
-------------+--------------------------------------------------------
     lnPOP80 |      1222   -.0094709    1.279489  -4.316315   6.446548
     lnPOP90 |      1226   -.0293548    1.323791  -4.634049   6.270286
     lnPOP00 |      1226    -.041669    1.348805  -4.596749   6.743987
     lnPOP02 |      1226   -.0440242    1.358012  -4.688426   6.767289
     lnPOP92 |      1226   -.0300407    1.330277  -4.650602   6.096215
-------------+--------------------------------------------------------
     lnPOP97 |      1226   -.0375778    1.340812  -4.542772   6.584047
  lnwsemp_70 |      1222   -.0313692    1.482965  -5.189073    5.51428
  lnwsemp_80 |      1222   -.0286381    1.506786  -5.193582   5.506338
  lnwsemp_90 |      1226   -.0362514    1.565444   -5.13742   6.745425
  lnwsemp_00 |      1226    -.046639    1.597641  -5.574528   6.134309
-------------+--------------------------------------------------------
  lnwsemp_02 |      1226    -.052527     1.60578  -5.606924    6.74574
  lnwsemp_92 |      1226   -.0363192    1.568931  -5.119876   6.611948
  lnwsemp_97 |      1226   -.0406919    1.582724  -5.428092   6.380905

. 
